{
    "Live":  18260959.7727273,
    "Minute":  18260959.7727273,
    "Minute_Fluctuation":  0,
    "Minute_5":  18260959.7727273,
    "Minute_5_Fluctuation":  0,
    "Minute_10":  18260959.7727273,
    "Minute_10_Fluctuation":  0,
    "Hour":  18260959.7727273,
    "Hour_Fluctuation":  0,
    "Day":  18260959.7727273,
    "Day_Fluctuation":  0,
    "ThreeDay":  18260959.7727273,
    "ThreeDay_Fluctuation":  0,
    "Week":  18260959.7727273,
    "Week_Fluctuation":  0,
    "Duration":  "00:00:33.8247820",
    "Updated":  "\/Date(1640161955381)\/",
    "Failed":  0,
    "PowerDraw_Live":  93,
    "PowerDraw_Average":  93,
    "Diff_Live":  0,
    "Diff_Average":  0,
    "Ratio_Live":  0,
    "Benchmarked":  "\/Date(1640161868469)\/",
    "LogFile":  "TTminer-GPU#00-33300_2021-12-22_14-01-08.txt"
}
