{
    "Live":  20560882.3529412,
    "Minute":  20560882.3529412,
    "Minute_Fluctuation":  0,
    "Minute_5":  20560882.3529412,
    "Minute_5_Fluctuation":  0,
    "Minute_10":  20560882.3529412,
    "Minute_10_Fluctuation":  0,
    "Hour":  20560882.3529412,
    "Hour_Fluctuation":  0,
    "Day":  20560882.3529412,
    "Day_Fluctuation":  0,
    "ThreeDay":  20560882.3529412,
    "ThreeDay_Fluctuation":  0,
    "Week":  20560882.3529412,
    "Week_Fluctuation":  0,
    "Duration":  "00:00:25.7439294",
    "Updated":  "\/Date(1640099884934)\/",
    "Failed":  0,
    "PowerDraw_Live":  87,
    "PowerDraw_Average":  87,
    "Diff_Live":  0,
    "Diff_Average":  0,
    "Ratio_Live":  0,
    "Benchmarked":  "\/Date(1640099725763)\/",
    "LogFile":  "lolminer-GPU#00-31700_2021-12-21_20-45-25.txt"
}
