{
    "Live":  175699984.675,
    "Minute":  176487944.634623,
    "Minute_Fluctuation":  0.0075108844374950287,
    "Minute_5":  177017279.033392,
    "Minute_5_Fluctuation":  0.0091718324924089829,
    "Minute_10":  177653572.381077,
    "Minute_10_Fluctuation":  0.015336903996370593,
    "Hour":  178392313.217959,
    "Hour_Fluctuation":  0.021343914258478393,
    "Day":  178392313.217959,
    "Day_Fluctuation":  0.021343914258478397,
    "ThreeDay":  178392313.217959,
    "ThreeDay_Fluctuation":  0.021343914258478393,
    "Week":  178392313.217959,
    "Week_Fluctuation":  0.021343914258478397,
    "Duration":  "00:27:52.9984260",
    "Updated":  "\/Date(1640180448814)\/",
    "Failed":  30,
    "PowerDraw_Live":  85,
    "PowerDraw_Average":  83.867252088168485,
    "Diff_Live":  1406498525,
    "Diff_Average":  1204860005.82722,
    "Ratio_Live":  0.0112,
    "Benchmarked":  "\/Date(1640104342948)\/",
    "LogFile":  "WildRig-GPU#00-40700_2021-12-22_19-18-19.txt"
}
