{
    "Live":  1986.15384615385,
    "Minute":  1986.15384615385,
    "Minute_Fluctuation":  0,
    "Minute_5":  1986.15384615385,
    "Minute_5_Fluctuation":  0,
    "Minute_10":  1986.15384615385,
    "Minute_10_Fluctuation":  0,
    "Hour":  1986.15384615385,
    "Hour_Fluctuation":  0,
    "Day":  1986.15384615385,
    "Day_Fluctuation":  0,
    "ThreeDay":  1986.15384615385,
    "ThreeDay_Fluctuation":  0,
    "Week":  1986.15384615385,
    "Week_Fluctuation":  0,
    "Duration":  "00:00:24.6993085",
    "Updated":  "\/Date(1640105658238)\/",
    "Failed":  0,
    "PowerDraw_Live":  89,
    "PowerDraw_Average":  89,
    "Diff_Live":  0.000772769230769231,
    "Diff_Average":  0.000772769230769231,
    "Ratio_Live":  0.1429,
    "Benchmarked":  "\/Date(1640105568951)\/",
    "LogFile":  "CcminerLyra2z330-GPU#00-13800_2021-12-21_22-22-48.txt"
}
