{
    "Live":  20637825.6190476,
    "Minute":  20637825.6190476,
    "Minute_Fluctuation":  0,
    "Minute_5":  20637825.6190476,
    "Minute_5_Fluctuation":  0,
    "Minute_10":  20637825.6190476,
    "Minute_10_Fluctuation":  0,
    "Hour":  20637825.6190476,
    "Hour_Fluctuation":  0,
    "Day":  20637825.6190476,
    "Day_Fluctuation":  0,
    "ThreeDay":  20637825.6190476,
    "ThreeDay_Fluctuation":  0,
    "Week":  20637825.6190476,
    "Week_Fluctuation":  0,
    "Duration":  "00:00:23.5484314",
    "Updated":  "\/Date(1640108627012)\/",
    "Failed":  0,
    "PowerDraw_Live":  87,
    "PowerDraw_Average":  87,
    "Diff_Live":  0,
    "Diff_Average":  0,
    "Ratio_Live":  0,
    "Benchmarked":  "\/Date(1640108536726)\/",
    "LogFile":  "TTminer-GPU#00-33300_2021-12-21_23-12-16.txt"
}
