{
    "Live":  36.1013043478261,
    "Minute":  36.1013043478261,
    "Minute_Fluctuation":  0,
    "Minute_5":  36.1013043478261,
    "Minute_5_Fluctuation":  0,
    "Minute_10":  36.1013043478261,
    "Minute_10_Fluctuation":  0,
    "Hour":  36.1013043478261,
    "Hour_Fluctuation":  0,
    "Day":  36.1013043478261,
    "Day_Fluctuation":  0,
    "ThreeDay":  36.1013043478261,
    "ThreeDay_Fluctuation":  0,
    "Week":  36.1013043478261,
    "Week_Fluctuation":  0,
    "Duration":  "00:00:26.7492504",
    "Updated":  "\/Date(1640100479309)\/",
    "Failed":  0,
    "PowerDraw_Live":  86,
    "PowerDraw_Average":  86,
    "Diff_Live":  0,
    "Diff_Average":  0,
    "Ratio_Live":  0,
    "Benchmarked":  "\/Date(1640100327357)\/",
    "LogFile":  "MiniZ-GPU#00-33000_2021-12-21_20-55-27.txt"
}
