{
    "Live":  19.7347826086956,
    "Minute":  19.7347826086956,
    "Minute_Fluctuation":  0,
    "Minute_5":  19.7347826086956,
    "Minute_5_Fluctuation":  0,
    "Minute_10":  19.7347826086956,
    "Minute_10_Fluctuation":  0,
    "Hour":  19.7347826086956,
    "Hour_Fluctuation":  0,
    "Day":  19.7347826086956,
    "Day_Fluctuation":  0,
    "ThreeDay":  19.7347826086956,
    "ThreeDay_Fluctuation":  0,
    "Week":  19.7347826086956,
    "Week_Fluctuation":  0,
    "Duration":  "00:00:24.6718342",
    "Updated":  "\/Date(1640101335993)\/",
    "Failed":  0,
    "PowerDraw_Live":  79,
    "PowerDraw_Average":  79,
    "Diff_Live":  0,
    "Diff_Average":  0,
    "Ratio_Live":  0,
    "Benchmarked":  "\/Date(1640101248438)\/",
    "LogFile":  "Gminer-GPU#00-32900_2021-12-21_21-10-48.txt"
}
