{
    "Live":  20689425,
    "Minute":  20950818.8255171,
    "Minute_Fluctuation":  0.027261025297283678,
    "Minute_5":  20950818.8255171,
    "Minute_5_Fluctuation":  0.027261025297283678,
    "Minute_10":  20950818.8255171,
    "Minute_10_Fluctuation":  0.027261025297283678,
    "Hour":  20950818.8255171,
    "Hour_Fluctuation":  0.027261025297283678,
    "Day":  20950818.8255171,
    "Day_Fluctuation":  0.027261025297283678,
    "ThreeDay":  20950818.8255171,
    "ThreeDay_Fluctuation":  0.027261025297283678,
    "Week":  20950818.8255171,
    "Week_Fluctuation":  0.027261025297283678,
    "Duration":  "00:01:23.9859867",
    "Updated":  "\/Date(1640177858049)\/",
    "Failed":  30,
    "PowerDraw_Live":  84,
    "PowerDraw_Average":  84.494440340836888,
    "Diff_Live":  8730000000,
    "Diff_Average":  10736333775.3464,
    "Ratio_Live":  0,
    "Benchmarked":  "\/Date(1640096000025)\/",
    "LogFile":  "Trex-GPU#00-31600_2021-12-22_22-11-52.txt"
}
