{
    "Live":  27135109.7142857,
    "Minute":  27135109.7142857,
    "Minute_Fluctuation":  0,
    "Minute_5":  27135109.7142857,
    "Minute_5_Fluctuation":  0,
    "Minute_10":  27135109.7142857,
    "Minute_10_Fluctuation":  0,
    "Hour":  27135109.7142857,
    "Hour_Fluctuation":  0,
    "Day":  27135109.7142857,
    "Day_Fluctuation":  0,
    "ThreeDay":  27135109.7142857,
    "ThreeDay_Fluctuation":  0,
    "Week":  27135109.7142857,
    "Week_Fluctuation":  0,
    "Duration":  "00:00:28.7312379",
    "Updated":  "\/Date(1640164149598)\/",
    "Failed":  0,
    "PowerDraw_Live":  55,
    "PowerDraw_Average":  55,
    "Diff_Live":  1024,
    "Diff_Average":  1024,
    "Ratio_Live":  0,
    "Benchmarked":  "\/Date(1640164118326)\/",
    "LogFile":  "Trex19-GPU#00-31900_2021-12-22_14-38-38.txt"
}
