{
    "Live":  10382189.1136364,
    "Minute":  10382189.1136364,
    "Minute_Fluctuation":  0,
    "Minute_5":  10382189.1136364,
    "Minute_5_Fluctuation":  0,
    "Minute_10":  10382189.1136364,
    "Minute_10_Fluctuation":  0,
    "Hour":  10382189.1136364,
    "Hour_Fluctuation":  0,
    "Day":  10382189.1136364,
    "Day_Fluctuation":  0,
    "ThreeDay":  10382189.1136364,
    "ThreeDay_Fluctuation":  0,
    "Week":  10382189.1136364,
    "Week_Fluctuation":  0,
    "Duration":  "00:00:24.6944145",
    "Updated":  "\/Date(1640100285325)\/",
    "Failed":  0,
    "PowerDraw_Live":  83,
    "PowerDraw_Average":  83,
    "Diff_Live":  12.727272727272727,
    "Diff_Average":  12.727272727272727,
    "Ratio_Live":  0,
    "Benchmarked":  "\/Date(1640100131389)\/",
    "LogFile":  "Trex19-GPU#00-31900_2021-12-21_20-52-11.txt"
}
