{
    "Live":  45273520,
    "Minute":  45273520,
    "Minute_Fluctuation":  0,
    "Minute_5":  45273520,
    "Minute_5_Fluctuation":  0,
    "Minute_10":  45273520,
    "Minute_10_Fluctuation":  0,
    "Hour":  45273520,
    "Hour_Fluctuation":  0,
    "Day":  45273520,
    "Day_Fluctuation":  0,
    "ThreeDay":  45273520,
    "ThreeDay_Fluctuation":  0,
    "Week":  45273520,
    "Week_Fluctuation":  0,
    "Duration":  "00:00:26.9132600",
    "Updated":  "\/Date(1640104560618)\/",
    "Failed":  0,
    "PowerDraw_Live":  76,
    "PowerDraw_Average":  76,
    "Diff_Live":  34707.398704000021,
    "Diff_Average":  34707.398704000021,
    "Ratio_Live":  0,
    "Benchmarked":  "\/Date(1640104471954)\/",
    "LogFile":  "Suprminer-GPU#00-10700_2021-12-21_22-04-31.txt"
}
