{
    "Live":  20.2090909090909,
    "Minute":  20.2090909090909,
    "Minute_Fluctuation":  0,
    "Minute_5":  20.2090909090909,
    "Minute_5_Fluctuation":  0,
    "Minute_10":  20.2090909090909,
    "Minute_10_Fluctuation":  0,
    "Hour":  20.2090909090909,
    "Hour_Fluctuation":  0,
    "Day":  20.2090909090909,
    "Day_Fluctuation":  0,
    "ThreeDay":  20.2090909090909,
    "ThreeDay_Fluctuation":  0,
    "Week":  20.2090909090909,
    "Week_Fluctuation":  0,
    "Duration":  "00:00:25.8458924",
    "Updated":  "\/Date(1640099483632)\/",
    "Failed":  0,
    "PowerDraw_Live":  87,
    "PowerDraw_Average":  87,
    "Diff_Live":  0,
    "Diff_Average":  0,
    "Ratio_Live":  0,
    "Benchmarked":  "\/Date(1640099331300)\/",
    "LogFile":  "MiniZ-GPU#00-33000_2021-12-21_20-38-51.txt"
}
