{
    "Live":  365.651578947368,
    "Minute":  365.651578947368,
    "Minute_Fluctuation":  0,
    "Minute_5":  365.651578947368,
    "Minute_5_Fluctuation":  0,
    "Minute_10":  365.651578947368,
    "Minute_10_Fluctuation":  0,
    "Hour":  365.651578947368,
    "Hour_Fluctuation":  0,
    "Day":  365.651578947368,
    "Day_Fluctuation":  0,
    "ThreeDay":  365.651578947368,
    "ThreeDay_Fluctuation":  0,
    "Week":  365.651578947368,
    "Week_Fluctuation":  0,
    "Duration":  "00:00:24.7398709",
    "Updated":  "\/Date(1640102483484)\/",
    "Failed":  0,
    "PowerDraw_Live":  60,
    "PowerDraw_Average":  60,
    "Diff_Live":  20000,
    "Diff_Average":  20000,
    "Ratio_Live":  0,
    "Benchmarked":  "\/Date(1640102396206)\/",
    "LogFile":  "Xmrig-GPU#00-35000_2021-12-21_21-29-56.txt"
}
