{
    "Live":  18.9444444444444,
    "Minute":  18.9444444444444,
    "Minute_Fluctuation":  0,
    "Minute_5":  18.9444444444444,
    "Minute_5_Fluctuation":  0,
    "Minute_10":  18.9444444444444,
    "Minute_10_Fluctuation":  0,
    "Hour":  18.9444444444444,
    "Hour_Fluctuation":  0,
    "Day":  18.9444444444444,
    "Day_Fluctuation":  0,
    "ThreeDay":  18.9444444444444,
    "ThreeDay_Fluctuation":  0,
    "Week":  18.9444444444444,
    "Week_Fluctuation":  0,
    "Duration":  "00:00:24.8208746",
    "Updated":  "\/Date(1640101063703)\/",
    "Failed":  0,
    "PowerDraw_Live":  89,
    "PowerDraw_Average":  89,
    "Diff_Live":  0,
    "Diff_Average":  0,
    "Ratio_Live":  0,
    "Benchmarked":  "\/Date(1640100973912)\/",
    "LogFile":  "Gminer-GPU#00-32900_2021-12-21_21-06-13.txt"
}
