{
    "Live":  17184466.4705882,
    "Minute":  17184466.4705882,
    "Minute_Fluctuation":  0,
    "Minute_5":  17184466.4705882,
    "Minute_5_Fluctuation":  0,
    "Minute_10":  17184466.4705882,
    "Minute_10_Fluctuation":  0,
    "Hour":  17184466.4705882,
    "Hour_Fluctuation":  0,
    "Day":  17184466.4705882,
    "Day_Fluctuation":  0,
    "ThreeDay":  17184466.4705882,
    "ThreeDay_Fluctuation":  0,
    "Week":  17184466.4705882,
    "Week_Fluctuation":  0,
    "Duration":  "00:00:28.9220781",
    "Updated":  "\/Date(1640165497484)\/",
    "Failed":  0,
    "PowerDraw_Live":  92,
    "PowerDraw_Average":  92,
    "Diff_Live":  8,
    "Diff_Average":  8,
    "Ratio_Live":  0,
    "Benchmarked":  "\/Date(1640165466228)\/",
    "LogFile":  "CryptoDredge16-GPU#00-33800_2021-12-22_15-01-06.txt"
}
