{
    "Live":  53989894.8235294,
    "Minute":  53989894.8235294,
    "Minute_Fluctuation":  0,
    "Minute_5":  53989894.8235294,
    "Minute_5_Fluctuation":  0,
    "Minute_10":  53989894.8235294,
    "Minute_10_Fluctuation":  0,
    "Hour":  53989894.8235294,
    "Hour_Fluctuation":  0,
    "Day":  53989894.8235294,
    "Day_Fluctuation":  0,
    "ThreeDay":  53989894.8235294,
    "ThreeDay_Fluctuation":  0,
    "Week":  53989894.8235294,
    "Week_Fluctuation":  0,
    "Duration":  "00:00:28.9296112",
    "Updated":  "\/Date(1640164921832)\/",
    "Failed":  0,
    "PowerDraw_Live":  82,
    "PowerDraw_Average":  82,
    "Diff_Live":  2,
    "Diff_Average":  2,
    "Ratio_Live":  0,
    "Benchmarked":  "\/Date(1640164890492)\/",
    "LogFile":  "Trex19-GPU#00-31900_2021-12-22_14-51-30.txt"
}
