{
    "Live":  16749730.7058824,
    "Minute":  16749730.7058824,
    "Minute_Fluctuation":  0,
    "Minute_5":  16749730.7058824,
    "Minute_5_Fluctuation":  0,
    "Minute_10":  16749730.7058824,
    "Minute_10_Fluctuation":  0,
    "Hour":  16749730.7058824,
    "Hour_Fluctuation":  0,
    "Day":  16749730.7058824,
    "Day_Fluctuation":  0,
    "ThreeDay":  16749730.7058824,
    "ThreeDay_Fluctuation":  0,
    "Week":  16749730.7058824,
    "Week_Fluctuation":  0,
    "Duration":  "00:00:29.5648600",
    "Updated":  "\/Date(1640165891030)\/",
    "Failed":  0,
    "PowerDraw_Live":  93,
    "PowerDraw_Average":  93,
    "Diff_Live":  0.016000000000000007,
    "Diff_Average":  0.016000000000000007,
    "Ratio_Live":  0,
    "Benchmarked":  "\/Date(1640165858780)\/",
    "LogFile":  "Trex19-GPU#00-31900_2021-12-22_15-07-38.txt"
}
