{
    "Live":  7652063.42857143,
    "Minute":  7652063.42857143,
    "Minute_Fluctuation":  0,
    "Minute_5":  7652063.42857143,
    "Minute_5_Fluctuation":  0,
    "Minute_10":  7652063.42857143,
    "Minute_10_Fluctuation":  0,
    "Hour":  7652063.42857143,
    "Hour_Fluctuation":  0,
    "Day":  7652063.42857143,
    "Day_Fluctuation":  0,
    "ThreeDay":  7652063.42857143,
    "ThreeDay_Fluctuation":  0,
    "Week":  7652063.42857143,
    "Week_Fluctuation":  0,
    "Duration":  "00:00:23.7707948",
    "Updated":  "\/Date(1640099095244)\/",
    "Failed":  0,
    "PowerDraw_Live":  83,
    "PowerDraw_Average":  83,
    "Diff_Live":  2.9264285714285712,
    "Diff_Average":  2.9264285714285712,
    "Ratio_Live":  0,
    "Benchmarked":  "\/Date(1640098942099)\/",
    "LogFile":  "Trex19-GPU#00-31900_2021-12-21_20-32-22.txt"
}
