{
    "Live":  522564768.590909,
    "Minute":  522564768.590909,
    "Minute_Fluctuation":  0,
    "Minute_5":  522564768.590909,
    "Minute_5_Fluctuation":  0,
    "Minute_10":  522564768.590909,
    "Minute_10_Fluctuation":  0,
    "Hour":  522564768.590909,
    "Hour_Fluctuation":  0,
    "Day":  522564768.590909,
    "Day_Fluctuation":  0,
    "ThreeDay":  522564768.590909,
    "ThreeDay_Fluctuation":  0,
    "Week":  522564768.590909,
    "Week_Fluctuation":  0,
    "Duration":  "00:00:34.0051759",
    "Updated":  "\/Date(1640164667045)\/",
    "Failed":  0,
    "PowerDraw_Live":  92,
    "PowerDraw_Average":  92,
    "Diff_Live":  404035832,
    "Diff_Average":  404035832,
    "Ratio_Live":  0,
    "Benchmarked":  "\/Date(1640164572419)\/",
    "LogFile":  "WildRig-GPU#00-40700_2021-12-22_14-46-12.txt"
}
