{
    "Live":  10311.5224489796,
    "Minute":  10311.5224489796,
    "Minute_Fluctuation":  0,
    "Minute_5":  10311.5224489796,
    "Minute_5_Fluctuation":  0,
    "Minute_10":  10311.5224489796,
    "Minute_10_Fluctuation":  0,
    "Hour":  10311.5224489796,
    "Hour_Fluctuation":  0,
    "Day":  10311.5224489796,
    "Day_Fluctuation":  0,
    "ThreeDay":  10311.5224489796,
    "ThreeDay_Fluctuation":  0,
    "Week":  10311.5224489796,
    "Week_Fluctuation":  0,
    "Duration":  "00:00:27.9812928",
    "Updated":  "\/Date(1640098707389)\/",
    "Failed":  0,
    "PowerDraw_Live":  70,
    "PowerDraw_Average":  70,
    "Diff_Live":  0.18513310204081643,
    "Diff_Average":  0.18513310204081643,
    "Ratio_Live":  0,
    "Benchmarked":  "\/Date(1640098555157)\/",
    "LogFile":  "Multiminer-GPU#00-33900_2021-12-21_20-25-55.txt"
}
