{
    "Live":  39846415.556094,
    "Minute":  39846415.556094,
    "Minute_Fluctuation":  0,
    "Minute_5":  39846415.556094,
    "Minute_5_Fluctuation":  0,
    "Minute_10":  39846415.556094,
    "Minute_10_Fluctuation":  0,
    "Hour":  39846415.556094,
    "Hour_Fluctuation":  0,
    "Day":  39846415.556094,
    "Day_Fluctuation":  0,
    "ThreeDay":  39846415.556094,
    "ThreeDay_Fluctuation":  0,
    "Week":  39846415.556094,
    "Week_Fluctuation":  0,
    "Duration":  "00:00:25.7905813",
    "Updated":  "\/Date(1640106448170)\/",
    "Failed":  0,
    "PowerDraw_Live":  73,
    "PowerDraw_Average":  73,
    "Diff_Live":  8726000000,
    "Diff_Average":  8726000000,
    "Ratio_Live":  0,
    "Benchmarked":  "\/Date(1640106360200)\/",
    "LogFile":  "NBminer-GPU#00-34000_2021-12-21_22-36-00.txt"
}
