{
    "Live":  960732.5,
    "Minute":  960732.5,
    "Minute_Fluctuation":  0,
    "Minute_5":  960732.5,
    "Minute_5_Fluctuation":  0,
    "Minute_10":  960732.5,
    "Minute_10_Fluctuation":  0,
    "Hour":  960732.5,
    "Hour_Fluctuation":  0,
    "Day":  960732.5,
    "Day_Fluctuation":  0,
    "ThreeDay":  960732.5,
    "ThreeDay_Fluctuation":  0,
    "Week":  960732.5,
    "Week_Fluctuation":  0,
    "Duration":  "00:00:27.6722699",
    "Updated":  "\/Date(1640166917351)\/",
    "Failed":  0,
    "PowerDraw_Live":  70,
    "PowerDraw_Average":  70,
    "Diff_Live":  0.13325866666666669,
    "Diff_Average":  0.13325866666666669,
    "Ratio_Live":  0,
    "Benchmarked":  "\/Date(1640166887435)\/",
    "LogFile":  "CcminerTpruvot-GPU#00-11400_2021-12-22_15-24-47.txt"
}
