{
    "Live":  9425761.88235294,
    "Minute":  9425761.88235294,
    "Minute_Fluctuation":  0,
    "Minute_5":  9425761.88235294,
    "Minute_5_Fluctuation":  0,
    "Minute_10":  9425761.88235294,
    "Minute_10_Fluctuation":  0,
    "Hour":  9425761.88235294,
    "Hour_Fluctuation":  0,
    "Day":  9425761.88235294,
    "Day_Fluctuation":  0,
    "ThreeDay":  9425761.88235294,
    "ThreeDay_Fluctuation":  0,
    "Week":  9425761.88235294,
    "Week_Fluctuation":  0,
    "Duration":  "00:00:26.8742002",
    "Updated":  "\/Date(1640101470235)\/",
    "Failed":  0,
    "PowerDraw_Live":  86,
    "PowerDraw_Average":  86,
    "Diff_Live":  0,
    "Diff_Average":  0,
    "Ratio_Live":  0,
    "Benchmarked":  "\/Date(1640101380348)\/",
    "LogFile":  "Gminer-GPU#00-32900_2021-12-21_21-13-00.txt"
}
