{
    "Live":  90040,
    "Minute":  90040,
    "Minute_Fluctuation":  0,
    "Minute_5":  90040,
    "Minute_5_Fluctuation":  0,
    "Minute_10":  90040,
    "Minute_10_Fluctuation":  0,
    "Hour":  90040,
    "Hour_Fluctuation":  0,
    "Day":  90040,
    "Day_Fluctuation":  0,
    "ThreeDay":  90040,
    "ThreeDay_Fluctuation":  0,
    "Week":  90040,
    "Week_Fluctuation":  0,
    "Duration":  "00:00:25.7523482",
    "Updated":  "\/Date(1640106769673)\/",
    "Failed":  0,
    "PowerDraw_Live":  56,
    "PowerDraw_Average":  56,
    "Diff_Live":  22.167497000000008,
    "Diff_Average":  22.167497000000008,
    "Ratio_Live":  0,
    "Benchmarked":  "\/Date(1640106616875)\/",
    "LogFile":  "CcminerXaya-GPU#00-14500_2021-12-21_22-40-16.txt"
}
