{
    "Live":  4325.98310344828,
    "Minute":  4325.98310344828,
    "Minute_Fluctuation":  0,
    "Minute_5":  4325.98310344828,
    "Minute_5_Fluctuation":  0,
    "Minute_10":  4325.98310344828,
    "Minute_10_Fluctuation":  0,
    "Hour":  4325.98310344828,
    "Hour_Fluctuation":  0,
    "Day":  4325.98310344828,
    "Day_Fluctuation":  0,
    "ThreeDay":  4325.98310344828,
    "ThreeDay_Fluctuation":  0,
    "Week":  4325.98310344828,
    "Week_Fluctuation":  0,
    "Duration":  "00:00:23.7196362",
    "Updated":  "\/Date(1640100800751)\/",
    "Failed":  0,
    "PowerDraw_Live":  69,
    "PowerDraw_Average":  69,
    "Diff_Live":  0,
    "Diff_Average":  0,
    "Ratio_Live":  0,
    "Benchmarked":  "\/Date(1640100711554)\/",
    "LogFile":  "MiniZ-GPU#00-33000_2021-12-21_21-01-51.txt"
}
