{
    "Live":  2169602,
    "Minute":  2169602,
    "Minute_Fluctuation":  0,
    "Minute_5":  2169602,
    "Minute_5_Fluctuation":  0,
    "Minute_10":  2169602,
    "Minute_10_Fluctuation":  0,
    "Hour":  2169602,
    "Hour_Fluctuation":  0,
    "Day":  2169602,
    "Day_Fluctuation":  0,
    "ThreeDay":  2169602,
    "ThreeDay_Fluctuation":  0,
    "Week":  2169602,
    "Week_Fluctuation":  0,
    "Duration":  "00:00:27.6618303",
    "Updated":  "\/Date(1640166535351)\/",
    "Failed":  0,
    "PowerDraw_Live":  74,
    "PowerDraw_Average":  74,
    "Diff_Live":  0.64642300000000019,
    "Diff_Average":  0.64642300000000019,
    "Ratio_Live":  0,
    "Benchmarked":  "\/Date(1640166505254)\/",
    "LogFile":  "CcminerXevan-GPU#00-11800_2021-12-22_15-18-25.txt"
}
