{
    "Live":  503332142.857143,
    "Minute":  503332142.857143,
    "Minute_Fluctuation":  0,
    "Minute_5":  503332142.857143,
    "Minute_5_Fluctuation":  0,
    "Minute_10":  503332142.857143,
    "Minute_10_Fluctuation":  0,
    "Hour":  503332142.857143,
    "Hour_Fluctuation":  0,
    "Day":  503332142.857143,
    "Day_Fluctuation":  0,
    "ThreeDay":  503332142.857143,
    "ThreeDay_Fluctuation":  0,
    "Week":  503332142.857143,
    "Week_Fluctuation":  0,
    "Duration":  "00:00:24.7684624",
    "Updated":  "\/Date(1640102617434)\/",
    "Failed":  0,
    "PowerDraw_Live":  62,
    "PowerDraw_Average":  62,
    "Diff_Live":  10420.547898000003,
    "Diff_Average":  10420.547898000003,
    "Ratio_Live":  0,
    "Benchmarked":  "\/Date(1640102525993)\/",
    "LogFile":  "CcminerBmw512-GPU#00-13300_2021-12-21_21-32-05.txt"
}
