{
    "Live":  7250496,
    "Minute":  7250496,
    "Minute_Fluctuation":  0,
    "Minute_5":  7250496,
    "Minute_5_Fluctuation":  0,
    "Minute_10":  7250496,
    "Minute_10_Fluctuation":  0,
    "Hour":  7250496,
    "Hour_Fluctuation":  0,
    "Day":  7250496,
    "Day_Fluctuation":  0,
    "ThreeDay":  7250496,
    "ThreeDay_Fluctuation":  0,
    "Week":  7250496,
    "Week_Fluctuation":  0,
    "Duration":  "00:00:29.8590422",
    "Updated":  "\/Date(1640164085517)\/",
    "Failed":  0,
    "PowerDraw_Live":  91,
    "PowerDraw_Average":  91,
    "Diff_Live":  0.0080000000000000036,
    "Diff_Average":  0.0080000000000000036,
    "Ratio_Live":  0,
    "Benchmarked":  "\/Date(1640164053337)\/",
    "LogFile":  "Trex19-GPU#00-31900_2021-12-22_14-37-33.txt"
}
