{
    "Live":  5852763.22222222,
    "Minute":  5852763.22222222,
    "Minute_Fluctuation":  0,
    "Minute_5":  5852763.22222222,
    "Minute_5_Fluctuation":  0,
    "Minute_10":  5852763.22222222,
    "Minute_10_Fluctuation":  0,
    "Hour":  5852763.22222222,
    "Hour_Fluctuation":  0,
    "Day":  5852763.22222222,
    "Day_Fluctuation":  0,
    "ThreeDay":  5852763.22222222,
    "ThreeDay_Fluctuation":  0,
    "Week":  5852763.22222222,
    "Week_Fluctuation":  0,
    "Duration":  "00:00:29.9506257",
    "Updated":  "\/Date(1640164213075)\/",
    "Failed":  10,
    "PowerDraw_Live":  52,
    "PowerDraw_Average":  52,
    "Diff_Live":  512,
    "Diff_Average":  512,
    "Ratio_Live":  0,
    "Benchmarked":  "\/Date(1640164180736)\/",
    "LogFile":  "Trex19-GPU#00-31900_2021-12-22_19-51-29.txt"
}
