{
    "Live":  6602.63157894737,
    "Minute":  6602.63157894737,
    "Minute_Fluctuation":  0,
    "Minute_5":  6602.63157894737,
    "Minute_5_Fluctuation":  0,
    "Minute_10":  6602.63157894737,
    "Minute_10_Fluctuation":  0,
    "Hour":  6602.63157894737,
    "Hour_Fluctuation":  0,
    "Day":  6602.63157894737,
    "Day_Fluctuation":  0,
    "ThreeDay":  6602.63157894737,
    "ThreeDay_Fluctuation":  0,
    "Week":  6602.63157894737,
    "Week_Fluctuation":  0,
    "Duration":  "00:00:36.2391269",
    "Updated":  "\/Date(1640162986112)\/",
    "Failed":  0,
    "PowerDraw_Live":  81,
    "PowerDraw_Average":  81,
    "Diff_Live":  0.80000000000000038,
    "Diff_Average":  0.80000000000000038,
    "Ratio_Live":  0,
    "Benchmarked":  "\/Date(1640162887829)\/",
    "LogFile":  "CcminerYescrypt-GPU#00-12900_2021-12-22_14-18-07.txt"
}
