{
    "Live":  282961427.826087,
    "Minute":  282961427.826087,
    "Minute_Fluctuation":  0,
    "Minute_5":  282961427.826087,
    "Minute_5_Fluctuation":  0,
    "Minute_10":  282961427.826087,
    "Minute_10_Fluctuation":  0,
    "Hour":  282961427.826087,
    "Hour_Fluctuation":  0,
    "Day":  282961427.826087,
    "Day_Fluctuation":  0,
    "ThreeDay":  282961427.826087,
    "ThreeDay_Fluctuation":  0,
    "Week":  282961427.826087,
    "Week_Fluctuation":  0,
    "Duration":  "00:00:35.1128458",
    "Updated":  "\/Date(1640165177819)\/",
    "Failed":  0,
    "PowerDraw_Live":  90,
    "PowerDraw_Average":  90,
    "Diff_Live":  633.18812600000047,
    "Diff_Average":  633.18812600000047,
    "Ratio_Live":  0,
    "Benchmarked":  "\/Date(1640165083988)\/",
    "LogFile":  "CcminerAlexis78-GPU#00-10200_2021-12-22_14-54-43.txt"
}
