{
    "Live":  9458744.03046268,
    "Minute":  9458744.03046268,
    "Minute_Fluctuation":  0,
    "Minute_5":  9458744.03046268,
    "Minute_5_Fluctuation":  0,
    "Minute_10":  9458744.03046268,
    "Minute_10_Fluctuation":  0,
    "Hour":  9458744.03046268,
    "Hour_Fluctuation":  0,
    "Day":  9458744.03046268,
    "Day_Fluctuation":  0,
    "ThreeDay":  9458744.03046268,
    "ThreeDay_Fluctuation":  0,
    "Week":  9458744.03046268,
    "Week_Fluctuation":  0,
    "Duration":  "00:00:23.8472806",
    "Updated":  "\/Date(1640105790127)\/",
    "Failed":  0,
    "PowerDraw_Live":  85,
    "PowerDraw_Average":  85,
    "Diff_Live":  2156000000,
    "Diff_Average":  2156000000,
    "Ratio_Live":  0,
    "Benchmarked":  "\/Date(1640105702677)\/",
    "LogFile":  "NBminer-GPU#00-34000_2021-12-21_22-25-02.txt"
}
