{
    "Live":  10900188.3333333,
    "Minute":  10976209.7542253,
    "Minute_Fluctuation":  0.027297326386543863,
    "Minute_5":  11087802.9062193,
    "Minute_5_Fluctuation":  0.033885254908810787,
    "Minute_10":  11087802.9062193,
    "Minute_10_Fluctuation":  0.033885254908810787,
    "Hour":  11087802.9062193,
    "Hour_Fluctuation":  0.033885254908810794,
    "Day":  11087802.9062193,
    "Day_Fluctuation":  0.033885254908810794,
    "ThreeDay":  11087802.9062193,
    "ThreeDay_Fluctuation":  0.033885254908810787,
    "Week":  11087802.9062193,
    "Week_Fluctuation":  0.033885254908810794,
    "Duration":  "00:02:29.4346497",
    "Updated":  "\/Date(1640170481462)\/",
    "Failed":  0,
    "PowerDraw_Live":  82,
    "PowerDraw_Average":  83.129711841217784,
    "Diff_Live":  0.020000000000000004,
    "Diff_Average":  0.020000000000000004,
    "Ratio_Live":  0,
    "Benchmarked":  "\/Date(1640165988451)\/",
    "LogFile":  "Trex19-GPU#00-31900_2021-12-22_16-20-59.txt"
}
