{
    "Live":  10402416.9565217,
    "Minute":  10402416.9565217,
    "Minute_Fluctuation":  0,
    "Minute_5":  10402416.9565217,
    "Minute_5_Fluctuation":  0,
    "Minute_10":  10402416.9565217,
    "Minute_10_Fluctuation":  0,
    "Hour":  10402416.9565217,
    "Hour_Fluctuation":  0,
    "Day":  10402416.9565217,
    "Day_Fluctuation":  0,
    "ThreeDay":  10402416.9565217,
    "ThreeDay_Fluctuation":  0,
    "Week":  10402416.9565217,
    "Week_Fluctuation":  0,
    "Duration":  "00:00:35.3342494",
    "Updated":  "\/Date(1640165624772)\/",
    "Failed":  0,
    "PowerDraw_Live":  72,
    "PowerDraw_Average":  72,
    "Diff_Live":  275.01409700000016,
    "Diff_Average":  275.01409700000016,
    "Ratio_Live":  0,
    "Benchmarked":  "\/Date(1640165529685)\/",
    "LogFile":  "CcminerTpruvot-GPU#00-11400_2021-12-22_15-02-09.txt"
}
