{
    "Live":  25847474.7647059,
    "Minute":  25847474.7647059,
    "Minute_Fluctuation":  0,
    "Minute_5":  25847474.7647059,
    "Minute_5_Fluctuation":  0,
    "Minute_10":  25847474.7647059,
    "Minute_10_Fluctuation":  0,
    "Hour":  25847474.7647059,
    "Hour_Fluctuation":  0,
    "Day":  25847474.7647059,
    "Day_Fluctuation":  0,
    "ThreeDay":  25847474.7647059,
    "ThreeDay_Fluctuation":  0,
    "Week":  25847474.7647059,
    "Week_Fluctuation":  0,
    "Duration":  "00:00:28.5747244",
    "Updated":  "\/Date(1640166211460)\/",
    "Failed":  0,
    "PowerDraw_Live":  83,
    "PowerDraw_Average":  83,
    "Diff_Live":  2,
    "Diff_Average":  2,
    "Ratio_Live":  0,
    "Benchmarked":  "\/Date(1640166179506)\/",
    "LogFile":  "Trex19-GPU#00-31900_2021-12-22_15-12-59.txt"
}
