{
    "Live":  632551744.205385,
    "Minute":  632551744.205385,
    "Minute_Fluctuation":  0,
    "Minute_5":  632551744.205385,
    "Minute_5_Fluctuation":  0,
    "Minute_10":  632551744.205385,
    "Minute_10_Fluctuation":  0,
    "Hour":  632551744.205385,
    "Hour_Fluctuation":  0,
    "Day":  632551744.205385,
    "Day_Fluctuation":  0,
    "ThreeDay":  632551744.205385,
    "ThreeDay_Fluctuation":  0,
    "Week":  632551744.205385,
    "Week_Fluctuation":  0,
    "Duration":  "00:00:28.8066810",
    "Updated":  "\/Date(1640164794424)\/",
    "Failed":  0,
    "PowerDraw_Live":  79,
    "PowerDraw_Average":  79,
    "Diff_Live":  1778.771199,
    "Diff_Average":  1778.771199,
    "Ratio_Live":  0,
    "Benchmarked":  "\/Date(1640164762840)\/",
    "LogFile":  "CryptoDredge25-GPU#00-36300_2021-12-22_14-49-22.txt"
}
