{
    "Live":  8575849.68421053,
    "Minute":  8575849.68421053,
    "Minute_Fluctuation":  0.14128557403574796,
    "Minute_5":  8575849.68421053,
    "Minute_5_Fluctuation":  0.14128557403574796,
    "Minute_10":  8575849.68421053,
    "Minute_10_Fluctuation":  0.14128557403574796,
    "Hour":  8575849.68421053,
    "Hour_Fluctuation":  0.14128557403574796,
    "Day":  8575849.68421053,
    "Day_Fluctuation":  0.14128557403574796,
    "ThreeDay":  8575849.68421053,
    "ThreeDay_Fluctuation":  0.14128557403574796,
    "Week":  8575849.68421053,
    "Week_Fluctuation":  0.14128557403574796,
    "Duration":  "00:00:56.6869540",
    "Updated":  "\/Date(1640188558846)\/",
    "Failed":  9,
    "PowerDraw_Live":  79,
    "PowerDraw_Average":  79,
    "Diff_Live":  0.07729999999999998,
    "Diff_Average":  0.07729999999999998,
    "Ratio_Live":  0,
    "Benchmarked":  "\/Date(1640097569159)\/",
    "LogFile":  "EnemyZealot-GPU#00-30200_2021-12-22_21-24-26.txt"
}
