{
    "Live":  9553319.6875,
    "Minute":  9553319.6875,
    "Minute_Fluctuation":  0,
    "Minute_5":  9553319.6875,
    "Minute_5_Fluctuation":  0,
    "Minute_10":  9553319.6875,
    "Minute_10_Fluctuation":  0,
    "Hour":  9553319.6875,
    "Hour_Fluctuation":  0,
    "Day":  9553319.6875,
    "Day_Fluctuation":  0,
    "ThreeDay":  9553319.6875,
    "ThreeDay_Fluctuation":  0,
    "Week":  9553319.6875,
    "Week_Fluctuation":  0,
    "Duration":  "00:00:24.7495072",
    "Updated":  "\/Date(1640099288957)\/",
    "Failed":  0,
    "PowerDraw_Live":  71,
    "PowerDraw_Average":  71,
    "Diff_Live":  5.9399999999999986,
    "Diff_Average":  5.9399999999999986,
    "Ratio_Live":  0,
    "Benchmarked":  "\/Date(1640099136968)\/",
    "LogFile":  "Trex19-GPU#00-31900_2021-12-21_20-35-36.txt"
}
