{
    "Live":  51827594.4403333,
    "Minute":  51827594.4403333,
    "Minute_Fluctuation":  0,
    "Minute_5":  51827594.4403333,
    "Minute_5_Fluctuation":  0,
    "Minute_10":  51827594.4403333,
    "Minute_10_Fluctuation":  0,
    "Hour":  51827594.4403333,
    "Hour_Fluctuation":  0,
    "Day":  51827594.4403333,
    "Day_Fluctuation":  0,
    "ThreeDay":  51827594.4403333,
    "ThreeDay_Fluctuation":  0,
    "Week":  51827594.4403333,
    "Week_Fluctuation":  0,
    "Duration":  "00:00:34.0561045",
    "Updated":  "\/Date(1640162464970)\/",
    "Failed":  0,
    "PowerDraw_Live":  82,
    "PowerDraw_Average":  82,
    "Diff_Live":  240.66758852777781,
    "Diff_Average":  240.66758852777781,
    "Ratio_Live":  0,
    "Benchmarked":  "\/Date(1640162370577)\/",
    "LogFile":  "CryptoDredge25-GPU#00-36300_2021-12-22_14-09-30.txt"
}
