{
    "Live":  12396839.2941176,
    "Minute":  12396839.2941176,
    "Minute_Fluctuation":  0,
    "Minute_5":  12396839.2941176,
    "Minute_5_Fluctuation":  0,
    "Minute_10":  12396839.2941176,
    "Minute_10_Fluctuation":  0,
    "Hour":  12396839.2941176,
    "Hour_Fluctuation":  0,
    "Day":  12396839.2941176,
    "Day_Fluctuation":  0,
    "ThreeDay":  12396839.2941176,
    "ThreeDay_Fluctuation":  0,
    "Week":  12396839.2941176,
    "Week_Fluctuation":  0,
    "Duration":  "00:00:29.9982868",
    "Updated":  "\/Date(1640163830477)\/",
    "Failed":  0,
    "PowerDraw_Live":  91,
    "PowerDraw_Average":  91,
    "Diff_Live":  1.6052941176470585,
    "Diff_Average":  1.6052941176470585,
    "Ratio_Live":  0,
    "Benchmarked":  "\/Date(1640163797745)\/",
    "LogFile":  "Trex19-GPU#00-31900_2021-12-22_14-33-17.txt"
}
