{
    "Live":  4979966.92307692,
    "Minute":  4979966.92307692,
    "Minute_Fluctuation":  0,
    "Minute_5":  4979966.92307692,
    "Minute_5_Fluctuation":  0,
    "Minute_10":  4979966.92307692,
    "Minute_10_Fluctuation":  0,
    "Hour":  4979966.92307692,
    "Hour_Fluctuation":  0,
    "Day":  4979966.92307692,
    "Day_Fluctuation":  0,
    "ThreeDay":  4979966.92307692,
    "ThreeDay_Fluctuation":  0,
    "Week":  4979966.92307692,
    "Week_Fluctuation":  0,
    "Duration":  "00:00:29.8094202",
    "Updated":  "\/Date(1640165688527)\/",
    "Failed":  0,
    "PowerDraw_Live":  83,
    "PowerDraw_Average":  83,
    "Diff_Live":  8,
    "Diff_Average":  8,
    "Ratio_Live":  0,
    "Benchmarked":  "\/Date(1640165656027)\/",
    "LogFile":  "CryptoDredge16-GPU#00-33800_2021-12-22_15-04-16.txt"
}
