{
    "Live":  509.411764705882,
    "Minute":  509.411764705882,
    "Minute_Fluctuation":  0,
    "Minute_5":  509.411764705882,
    "Minute_5_Fluctuation":  0,
    "Minute_10":  509.411764705882,
    "Minute_10_Fluctuation":  0,
    "Hour":  509.411764705882,
    "Hour_Fluctuation":  0,
    "Day":  509.411764705882,
    "Day_Fluctuation":  0,
    "ThreeDay":  509.411764705882,
    "ThreeDay_Fluctuation":  0,
    "Week":  509.411764705882,
    "Week_Fluctuation":  0,
    "Duration":  "00:00:25.8495495",
    "Updated":  "\/Date(1640102144836)\/",
    "Failed":  0,
    "PowerDraw_Live":  70,
    "PowerDraw_Average":  70,
    "Diff_Live":  0.40000000000000008,
    "Diff_Average":  0.40000000000000008,
    "Ratio_Live":  0,
    "Benchmarked":  "\/Date(1640102053765)\/",
    "LogFile":  "CcminerYescrypt-GPU#00-12900_2021-12-21_21-24-13.txt"
}
