{
    "Live":  17754612.5294118,
    "Minute":  17754612.5294118,
    "Minute_Fluctuation":  0,
    "Minute_5":  17754612.5294118,
    "Minute_5_Fluctuation":  0,
    "Minute_10":  17754612.5294118,
    "Minute_10_Fluctuation":  0,
    "Hour":  17754612.5294118,
    "Hour_Fluctuation":  0,
    "Day":  17754612.5294118,
    "Day_Fluctuation":  0,
    "ThreeDay":  17754612.5294118,
    "ThreeDay_Fluctuation":  0,
    "Week":  17754612.5294118,
    "Week_Fluctuation":  0,
    "Duration":  "00:00:28.8383720",
    "Updated":  "\/Date(1640164022042)\/",
    "Failed":  0,
    "PowerDraw_Live":  92,
    "PowerDraw_Average":  92,
    "Diff_Live":  0.04,
    "Diff_Average":  0.04,
    "Ratio_Live":  0,
    "Benchmarked":  "\/Date(1640163990758)\/",
    "LogFile":  "Trex19-GPU#00-31900_2021-12-22_14-36-30.txt"
}
