{
    "Live":  18304878.5263158,
    "Minute":  18304878.5263158,
    "Minute_Fluctuation":  0,
    "Minute_5":  18304878.5263158,
    "Minute_5_Fluctuation":  0,
    "Minute_10":  18304878.5263158,
    "Minute_10_Fluctuation":  0,
    "Hour":  18304878.5263158,
    "Hour_Fluctuation":  0,
    "Day":  18304878.5263158,
    "Day_Fluctuation":  0,
    "ThreeDay":  18304878.5263158,
    "ThreeDay_Fluctuation":  0,
    "Week":  18304878.5263158,
    "Week_Fluctuation":  0,
    "Duration":  "00:00:29.0088491",
    "Updated":  "\/Date(1640096728904)\/",
    "Failed":  30,
    "PowerDraw_Live":  93,
    "PowerDraw_Average":  93,
    "Diff_Live":  4294967296,
    "Diff_Average":  4294967296,
    "Ratio_Live":  0,
    "Benchmarked":  "\/Date(1640096574801)\/",
    "LogFile":  "Ethminer-GPU#00-30100_2021-12-22_21-54-16.txt"
}
