{
    "Live":  11898059.7058824,
    "Minute":  11898059.7058824,
    "Minute_Fluctuation":  0,
    "Minute_5":  11898059.7058824,
    "Minute_5_Fluctuation":  0,
    "Minute_10":  11898059.7058824,
    "Minute_10_Fluctuation":  0,
    "Hour":  11898059.7058824,
    "Hour_Fluctuation":  0,
    "Day":  11898059.7058824,
    "Day_Fluctuation":  0,
    "ThreeDay":  11898059.7058824,
    "ThreeDay_Fluctuation":  0,
    "Week":  11898059.7058824,
    "Week_Fluctuation":  0,
    "Duration":  "00:00:28.4797985",
    "Updated":  "\/Date(1640168852702)\/",
    "Failed":  30,
    "PowerDraw_Live":  91,
    "PowerDraw_Average":  91,
    "Diff_Live":  4,
    "Diff_Average":  4,
    "Ratio_Live":  0,
    "Benchmarked":  "\/Date(1640168822044)\/",
    "LogFile":  "Trex19-GPU#00-31900_2021-12-22_20-13-35.txt"
}
