{
    "Live":  7947115.43589744,
    "Minute":  8057186.99186486,
    "Minute_Fluctuation":  0.022453427566101171,
    "Minute_5":  8101507.8218089,
    "Minute_5_Fluctuation":  0.02539246572883401,
    "Minute_10":  8105109.62401863,
    "Minute_10_Fluctuation":  0.026219137712936245,
    "Hour":  8105109.62401863,
    "Hour_Fluctuation":  0.026219137712936245,
    "Day":  8105109.62401863,
    "Day_Fluctuation":  0.026219137712936241,
    "ThreeDay":  8105109.62401863,
    "ThreeDay_Fluctuation":  0.026219137712936245,
    "Week":  8105109.62401863,
    "Week_Fluctuation":  0.026219137712936241,
    "Duration":  "00:08:07.5502462",
    "Updated":  "\/Date(1640191064256)\/",
    "Failed":  0,
    "PowerDraw_Live":  29,
    "PowerDraw_Average":  38.266723754042808,
    "Diff_Live":  776397934,
    "Diff_Average":  784039380.687201,
    "Ratio_Live":  0,
    "Benchmarked":  "\/Date(1640105310745)\/",
    "LogFile":  "WildRig-GPU#00-40700_2021-12-22_22-05-06.txt"
}
