{
    "Live":  22292933.3333333,
    "Minute":  22292933.3333333,
    "Minute_Fluctuation":  0,
    "Minute_5":  22292933.3333333,
    "Minute_5_Fluctuation":  0,
    "Minute_10":  22292933.3333333,
    "Minute_10_Fluctuation":  0,
    "Hour":  22292933.3333333,
    "Hour_Fluctuation":  0,
    "Day":  22292933.3333333,
    "Day_Fluctuation":  0,
    "ThreeDay":  22292933.3333333,
    "ThreeDay_Fluctuation":  0,
    "Week":  22292933.3333333,
    "Week_Fluctuation":  0,
    "Duration":  "00:00:30.5777075",
    "Updated":  "\/Date(1640166083827)\/",
    "Failed":  0,
    "PowerDraw_Live":  92,
    "PowerDraw_Average":  92,
    "Diff_Live":  834092.46639899968,
    "Diff_Average":  834092.46639899968,
    "Ratio_Live":  0,
    "Benchmarked":  "\/Date(1640166050996)\/",
    "LogFile":  "CcminerTpruvot-GPU#00-11400_2021-12-22_15-10-50.txt"
}
