{
    "Live":  17753384.3333333,
    "Minute":  17753384.3333333,
    "Minute_Fluctuation":  0,
    "Minute_5":  17753384.3333333,
    "Minute_5_Fluctuation":  0,
    "Minute_10":  17753384.3333333,
    "Minute_10_Fluctuation":  0,
    "Hour":  17753384.3333333,
    "Hour_Fluctuation":  0,
    "Day":  17753384.3333333,
    "Day_Fluctuation":  0,
    "ThreeDay":  17753384.3333333,
    "ThreeDay_Fluctuation":  0,
    "Week":  17753384.3333333,
    "Week_Fluctuation":  0,
    "Duration":  "00:00:21.3989634",
    "Updated":  "\/Date(1640169639284)\/",
    "Failed":  0,
    "PowerDraw_Live":  93,
    "PowerDraw_Average":  93,
    "Diff_Live":  8,
    "Diff_Average":  8,
    "Ratio_Live":  0,
    "Benchmarked":  "\/Date(1640169615375)\/",
    "LogFile":  "Trex19-GPU#00-31900_2021-12-22_16-10-15.txt"
}
