{
    "Live":  21.3326470588235,
    "Minute":  21.3326470588235,
    "Minute_Fluctuation":  0,
    "Minute_5":  21.3326470588235,
    "Minute_5_Fluctuation":  0,
    "Minute_10":  21.3326470588235,
    "Minute_10_Fluctuation":  0,
    "Hour":  21.3326470588235,
    "Hour_Fluctuation":  0,
    "Day":  21.3326470588235,
    "Day_Fluctuation":  0,
    "ThreeDay":  21.3326470588235,
    "ThreeDay_Fluctuation":  0,
    "Week":  21.3326470588235,
    "Week_Fluctuation":  0,
    "Duration":  "00:00:26.6855848",
    "Updated":  "\/Date(1640098901681)\/",
    "Failed":  0,
    "PowerDraw_Live":  73,
    "PowerDraw_Average":  73,
    "Diff_Live":  0,
    "Diff_Average":  0,
    "Ratio_Live":  0,
    "Benchmarked":  "\/Date(1640098746724)\/",
    "LogFile":  "MiniZ-GPU#00-33000_2021-12-21_20-29-06.txt"
}
