{
    "Live":  16876882.7053881,
    "Minute":  16756461.7857136,
    "Minute_Fluctuation":  0.025213067382246386,
    "Minute_5":  17085685.2859691,
    "Minute_5_Fluctuation":  0.09409949689155224,
    "Minute_10":  18325652.3668424,
    "Minute_10_Fluctuation":  0.10801087024164073,
    "Hour":  20417199.6269083,
    "Hour_Fluctuation":  0.050976710363976344,
    "Day":  20417199.6269083,
    "Day_Fluctuation":  0.050976710363976344,
    "ThreeDay":  20417199.6269083,
    "ThreeDay_Fluctuation":  0.050976710363976344,
    "Week":  20417199.6269083,
    "Week_Fluctuation":  0.050976710363976344,
    "Duration":  "00:50:41.8256615",
    "Updated":  "\/Date(1640192510071)\/",
    "Failed":  22,
    "PowerDraw_Live":  91,
    "PowerDraw_Average":  89.054900747396076,
    "Diff_Live":  8726000000,
    "Diff_Average":  7694842124.2848215,
    "Ratio_Live":  0,
    "Benchmarked":  "\/Date(1640101787879)\/",
    "LogFile":  "NBminer-GPU#00-34000_2021-12-22_22-22-50.txt"
}
