{
    "Live":  8638352.82833333,
    "Minute":  8638352.82833333,
    "Minute_Fluctuation":  0.11756895180627633,
    "Minute_5":  8638352.82833333,
    "Minute_5_Fluctuation":  0.11756895180627633,
    "Minute_10":  8638352.82833333,
    "Minute_10_Fluctuation":  0.11756895180627633,
    "Hour":  8638352.82833333,
    "Hour_Fluctuation":  0.11756895180627633,
    "Day":  8638352.82833333,
    "Day_Fluctuation":  0.11756895180627633,
    "ThreeDay":  8638352.82833333,
    "ThreeDay_Fluctuation":  0.11756895180627633,
    "Week":  8638352.82833333,
    "Week_Fluctuation":  0.11756895180627633,
    "Duration":  "00:00:52.4958829",
    "Updated":  "\/Date(1640188693907)\/",
    "Failed":  9,
    "PowerDraw_Live":  79,
    "PowerDraw_Average":  79,
    "Diff_Live":  0,
    "Diff_Average":  0,
    "Ratio_Live":  0,
    "Benchmarked":  "\/Date(1640098358359)\/",
    "LogFile":  "MiniZ-GPU#00-33000_2021-12-22_21-26-42.txt"
}
