{
    "Live":  6780050,
    "Minute":  6777140.94583735,
    "Minute_Fluctuation":  0.014850648607298648,
    "Minute_5":  6773195.07370589,
    "Minute_5_Fluctuation":  0.033096069885590468,
    "Minute_10":  6773195.07370589,
    "Minute_10_Fluctuation":  0.033096069885590468,
    "Hour":  6773195.07370589,
    "Hour_Fluctuation":  0.033096069885590468,
    "Day":  6773195.07370589,
    "Day_Fluctuation":  0.033096069885590468,
    "ThreeDay":  6773195.07370589,
    "ThreeDay_Fluctuation":  0.033096069885590468,
    "Week":  6773195.07370589,
    "Week_Fluctuation":  0.033096069885590468,
    "Duration":  "00:02:38.0187858",
    "Updated":  "\/Date(1640187048384)\/",
    "Failed":  5,
    "PowerDraw_Live":  93,
    "PowerDraw_Average":  84.735147725355617,
    "Diff_Live":  457.43701599999997,
    "Diff_Average":  383.06462361667133,
    "Ratio_Live":  0,
    "Benchmarked":  "\/Date(1640166952893)\/",
    "LogFile":  "CcminerTpruvot-GPU#00-11400_2021-12-22_20-57-09.txt"
}
