{
    "Live":  18400392.0647222,
    "Minute":  18400392.0647222,
    "Minute_Fluctuation":  0,
    "Minute_5":  18400392.0647222,
    "Minute_5_Fluctuation":  0,
    "Minute_10":  18400392.0647222,
    "Minute_10_Fluctuation":  0,
    "Hour":  18400392.0647222,
    "Hour_Fluctuation":  0,
    "Day":  18400392.0647222,
    "Day_Fluctuation":  0,
    "ThreeDay":  18400392.0647222,
    "ThreeDay_Fluctuation":  0,
    "Week":  18400392.0647222,
    "Week_Fluctuation":  0,
    "Duration":  "00:00:28.0201583",
    "Updated":  "\/Date(1640097122671)\/",
    "Failed":  0,
    "PowerDraw_Live":  89,
    "PowerDraw_Average":  89,
    "Diff_Live":  0,
    "Diff_Average":  0,
    "Ratio_Live":  0,
    "Benchmarked":  "\/Date(1640096962428)\/",
    "LogFile":  "MiniZ-GPU#00-33020_2021-12-21_19-59-22.txt"
}
