{
    "Live":  28163987.8620667,
    "Minute":  28163987.8620667,
    "Minute_Fluctuation":  0,
    "Minute_5":  28163987.8620667,
    "Minute_5_Fluctuation":  0,
    "Minute_10":  28163987.8620667,
    "Minute_10_Fluctuation":  0,
    "Hour":  28163987.8620667,
    "Hour_Fluctuation":  0,
    "Day":  28163987.8620667,
    "Day_Fluctuation":  0,
    "ThreeDay":  28163987.8620667,
    "ThreeDay_Fluctuation":  0,
    "Week":  28163987.8620667,
    "Week_Fluctuation":  0,
    "Duration":  "00:00:29.5787889",
    "Updated":  "\/Date(1640165820959)\/",
    "Failed":  0,
    "PowerDraw_Live":  82,
    "PowerDraw_Average":  82,
    "Diff_Live":  100.94623360000001,
    "Diff_Average":  100.94623360000001,
    "Ratio_Live":  0,
    "Benchmarked":  "\/Date(1640165789125)\/",
    "LogFile":  "CryptoDredge25-GPU#00-36300_2021-12-22_15-06-29.txt"
}
