{
    "Live":  2122430,
    "Minute":  2122430,
    "Minute_Fluctuation":  0,
    "Minute_5":  2122430,
    "Minute_5_Fluctuation":  0,
    "Minute_10":  2122430,
    "Minute_10_Fluctuation":  0,
    "Hour":  2122430,
    "Hour_Fluctuation":  0,
    "Day":  2122430,
    "Day_Fluctuation":  0,
    "ThreeDay":  2122430,
    "ThreeDay_Fluctuation":  0,
    "Week":  2122430,
    "Week_Fluctuation":  0,
    "Duration":  "00:00:28.8155127",
    "Updated":  "\/Date(1640164858376)\/",
    "Failed":  0,
    "PowerDraw_Live":  53,
    "PowerDraw_Average":  53,
    "Diff_Live":  3.9741620000000006,
    "Diff_Average":  3.9741620000000006,
    "Ratio_Live":  0,
    "Benchmarked":  "\/Date(1640164827188)\/",
    "LogFile":  "CcminerTpruvot-GPU#00-11400_2021-12-22_14-50-27.txt"
}
