{
    "Live":  33493494.3478261,
    "Minute":  33493494.3478261,
    "Minute_Fluctuation":  0,
    "Minute_5":  33493494.3478261,
    "Minute_5_Fluctuation":  0,
    "Minute_10":  33493494.3478261,
    "Minute_10_Fluctuation":  0,
    "Hour":  33493494.3478261,
    "Hour_Fluctuation":  0,
    "Day":  33493494.3478261,
    "Day_Fluctuation":  0,
    "ThreeDay":  33493494.3478261,
    "ThreeDay_Fluctuation":  0,
    "Week":  33493494.3478261,
    "Week_Fluctuation":  0,
    "Duration":  "00:00:35.2454741",
    "Updated":  "\/Date(1640165369296)\/",
    "Failed":  0,
    "PowerDraw_Live":  80,
    "PowerDraw_Average":  80,
    "Diff_Live":  426.67523026086968,
    "Diff_Average":  426.67523026086968,
    "Ratio_Live":  0,
    "Benchmarked":  "\/Date(1640165273094)\/",
    "LogFile":  "CcminerTpruvot-GPU#00-11400_2021-12-22_14-57-53.txt"
}
