{
    "Live":  21721666.6666667,
    "Minute":  21721666.6666667,
    "Minute_Fluctuation":  0,
    "Minute_5":  21721666.6666667,
    "Minute_5_Fluctuation":  0,
    "Minute_10":  21721666.6666667,
    "Minute_10_Fluctuation":  0,
    "Hour":  21721666.6666667,
    "Hour_Fluctuation":  0,
    "Day":  21721666.6666667,
    "Day_Fluctuation":  0,
    "ThreeDay":  21721666.6666667,
    "ThreeDay_Fluctuation":  0,
    "Week":  21721666.6666667,
    "Week_Fluctuation":  0,
    "Duration":  "00:00:36.0085848",
    "Updated":  "\/Date(1640163251723)\/",
    "Failed":  0,
    "PowerDraw_Live":  88,
    "PowerDraw_Average":  88,
    "Diff_Live":  0,
    "Diff_Average":  0,
    "Ratio_Live":  0,
    "Benchmarked":  "\/Date(1640163154667)\/",
    "LogFile":  "Phoenix-GPU#00-30800_2021-12-22_14-22-34.txt"
}
