{
    "Live":  581882477.809524,
    "Minute":  581882477.809524,
    "Minute_Fluctuation":  0,
    "Minute_5":  581882477.809524,
    "Minute_5_Fluctuation":  0,
    "Minute_10":  581882477.809524,
    "Minute_10_Fluctuation":  0,
    "Hour":  581882477.809524,
    "Hour_Fluctuation":  0,
    "Day":  581882477.809524,
    "Day_Fluctuation":  0,
    "ThreeDay":  581882477.809524,
    "ThreeDay_Fluctuation":  0,
    "Week":  581882477.809524,
    "Week_Fluctuation":  0,
    "Duration":  "00:00:32.7758952",
    "Updated":  "\/Date(1640166661641)\/",
    "Failed":  0,
    "PowerDraw_Live":  78,
    "PowerDraw_Average":  78,
    "Diff_Live":  1124927000.9523809,
    "Diff_Average":  1124927000.9523809,
    "Ratio_Live":  0,
    "Benchmarked":  "\/Date(1640166571791)\/",
    "LogFile":  "WildRig-GPU#00-40700_2021-12-22_15-19-31.txt"
}
