{
    "Live":  282.733888888889,
    "Minute":  282.733888888889,
    "Minute_Fluctuation":  0,
    "Minute_5":  282.733888888889,
    "Minute_5_Fluctuation":  0,
    "Minute_10":  282.733888888889,
    "Minute_10_Fluctuation":  0,
    "Hour":  282.733888888889,
    "Hour_Fluctuation":  0,
    "Day":  282.733888888889,
    "Day_Fluctuation":  0,
    "ThreeDay":  282.733888888889,
    "ThreeDay_Fluctuation":  0,
    "Week":  282.733888888889,
    "Week_Fluctuation":  0,
    "Duration":  "00:00:25.9735510",
    "Updated":  "\/Date(1640104688937)\/",
    "Failed":  0,
    "PowerDraw_Live":  65,
    "PowerDraw_Average":  65,
    "Diff_Live":  120001,
    "Diff_Average":  120001,
    "Ratio_Live":  0,
    "Benchmarked":  "\/Date(1640104599718)\/",
    "LogFile":  "Xmrig-GPU#00-35000_2021-12-21_22-06-39.txt"
}
