{
    "Live":  8609606.15384616,
    "Minute":  8609606.15384616,
    "Minute_Fluctuation":  0,
    "Minute_5":  8609606.15384616,
    "Minute_5_Fluctuation":  0,
    "Minute_10":  8609606.15384616,
    "Minute_10_Fluctuation":  0,
    "Hour":  8609606.15384616,
    "Hour_Fluctuation":  0,
    "Day":  8609606.15384616,
    "Day_Fluctuation":  0,
    "ThreeDay":  8609606.15384616,
    "ThreeDay_Fluctuation":  0,
    "Week":  8609606.15384616,
    "Week_Fluctuation":  0,
    "Duration":  "00:00:22.4930958",
    "Updated":  "\/Date(1640165755461)\/",
    "Failed":  0,
    "PowerDraw_Live":  91,
    "PowerDraw_Average":  91,
    "Diff_Live":  4,
    "Diff_Average":  4,
    "Ratio_Live":  0,
    "Benchmarked":  "\/Date(1640165730407)\/",
    "LogFile":  "Trex19-GPU#00-31900_2021-12-22_15-05-30.txt"
}
