{
    "Live":  1510816.84615385,
    "Minute":  1510816.84615385,
    "Minute_Fluctuation":  0,
    "Minute_5":  1510816.84615385,
    "Minute_5_Fluctuation":  0,
    "Minute_10":  1510816.84615385,
    "Minute_10_Fluctuation":  0,
    "Hour":  1510816.84615385,
    "Hour_Fluctuation":  0,
    "Day":  1510816.84615385,
    "Day_Fluctuation":  0,
    "ThreeDay":  1510816.84615385,
    "ThreeDay_Fluctuation":  0,
    "Week":  1510816.84615385,
    "Week_Fluctuation":  0,
    "Duration":  "00:00:29.8000830",
    "Updated":  "\/Date(1640165432892)\/",
    "Failed":  0,
    "PowerDraw_Live":  81,
    "PowerDraw_Average":  81,
    "Diff_Live":  33554944,
    "Diff_Average":  33554944,
    "Ratio_Live":  0,
    "Benchmarked":  "\/Date(1640165400409)\/",
    "LogFile":  "WildRig-GPU#00-40700_2021-12-22_15-00-00.txt"
}
