{
    "Live":  11566110,
    "Minute":  11566110,
    "Minute_Fluctuation":  0,
    "Minute_5":  11566110,
    "Minute_5_Fluctuation":  0,
    "Minute_10":  11566110,
    "Minute_10_Fluctuation":  0,
    "Hour":  11566110,
    "Hour_Fluctuation":  0,
    "Day":  11566110,
    "Day_Fluctuation":  0,
    "ThreeDay":  11566110,
    "ThreeDay_Fluctuation":  0,
    "Week":  11566110,
    "Week_Fluctuation":  0,
    "Duration":  "00:00:28.7753568",
    "Updated":  "\/Date(1640164533467)\/",
    "Failed":  0,
    "PowerDraw_Live":  75,
    "PowerDraw_Average":  75,
    "Diff_Live":  189.743833,
    "Diff_Average":  189.743833,
    "Ratio_Live":  0,
    "Benchmarked":  "\/Date(1640164501995)\/",
    "LogFile":  "CcminerTpruvot-GPU#00-11400_2021-12-22_14-45-01.txt"
}
