{
    "Live":  33.5586206896552,
    "Minute":  33.5586206896552,
    "Minute_Fluctuation":  0,
    "Minute_5":  33.5586206896552,
    "Minute_5_Fluctuation":  0,
    "Minute_10":  33.5586206896552,
    "Minute_10_Fluctuation":  0,
    "Hour":  33.5586206896552,
    "Hour_Fluctuation":  0,
    "Day":  33.5586206896552,
    "Day_Fluctuation":  0,
    "ThreeDay":  33.5586206896552,
    "ThreeDay_Fluctuation":  0,
    "Week":  33.5586206896552,
    "Week_Fluctuation":  0,
    "Duration":  "00:00:25.9974959",
    "Updated":  "\/Date(1640101605570)\/",
    "Failed":  0,
    "PowerDraw_Live":  89,
    "PowerDraw_Average":  89,
    "Diff_Live":  0,
    "Diff_Average":  0,
    "Ratio_Live":  0,
    "Benchmarked":  "\/Date(1640101514263)\/",
    "LogFile":  "Gminer-GPU#00-32900_2021-12-21_21-15-14.txt"
}
