{
    "Live":  3022792.14285714,
    "Minute":  3022792.14285714,
    "Minute_Fluctuation":  0,
    "Minute_5":  3022792.14285714,
    "Minute_5_Fluctuation":  0,
    "Minute_10":  3022792.14285714,
    "Minute_10_Fluctuation":  0,
    "Hour":  3022792.14285714,
    "Hour_Fluctuation":  0,
    "Day":  3022792.14285714,
    "Day_Fluctuation":  0,
    "ThreeDay":  3022792.14285714,
    "ThreeDay_Fluctuation":  0,
    "Week":  3022792.14285714,
    "Week_Fluctuation":  0,
    "Duration":  "00:00:25.6806810",
    "Updated":  "\/Date(1640108342920)\/",
    "Failed":  0,
    "PowerDraw_Live":  79,
    "PowerDraw_Average":  79,
    "Diff_Live":  378831.84317342844,
    "Diff_Average":  378831.84317342844,
    "Ratio_Live":  0,
    "Benchmarked":  "\/Date(1640108254556)\/",
    "LogFile":  "CcminerVerus-GPU#00-13900_2021-12-21_23-07-34.txt"
}
