{
    "Live":  2.20576923076923,
    "Minute":  2.20576923076923,
    "Minute_Fluctuation":  0,
    "Minute_5":  2.20576923076923,
    "Minute_5_Fluctuation":  0,
    "Minute_10":  2.20576923076923,
    "Minute_10_Fluctuation":  0,
    "Hour":  2.20576923076923,
    "Hour_Fluctuation":  0,
    "Day":  2.20576923076923,
    "Day_Fluctuation":  0,
    "ThreeDay":  2.20576923076923,
    "ThreeDay_Fluctuation":  0,
    "Week":  2.20576923076923,
    "Week_Fluctuation":  0,
    "Duration":  "00:00:24.9789691",
    "Updated":  "\/Date(1640100931889)\/",
    "Failed":  0,
    "PowerDraw_Live":  90,
    "PowerDraw_Average":  90,
    "Diff_Live":  0,
    "Diff_Average":  0,
    "Ratio_Live":  0,
    "Benchmarked":  "\/Date(1640100843593)\/",
    "LogFile":  "Gminer258-GPU#00-35400_2021-12-21_21-04-03.txt"
}
