{
    "Live":  20706545.4545455,
    "Minute":  20706545.4545455,
    "Minute_Fluctuation":  0,
    "Minute_5":  20706545.4545455,
    "Minute_5_Fluctuation":  0,
    "Minute_10":  20706545.4545455,
    "Minute_10_Fluctuation":  0,
    "Hour":  20706545.4545455,
    "Hour_Fluctuation":  0,
    "Day":  20706545.4545455,
    "Day_Fluctuation":  0,
    "ThreeDay":  20706545.4545455,
    "ThreeDay_Fluctuation":  0,
    "Week":  20706545.4545455,
    "Week_Fluctuation":  0,
    "Duration":  "00:00:23.6928065",
    "Updated":  "\/Date(1640102009472)\/",
    "Failed":  0,
    "PowerDraw_Live":  84,
    "PowerDraw_Average":  84,
    "Diff_Live":  0,
    "Diff_Average":  0,
    "Ratio_Live":  0,
    "Benchmarked":  "\/Date(1640101921053)\/",
    "LogFile":  "Phoenix-GPU#00-30800_2021-12-21_21-22-01.txt"
}
