{
    "Live":  8116194.36842105,
    "Minute":  8410541.08542993,
    "Minute_Fluctuation":  0.13672835045256276,
    "Minute_5":  8410541.08542993,
    "Minute_5_Fluctuation":  0.13672835045256276,
    "Minute_10":  8410541.08542993,
    "Minute_10_Fluctuation":  0.13672835045256276,
    "Hour":  8410541.08542993,
    "Hour_Fluctuation":  0.13672835045256276,
    "Day":  8410541.08542993,
    "Day_Fluctuation":  0.13672835045256279,
    "ThreeDay":  8410541.08542993,
    "ThreeDay_Fluctuation":  0.13672835045256282,
    "Week":  8410541.08542993,
    "Week_Fluctuation":  0.13672835045256282,
    "Duration":  "00:01:03.7670428",
    "Updated":  "\/Date(1640188828963)\/",
    "Failed":  9,
    "PowerDraw_Live":  84,
    "PowerDraw_Average":  84.723903736502038,
    "Diff_Live":  474299133,
    "Diff_Average":  388474264.97019964,
    "Ratio_Live":  0,
    "Benchmarked":  "\/Date(1640163019047)\/",
    "LogFile":  "WildRig-GPU#00-40700_2021-12-22_21-28-56.txt"
}
