{
    "Live":  13279.4361111111,
    "Minute":  13279.4361111111,
    "Minute_Fluctuation":  0,
    "Minute_5":  13279.4361111111,
    "Minute_5_Fluctuation":  0,
    "Minute_10":  13279.4361111111,
    "Minute_10_Fluctuation":  0,
    "Hour":  13279.4361111111,
    "Hour_Fluctuation":  0,
    "Day":  13279.4361111111,
    "Day_Fluctuation":  0,
    "ThreeDay":  13279.4361111111,
    "ThreeDay_Fluctuation":  0,
    "Week":  13279.4361111111,
    "Week_Fluctuation":  0,
    "Duration":  "00:00:23.6555930",
    "Updated":  "\/Date(1640107289536)\/",
    "Failed":  0,
    "PowerDraw_Live":  72,
    "PowerDraw_Average":  72,
    "Diff_Live":  450046.16666666669,
    "Diff_Average":  450046.16666666669,
    "Ratio_Live":  0,
    "Benchmarked":  "\/Date(1640107202220)\/",
    "LogFile":  "Xmrig-GPU#00-35000_2021-12-21_22-50-02.txt"
}
