{
    "Live":  20964761.9047619,
    "Minute":  20778581.3755584,
    "Minute_Fluctuation":  0.014737355914346549,
    "Minute_5":  20857061.0493243,
    "Minute_5_Fluctuation":  0.0097970530512442068,
    "Minute_10":  20900561.5705724,
    "Minute_10_Fluctuation":  0.0091378301810066589,
    "Hour":  20900561.5705724,
    "Hour_Fluctuation":  0.00913783018100666,
    "Day":  20900561.5705724,
    "Day_Fluctuation":  0.00913783018100666,
    "ThreeDay":  20900561.5705724,
    "ThreeDay_Fluctuation":  0.00913783018100666,
    "Week":  20900561.5705724,
    "Week_Fluctuation":  0.00913783018100666,
    "Duration":  "00:10:05.1332291",
    "Updated":  "\/Date(1640170087943)\/",
    "Failed":  30,
    "PowerDraw_Live":  82,
    "PowerDraw_Average":  84.66359634743813,
    "Diff_Live":  0,
    "Diff_Average":  0,
    "Ratio_Live":  0,
    "Benchmarked":  "\/Date(1640096192573)\/",
    "LogFile":  "lolminer-GPU#00-31700_2021-12-25_01-56-57.txt"
}
