{
    "Live":  15168658.0909091,
    "Minute":  15168658.0909091,
    "Minute_Fluctuation":  0,
    "Minute_5":  15168658.0909091,
    "Minute_5_Fluctuation":  0,
    "Minute_10":  15168658.0909091,
    "Minute_10_Fluctuation":  0,
    "Hour":  15168658.0909091,
    "Hour_Fluctuation":  0,
    "Day":  15168658.0909091,
    "Day_Fluctuation":  0,
    "ThreeDay":  15168658.0909091,
    "ThreeDay_Fluctuation":  0,
    "Week":  15168658.0909091,
    "Week_Fluctuation":  0,
    "Duration":  "00:00:24.6779875",
    "Updated":  "\/Date(1640100086479)\/",
    "Failed":  0,
    "PowerDraw_Live":  82,
    "PowerDraw_Average":  82,
    "Diff_Live":  105,
    "Diff_Average":  105,
    "Ratio_Live":  0,
    "Benchmarked":  "\/Date(1640099928932)\/",
    "LogFile":  "Trex19-GPU#00-31900_2021-12-21_20-48-48.txt"
}
