{
    "Live":  18475270,
    "Minute":  18475270,
    "Minute_Fluctuation":  0,
    "Minute_5":  18475270,
    "Minute_5_Fluctuation":  0,
    "Minute_10":  18475270,
    "Minute_10_Fluctuation":  0,
    "Hour":  18475270,
    "Hour_Fluctuation":  0,
    "Day":  18475270,
    "Day_Fluctuation":  0,
    "ThreeDay":  18475270,
    "ThreeDay_Fluctuation":  0,
    "Week":  18475270,
    "Week_Fluctuation":  0,
    "Duration":  "00:00:30.0448816",
    "Updated":  "\/Date(1640164340689)\/",
    "Failed":  0,
    "PowerDraw_Live":  75,
    "PowerDraw_Average":  75,
    "Diff_Live":  2.3961150000000009,
    "Diff_Average":  2.3961150000000009,
    "Ratio_Live":  0,
    "Benchmarked":  "\/Date(1640164308323)\/",
    "LogFile":  "CcminerTpruvot-GPU#00-11400_2021-12-22_14-41-48.txt"
}
