{
    "Live":  20219908.1764706,
    "Minute":  20219908.1764706,
    "Minute_Fluctuation":  0,
    "Minute_5":  20219908.1764706,
    "Minute_5_Fluctuation":  0,
    "Minute_10":  20219908.1764706,
    "Minute_10_Fluctuation":  0,
    "Hour":  20219908.1764706,
    "Hour_Fluctuation":  0,
    "Day":  20219908.1764706,
    "Day_Fluctuation":  0,
    "ThreeDay":  20219908.1764706,
    "ThreeDay_Fluctuation":  0,
    "Week":  20219908.1764706,
    "Week_Fluctuation":  0,
    "Duration":  "00:00:29.8281139",
    "Updated":  "\/Date(1640165241491)\/",
    "Failed":  0,
    "PowerDraw_Live":  91,
    "PowerDraw_Average":  91,
    "Diff_Live":  8,
    "Diff_Average":  8,
    "Ratio_Live":  0,
    "Benchmarked":  "\/Date(1640165209081)\/",
    "LogFile":  "Trex19-GPU#00-31900_2021-12-22_14-56-49.txt"
}
