{
    "Live":  28230986,
    "Minute":  28230986,
    "Minute_Fluctuation":  0,
    "Minute_5":  28230986,
    "Minute_5_Fluctuation":  0,
    "Minute_10":  28230986,
    "Minute_10_Fluctuation":  0,
    "Hour":  28230986,
    "Hour_Fluctuation":  0,
    "Day":  28230986,
    "Day_Fluctuation":  0,
    "ThreeDay":  28230986,
    "ThreeDay_Fluctuation":  0,
    "Week":  28230986,
    "Week_Fluctuation":  0,
    "Duration":  "00:00:29.7925764",
    "Updated":  "\/Date(1640164276842)\/",
    "Failed":  0,
    "PowerDraw_Live":  77,
    "PowerDraw_Average":  77,
    "Diff_Live":  2.2352941176470589,
    "Diff_Average":  2.2352941176470589,
    "Ratio_Live":  0,
    "Benchmarked":  "\/Date(1640164244718)\/",
    "LogFile":  "CcminerLyra2v3-GPU#00-10600_2021-12-22_14-40-44.txt"
}
