{
    "Live":  405.468085106383,
    "Minute":  405.468085106383,
    "Minute_Fluctuation":  0,
    "Minute_5":  405.468085106383,
    "Minute_5_Fluctuation":  0,
    "Minute_10":  405.468085106383,
    "Minute_10_Fluctuation":  0,
    "Hour":  405.468085106383,
    "Hour_Fluctuation":  0,
    "Day":  405.468085106383,
    "Day_Fluctuation":  0,
    "ThreeDay":  405.468085106383,
    "ThreeDay_Fluctuation":  0,
    "Week":  405.468085106383,
    "Week_Fluctuation":  0,
    "Duration":  "00:00:28.9088849",
    "Updated":  "\/Date(1640096536997)\/",
    "Failed":  0,
    "PowerDraw_Live":  60,
    "PowerDraw_Average":  60,
    "Diff_Live":  65537,
    "Diff_Average":  65537,
    "Ratio_Live":  0,
    "Benchmarked":  "\/Date(1640096383580)\/",
    "LogFile":  "WildRig-GPU#00-40700_2021-12-21_19-49-43.txt"
}
