{
    "Live":  1483020.15384615,
    "Minute":  1483020.15384615,
    "Minute_Fluctuation":  0,
    "Minute_5":  1483020.15384615,
    "Minute_5_Fluctuation":  0,
    "Minute_10":  1483020.15384615,
    "Minute_10_Fluctuation":  0,
    "Hour":  1483020.15384615,
    "Hour_Fluctuation":  0,
    "Day":  1483020.15384615,
    "Day_Fluctuation":  0,
    "ThreeDay":  1483020.15384615,
    "ThreeDay_Fluctuation":  0,
    "Week":  1483020.15384615,
    "Week_Fluctuation":  0,
    "Duration":  "00:00:29.7565862",
    "Updated":  "\/Date(1640163958293)\/",
    "Failed":  0,
    "PowerDraw_Live":  65,
    "PowerDraw_Average":  65,
    "Diff_Live":  268439552,
    "Diff_Average":  268439552,
    "Ratio_Live":  0,
    "Benchmarked":  "\/Date(1640163926298)\/",
    "LogFile":  "WildRig-GPU#00-40700_2021-12-22_14-35-26.txt"
}
