{
    "Live":  9560856.81081081,
    "Minute":  9560856.81081081,
    "Minute_Fluctuation":  0,
    "Minute_5":  9560856.81081081,
    "Minute_5_Fluctuation":  0,
    "Minute_10":  9560856.81081081,
    "Minute_10_Fluctuation":  0,
    "Hour":  9560856.81081081,
    "Hour_Fluctuation":  0,
    "Day":  9560856.81081081,
    "Day_Fluctuation":  0,
    "ThreeDay":  9560856.81081081,
    "ThreeDay_Fluctuation":  0,
    "Week":  9560856.81081081,
    "Week_Fluctuation":  0,
    "Duration":  "00:00:27.9750804",
    "Updated":  "\/Date(1640098127683)\/",
    "Failed":  0,
    "PowerDraw_Live":  87,
    "PowerDraw_Average":  87,
    "Diff_Live":  2160000000,
    "Diff_Average":  2160000000,
    "Ratio_Live":  0,
    "Benchmarked":  "\/Date(1640097970760)\/",
    "LogFile":  "Trex-GPU#00-31600_2021-12-21_20-16-10.txt"
}
