{
    "Live":  1150.90909090909,
    "Minute":  1150.90909090909,
    "Minute_Fluctuation":  0,
    "Minute_5":  1150.90909090909,
    "Minute_5_Fluctuation":  0,
    "Minute_10":  1150.90909090909,
    "Minute_10_Fluctuation":  0,
    "Hour":  1150.90909090909,
    "Hour_Fluctuation":  0,
    "Day":  1150.90909090909,
    "Day_Fluctuation":  0,
    "ThreeDay":  1150.90909090909,
    "ThreeDay_Fluctuation":  0,
    "Week":  1150.90909090909,
    "Week_Fluctuation":  0,
    "Duration":  "00:00:36.0536813",
    "Updated":  "\/Date(1640163766964)\/",
    "Failed":  0,
    "PowerDraw_Live":  74,
    "PowerDraw_Average":  74,
    "Diff_Live":  1,
    "Diff_Average":  1,
    "Ratio_Live":  0,
    "Benchmarked":  "\/Date(1640163673072)\/",
    "LogFile":  "CcminerYescrypt-GPU#00-12900_2021-12-22_14-31-13.txt"
}
