{
    "Live":  75138.1818181818,
    "Minute":  75138.1818181818,
    "Minute_Fluctuation":  0,
    "Minute_5":  75138.1818181818,
    "Minute_5_Fluctuation":  0,
    "Minute_10":  75138.1818181818,
    "Minute_10_Fluctuation":  0,
    "Hour":  75138.1818181818,
    "Hour_Fluctuation":  0,
    "Day":  75138.1818181818,
    "Day_Fluctuation":  0,
    "ThreeDay":  75138.1818181818,
    "ThreeDay_Fluctuation":  0,
    "Week":  75138.1818181818,
    "Week_Fluctuation":  0,
    "Duration":  "00:00:25.6496117",
    "Updated":  "\/Date(1640106576899)\/",
    "Failed":  10,
    "PowerDraw_Live":  79,
    "PowerDraw_Average":  79,
    "Diff_Live":  0.30553200000000008,
    "Diff_Average":  0.30553200000000008,
    "Ratio_Live":  0,
    "Benchmarked":  "\/Date(1640106489643)\/",
    "LogFile":  "CcminerDyn-GPU#00-12800_2021-12-22_19-45-21.txt"
}
