{
    "Live":  8676317.49294118,
    "Minute":  8676317.49294118,
    "Minute_Fluctuation":  0,
    "Minute_5":  8676317.49294118,
    "Minute_5_Fluctuation":  0,
    "Minute_10":  8676317.49294118,
    "Minute_10_Fluctuation":  0,
    "Hour":  8676317.49294118,
    "Hour_Fluctuation":  0,
    "Day":  8676317.49294118,
    "Day_Fluctuation":  0,
    "ThreeDay":  8676317.49294118,
    "ThreeDay_Fluctuation":  0,
    "Week":  8676317.49294118,
    "Week_Fluctuation":  0,
    "Duration":  "00:00:25.8212575",
    "Updated":  "\/Date(1640105270225)\/",
    "Failed":  0,
    "PowerDraw_Live":  88,
    "PowerDraw_Average":  88,
    "Diff_Live":  2155905152,
    "Diff_Average":  2155905152,
    "Ratio_Live":  0,
    "Benchmarked":  "\/Date(1640105182135)\/",
    "LogFile":  "Xmrig-GPU#00-35000_2021-12-21_22-16-22.txt"
}
