{
    "Live":  5883517.00536842,
    "Minute":  5845157.59915918,
    "Minute_Fluctuation":  0.010509557882868822,
    "Minute_5":  5841729.52708051,
    "Minute_5_Fluctuation":  0.021635327929928626,
    "Minute_10":  5919036.81111937,
    "Minute_10_Fluctuation":  0.033486782929096723,
    "Hour":  6018879.71159275,
    "Hour_Fluctuation":  0.040065615231878814,
    "Day":  6018879.71159275,
    "Day_Fluctuation":  0.040065615231878807,
    "ThreeDay":  6018879.71159275,
    "ThreeDay_Fluctuation":  0.040065615231878814,
    "Week":  6018879.71159275,
    "Week_Fluctuation":  0.040065615231878807,
    "Duration":  "00:26:22.1994698",
    "Updated":  "\/Date(1640192898612)\/",
    "Failed":  23,
    "PowerDraw_Live":  88,
    "PowerDraw_Average":  83.245097925195708,
    "Diff_Live":  90.929568,
    "Diff_Average":  55.48330298008274,
    "Ratio_Live":  0,
    "Benchmarked":  "\/Date(1640164953147)\/",
    "LogFile":  "CryptoDredge25-GPU#00-36300_2021-12-22_22-32-31.txt"
}
