{
    "Live":  2979700,
    "Minute":  2979700,
    "Minute_Fluctuation":  0,
    "Minute_5":  2979700,
    "Minute_5_Fluctuation":  0,
    "Minute_10":  2979700,
    "Minute_10_Fluctuation":  0,
    "Hour":  2979700,
    "Hour_Fluctuation":  0,
    "Day":  2979700,
    "Day_Fluctuation":  0,
    "ThreeDay":  2979700,
    "ThreeDay_Fluctuation":  0,
    "Week":  2979700,
    "Week_Fluctuation":  0,
    "Duration":  "00:00:32.8405762",
    "Updated":  "\/Date(1640166405057)\/",
    "Failed":  0,
    "PowerDraw_Live":  82,
    "PowerDraw_Average":  82,
    "Diff_Live":  90.929568,
    "Diff_Average":  90.929568,
    "Ratio_Live":  0,
    "Benchmarked":  "\/Date(1640166306390)\/",
    "LogFile":  "CcminerTpruvot-GPU#00-11400_2021-12-22_15-15-06.txt"
}
