{
    "Live":  21751586.7567568,
    "Minute":  21751586.7567568,
    "Minute_Fluctuation":  0,
    "Minute_5":  21751586.7567568,
    "Minute_5_Fluctuation":  0,
    "Minute_10":  21751586.7567568,
    "Minute_10_Fluctuation":  0,
    "Hour":  21751586.7567568,
    "Hour_Fluctuation":  0,
    "Day":  21751586.7567568,
    "Day_Fluctuation":  0,
    "ThreeDay":  21751586.7567568,
    "ThreeDay_Fluctuation":  0,
    "Week":  21751586.7567568,
    "Week_Fluctuation":  0,
    "Duration":  "00:00:27.9192712",
    "Updated":  "\/Date(1640098320964)\/",
    "Failed":  0,
    "PowerDraw_Live":  89,
    "PowerDraw_Average":  89,
    "Diff_Live":  4290000000,
    "Diff_Average":  4290000000,
    "Ratio_Live":  0,
    "Benchmarked":  "\/Date(1640098167334)\/",
    "LogFile":  "Trex-GPU#00-31600_2021-12-21_20-19-27.txt"
}
