{
    "Live":  10125676.3421053,
    "Minute":  10125676.3421053,
    "Minute_Fluctuation":  0,
    "Minute_5":  10125676.3421053,
    "Minute_5_Fluctuation":  0,
    "Minute_10":  10125676.3421053,
    "Minute_10_Fluctuation":  0,
    "Hour":  10125676.3421053,
    "Hour_Fluctuation":  0,
    "Day":  10125676.3421053,
    "Day_Fluctuation":  0,
    "ThreeDay":  10125676.3421053,
    "ThreeDay_Fluctuation":  0,
    "Week":  10125676.3421053,
    "Week_Fluctuation":  0,
    "Duration":  "00:00:28.9968337",
    "Updated":  "\/Date(1640097323579)\/",
    "Failed":  0,
    "PowerDraw_Live":  88,
    "PowerDraw_Average":  88,
    "Diff_Live":  4290000000,
    "Diff_Average":  4290000000,
    "Ratio_Live":  0,
    "Benchmarked":  "\/Date(1640097164203)\/",
    "LogFile":  "Trex-GPU#00-31600_2021-12-21_20-02-44.txt"
}
