{
    "Live":  4645681.36363636,
    "Minute":  4645681.36363636,
    "Minute_Fluctuation":  0,
    "Minute_5":  4645681.36363636,
    "Minute_5_Fluctuation":  0,
    "Minute_10":  4645681.36363636,
    "Minute_10_Fluctuation":  0,
    "Hour":  4645681.36363636,
    "Hour_Fluctuation":  0,
    "Day":  4645681.36363636,
    "Day_Fluctuation":  0,
    "ThreeDay":  4645681.36363636,
    "ThreeDay_Fluctuation":  0,
    "Week":  4645681.36363636,
    "Week_Fluctuation":  0,
    "Duration":  "00:00:33.9893978",
    "Updated":  "\/Date(1640164468542)\/",
    "Failed":  0,
    "PowerDraw_Live":  95,
    "PowerDraw_Average":  95,
    "Diff_Live":  1,
    "Diff_Average":  1,
    "Ratio_Live":  0,
    "Benchmarked":  "\/Date(1640164372487)\/",
    "LogFile":  "CryptoDredge16-GPU#00-33800_2021-12-22_14-42-52.txt"
}
