{
    "Live":  5361469.78222222,
    "Minute":  5361469.78222222,
    "Minute_Fluctuation":  0,
    "Minute_5":  5361469.78222222,
    "Minute_5_Fluctuation":  0,
    "Minute_10":  5361469.78222222,
    "Minute_10_Fluctuation":  0,
    "Hour":  5361469.78222222,
    "Hour_Fluctuation":  0,
    "Day":  5361469.78222222,
    "Day_Fluctuation":  0,
    "ThreeDay":  5361469.78222222,
    "ThreeDay_Fluctuation":  0,
    "Week":  5361469.78222222,
    "Week_Fluctuation":  0,
    "Duration":  "00:00:27.8853853",
    "Updated":  "\/Date(1640096922227)\/",
    "Failed":  0,
    "PowerDraw_Live":  86,
    "PowerDraw_Average":  86,
    "Diff_Live":  0,
    "Diff_Average":  0,
    "Ratio_Live":  0,
    "Benchmarked":  "\/Date(1640096766689)\/",
    "LogFile":  "MiniZ-GPU#00-33000_2021-12-21_19-56-06.txt"
}
