{
    "Live":  34247948.7179487,
    "Minute":  34247948.7179487,
    "Minute_Fluctuation":  0,
    "Minute_5":  34247948.7179487,
    "Minute_5_Fluctuation":  0,
    "Minute_10":  34247948.7179487,
    "Minute_10_Fluctuation":  0,
    "Hour":  34247948.7179487,
    "Hour_Fluctuation":  0,
    "Day":  34247948.7179487,
    "Day_Fluctuation":  0,
    "ThreeDay":  34247948.7179487,
    "ThreeDay_Fluctuation":  0,
    "Week":  34247948.7179487,
    "Week_Fluctuation":  0,
    "Duration":  "00:00:28.8957922",
    "Updated":  "\/Date(1640097526053)\/",
    "Failed":  0,
    "PowerDraw_Live":  68,
    "PowerDraw_Average":  68,
    "Diff_Live":  0,
    "Diff_Average":  0,
    "Ratio_Live":  0,
    "Benchmarked":  "\/Date(1640097365816)\/",
    "LogFile":  "lolminer-GPU#00-31700_2021-12-21_20-06-05.txt"
}
