{
    "Live":  25984231.3167333,
    "Minute":  25984231.3167333,
    "Minute_Fluctuation":  0,
    "Minute_5":  25984231.3167333,
    "Minute_5_Fluctuation":  0,
    "Minute_10":  25984231.3167333,
    "Minute_10_Fluctuation":  0,
    "Hour":  25984231.3167333,
    "Hour_Fluctuation":  0,
    "Day":  25984231.3167333,
    "Day_Fluctuation":  0,
    "ThreeDay":  25984231.3167333,
    "ThreeDay_Fluctuation":  0,
    "Week":  25984231.3167333,
    "Week_Fluctuation":  0,
    "Duration":  "00:00:29.8969305",
    "Updated":  "\/Date(1640165050733)\/",
    "Failed":  0,
    "PowerDraw_Live":  82,
    "PowerDraw_Average":  82,
    "Diff_Live":  40.736597,
    "Diff_Average":  40.736597,
    "Ratio_Live":  0,
    "Benchmarked":  "\/Date(1640165018534)\/",
    "LogFile":  "CryptoDredge25-GPU#00-36320_2021-12-22_14-53-38.txt"
}
