{
    "Live":  307886.666666667,
    "Minute":  307886.666666667,
    "Minute_Fluctuation":  0,
    "Minute_5":  307886.666666667,
    "Minute_5_Fluctuation":  0,
    "Minute_10":  307886.666666667,
    "Minute_10_Fluctuation":  0,
    "Hour":  307886.666666667,
    "Hour_Fluctuation":  0,
    "Day":  307886.666666667,
    "Day_Fluctuation":  0,
    "ThreeDay":  307886.666666667,
    "ThreeDay_Fluctuation":  0,
    "Week":  307886.666666667,
    "Week_Fluctuation":  0,
    "Duration":  "00:00:25.7332964",
    "Updated":  "\/Date(1640108208291)\/",
    "Failed":  0,
    "PowerDraw_Live":  76,
    "PowerDraw_Average":  76,
    "Diff_Live":  0,
    "Diff_Average":  0,
    "Ratio_Live":  0,
    "Benchmarked":  "\/Date(1640107987948)\/",
    "LogFile":  "VertHash-GPU#00-36400_2021-12-21_23-03-07.txt"
}
