{
    "Live":  774198.416666667,
    "Minute":  774198.416666667,
    "Minute_Fluctuation":  0,
    "Minute_5":  774198.416666667,
    "Minute_5_Fluctuation":  0,
    "Minute_10":  774198.416666667,
    "Minute_10_Fluctuation":  0,
    "Hour":  774198.416666667,
    "Hour_Fluctuation":  0,
    "Day":  774198.416666667,
    "Day_Fluctuation":  0,
    "ThreeDay":  774198.416666667,
    "ThreeDay_Fluctuation":  0,
    "Week":  774198.416666667,
    "Week_Fluctuation":  0,
    "Duration":  "00:00:29.7038705",
    "Updated":  "\/Date(1640166275203)\/",
    "Failed":  0,
    "PowerDraw_Live":  84,
    "PowerDraw_Average":  84,
    "Diff_Live":  2.8665549999999991,
    "Diff_Average":  2.8665549999999991,
    "Ratio_Live":  0,
    "Benchmarked":  "\/Date(1640166243212)\/",
    "LogFile":  "CryptoDredge25-GPU#00-36300_2021-12-22_15-14-03.txt"
}
