{
    "Live":  0.00000000000148149569414194,
    "Minute":  0.00000000000148149569414194,
    "Minute_Fluctuation":  0.0007771602060222824,
    "Minute_5":  0.00000000000148211458706266,
    "Minute_5_Fluctuation":  0.0032602259510872231,
    "Minute_10":  0.00000000000150554039944026,
    "Minute_10_Fluctuation":  0.052670110124004,
    "Hour":  0.00000000000179395210793545,
    "Hour_Fluctuation":  0.081735361319518543,
    "Day":  0.00000000000194910240511735,
    "Day_Fluctuation":  0.030587694302684272,
    "ThreeDay":  0.00000000000194910240511735,
    "ThreeDay_Fluctuation":  0.030587694302684269,
    "Week":  0.00000000000194910240511735,
    "Week_Fluctuation":  0.030587694302684272,
    "Duration":  "07:56:29.0720691",
    "Updated":  "\/Date(1640378916730)\/",
    "Failed":  0,
    "HashRate_Live":  58343113245.69,
    "HashRate_Average":  61653379032.050362,
    "BlockRate_Live":  129,
    "BlockRate_Average":  164.01975102606377,
    "Diff_Live":  0,
    "Diff_Average":  0,
    "Actual24h_Week":  0,
    "Estimate24h_Week":  0,
    "ErrorRatio":  1
}
