{
    "Live":  0.00000000100484064427803,
    "Minute":  0.00000000100484064427803,
    "Minute_Fluctuation":  0.00097837669654513731,
    "Minute_5":  0.0000000010054398909127,
    "Minute_5_Fluctuation":  0.0020687982611219177,
    "Minute_10":  0.00000000096723067855028,
    "Minute_10_Fluctuation":  0.23895283280704907,
    "Hour":  0.00000000063786020328225,
    "Hour_Fluctuation":  0.508914671908255,
    "Day":  0.000000000694071206192311,
    "Day_Fluctuation":  0.1825125147082157,
    "ThreeDay":  0.000000000694071206192311,
    "ThreeDay_Fluctuation":  0.18251251470821567,
    "Week":  0.000000000694071206192311,
    "Week_Fluctuation":  0.1825125147082157,
    "Duration":  "07:56:29.0720691",
    "Updated":  "\/Date(1640378916690)\/",
    "Failed":  0,
    "HashRate_Live":  47265026,
    "HashRate_Average":  67699204.018984541,
    "BlockRate_Live":  16,
    "BlockRate_Average":  11.909781866508132,
    "Diff_Live":  0,
    "Diff_Average":  0,
    "Actual24h_Week":  0,
    "Estimate24h_Week":  0,
    "ErrorRatio":  1
}
