{
    "Live":  0.000000308176864565898,
    "Minute":  0.000000308176864565898,
    "Minute_Fluctuation":  0,
    "Minute_5":  0.000000308380372149083,
    "Minute_5_Fluctuation":  0.0017412193826364249,
    "Minute_10":  0.000000308285155030687,
    "Minute_10_Fluctuation":  0.0023654672921048572,
    "Hour":  0.000000313968088219435,
    "Hour_Fluctuation":  0.023596037159798484,
    "Day":  0.0000003191183370428,
    "Day_Fluctuation":  0.020806877451913328,
    "ThreeDay":  0.0000003191183370428,
    "ThreeDay_Fluctuation":  0.020806877451913324,
    "Week":  0.0000003191183370428,
    "Week_Fluctuation":  0.020806877451913328,
    "Duration":  "03:17:07.2560019",
    "Updated":  "\/Date(1640109091536)\/",
    "Failed":  0,
    "HashRate_Live":  181393.78,
    "HashRate_Average":  181130.93347138836,
    "BlockRate_Live":  93,
    "BlockRate_Average":  94.341364316210147,
    "Diff_Live":  0,
    "Diff_Average":  0,
    "Actual24h_Week":  0,
    "Estimate24h_Week":  0,
    "ErrorRatio":  1
}
