{
    "Live":  0.000000000000307270120253333,
    "Minute":  0.000000000000307270120253333,
    "Minute_Fluctuation":  0,
    "Minute_5":  0.000000000000304795019191461,
    "Minute_5_Fluctuation":  0.016345544009129086,
    "Minute_10":  0.000000000000302154442380186,
    "Minute_10_Fluctuation":  0.023078576667201065,
    "Hour":  0.000000000000313381445699398,
    "Hour_Fluctuation":  0.045163463910825215,
    "Day":  0.000000000000322797883337041,
    "Day_Fluctuation":  0.046886237541693812,
    "ThreeDay":  0.000000000000322797883337041,
    "ThreeDay_Fluctuation":  0.046886237541693819,
    "Week":  0.000000000000322797883337041,
    "Week_Fluctuation":  0.046886237541693812,
    "Duration":  "03:17:07.2560019",
    "Updated":  "\/Date(1640109091227)\/",
    "Failed":  0,
    "HashRate_Live":  1102347668152,
    "HashRate_Average":  1097641198223.2356,
    "BlockRate_Live":  48,
    "BlockRate_Average":  48.892780510812067,
    "Diff_Live":  0,
    "Diff_Average":  0,
    "Actual24h_Week":  0,
    "Estimate24h_Week":  0,
    "ErrorRatio":  1
}
