{
    "Live":  0.00000000000121379824445892,
    "Minute":  0.00000000000121379824445892,
    "Minute_Fluctuation":  0.00010822302597168765,
    "Minute_5":  0.00000000000122387470094834,
    "Minute_5_Fluctuation":  0.01954988701005015,
    "Minute_10":  0.00000000000125010481651661,
    "Minute_10_Fluctuation":  0.046049371416814991,
    "Hour":  0.00000000000133976927671862,
    "Hour_Fluctuation":  0.082492540755540925,
    "Day":  0.00000000000120673285837574,
    "Day_Fluctuation":  0.0733861959287434,
    "ThreeDay":  0.00000000000120673285837574,
    "ThreeDay_Fluctuation":  0.073386195928743431,
    "Week":  0.00000000000120673285837574,
    "Week_Fluctuation":  0.073386195928743431,
    "Duration":  "07:56:29.0720691",
    "Updated":  "\/Date(1640378916455)\/",
    "Failed":  0,
    "HashRate_Live":  38882735455022,
    "HashRate_Average":  37957067219415.266,
    "BlockRate_Live":  280,
    "BlockRate_Average":  297.88115507355775,
    "Diff_Live":  0,
    "Diff_Average":  0,
    "Actual24h_Week":  0,
    "Estimate24h_Week":  0,
    "ErrorRatio":  1
}
