{
    "Live":  0.00000000000169497428279396,
    "Minute":  0.00000000000169497428279396,
    "Minute_Fluctuation":  0.0026452083748156226,
    "Minute_5":  0.0000000000016849193204558,
    "Minute_5_Fluctuation":  0.015229881474857512,
    "Minute_10":  0.00000000000169536516973483,
    "Minute_10_Fluctuation":  0.036191766111656282,
    "Hour":  0.00000000000185628352291482,
    "Hour_Fluctuation":  0.0750970444843114,
    "Day":  0.00000000000175948526789466,
    "Day_Fluctuation":  0.096134637112833529,
    "ThreeDay":  0.00000000000175948526789466,
    "ThreeDay_Fluctuation":  0.096134637112833515,
    "Week":  0.00000000000175948526789466,
    "Week_Fluctuation":  0.096134637112833529,
    "Duration":  "07:56:29.0720691",
    "Updated":  "\/Date(1640378916623)\/",
    "Failed":  0,
    "HashRate_Live":  2368778465347.74,
    "HashRate_Average":  2389267002684.604,
    "BlockRate_Live":  419,
    "BlockRate_Average":  486.81566761483413,
    "Diff_Live":  0,
    "Diff_Average":  0,
    "Actual24h_Week":  0,
    "Estimate24h_Week":  0,
    "ErrorRatio":  1
}
