{
    "Live":  0.0000179722533362154,
    "Minute":  0.0000179722533362154,
    "Minute_Fluctuation":  0,
    "Minute_5":  0.0000180255036143805,
    "Minute_5_Fluctuation":  0.0053492934137832895,
    "Minute_10":  0.0000180335711654984,
    "Minute_10_Fluctuation":  0.0065432503245481137,
    "Hour":  0.0000178846594734139,
    "Hour_Fluctuation":  0.034103477572626585,
    "Day":  0.0000173995602126022,
    "Day_Fluctuation":  0.048963403492920748,
    "ThreeDay":  0.0000173995602126022,
    "ThreeDay_Fluctuation":  0.048963403492920755,
    "Week":  0.0000173995602126022,
    "Week_Fluctuation":  0.048963403492920755,
    "Duration":  "07:31:52.6674625",
    "Updated":  "\/Date(1640177797786)\/",
    "Failed":  0,
    "HashRate_Live":  17729.4736752216,
    "HashRate_Average":  17899.727335774831,
    "BlockRate_Live":  5450,
    "BlockRate_Average":  5489.2749676845569,
    "Diff_Live":  0,
    "Diff_Average":  0,
    "Actual24h_Week":  0,
    "Estimate24h_Week":  0,
    "ErrorRatio":  1
}
