{
    "Live":  0.0000097104942550914,
    "Minute":  0.0000097104942550914,
    "Minute_Fluctuation":  0.00023007163535728424,
    "Minute_5":  0.00000969366032729294,
    "Minute_5_Fluctuation":  0.022682391921297548,
    "Minute_10":  0.00000994950504574149,
    "Minute_10_Fluctuation":  0.057815516663944126,
    "Hour":  0.0000111044611486149,
    "Hour_Fluctuation":  0.063797005388354852,
    "Day":  0.0000107239763551827,
    "Day_Fluctuation":  0.0789440689613746,
    "ThreeDay":  0.0000107239763551827,
    "ThreeDay_Fluctuation":  0.0789440689613746,
    "Week":  0.0000107239763551827,
    "Week_Fluctuation":  0.0789440689613746,
    "Duration":  "07:56:29.0720691",
    "Updated":  "\/Date(1640378916581)\/",
    "Failed":  0,
    "HashRate_Live":  1455.27,
    "HashRate_Average":  1415.3506633393038,
    "BlockRate_Live":  427,
    "BlockRate_Average":  408.36240199359258,
    "Diff_Live":  0,
    "Diff_Average":  0,
    "Actual24h_Week":  0,
    "Estimate24h_Week":  0,
    "ErrorRatio":  1
}
