{
    "Live":  0.00000000000216,
    "Minute":  0.00000000000216,
    "Minute_Fluctuation":  0,
    "Minute_5":  0.00000000000217253708242592,
    "Minute_5_Fluctuation":  0.010211613545556872,
    "Minute_10":  0.00000000000216995286523211,
    "Minute_10_Fluctuation":  0.01093694824017084,
    "Hour":  0.00000000000215350038879658,
    "Hour_Fluctuation":  0.02163710589949866,
    "Day":  0.00000000000217506861484097,
    "Day_Fluctuation":  0.030377055588365235,
    "ThreeDay":  0.00000000000217506861484097,
    "ThreeDay_Fluctuation":  0.030377055588365235,
    "Week":  0.00000000000217506861484097,
    "Week_Fluctuation":  0.030377055588365235,
    "Duration":  "03:06:06.6255166",
    "Updated":  "\/Date(1640109026062)\/",
    "Failed":  0,
    "HashRate_Live":  75059994,
    "HashRate_Average":  53466897.203756742,
    "BlockRate_Live":  0,
    "BlockRate_Average":  0,
    "Diff_Live":  0,
    "Diff_Average":  0,
    "Actual24h_Week":  0,
    "Estimate24h_Week":  0,
    "ErrorRatio":  1
}
