{
    "Live":  0.000768582350401407,
    "Minute":  0.000768582350401407,
    "Minute_Fluctuation":  0,
    "Minute_5":  0.000769159301884448,
    "Minute_5_Fluctuation":  0.001947314907704162,
    "Minute_10":  0.000770016355391449,
    "Minute_10_Fluctuation":  0.0028692371458361498,
    "Hour":  0.000776000702513624,
    "Hour_Fluctuation":  0.0081218660047274009,
    "Day":  0.000779969195714284,
    "Day_Fluctuation":  0.0073185190932463333,
    "ThreeDay":  0.000779969195714284,
    "ThreeDay_Fluctuation":  0.0073185190932463333,
    "Week":  0.000779969195714284,
    "Week_Fluctuation":  0.0073185190932463333,
    "Duration":  "03:17:07.2560019",
    "Updated":  "\/Date(1640109026138)\/",
    "Failed":  0,
    "HashRate_Live":  0.958888888888889,
    "HashRate_Average":  0.91160359184858886,
    "BlockRate_Live":  16,
    "BlockRate_Average":  16,
    "Diff_Live":  0,
    "Diff_Average":  0,
    "Actual24h_Week":  0,
    "Estimate24h_Week":  0,
    "ErrorRatio":  1
}
