{
    "Live":  0.000000000001192575,
    "Minute":  0.000000000001192575,
    "Minute_Fluctuation":  0,
    "Minute_5":  0.00000000000119244410948237,
    "Minute_5_Fluctuation":  0.00032992998198664664,
    "Minute_10":  0.00000000000119622925359512,
    "Minute_10_Fluctuation":  0.01200998563798703,
    "Hour":  0.00000000000122563109065913,
    "Hour_Fluctuation":  0.017970908440254705,
    "Day":  0.00000000000123116544038922,
    "Day_Fluctuation":  0.0052157744688464394,
    "ThreeDay":  0.00000000000123116544038922,
    "ThreeDay_Fluctuation":  0.0052157744688464394,
    "Week":  0.00000000000123116544038922,
    "Week_Fluctuation":  0.0052157744688464394,
    "Duration":  "06:19:46.8018039",
    "Updated":  "\/Date(1640378849974)\/",
    "Failed":  0,
    "HashRate_Live":  13225781695394,
    "HashRate_Average":  12578284004695.787,
    "BlockRate_Live":  120,
    "BlockRate_Average":  113.44401014288701,
    "Diff_Live":  0,
    "Diff_Average":  0,
    "Actual24h_Week":  0,
    "Estimate24h_Week":  0,
    "ErrorRatio":  1
}
