{
    "Live":  0.0000000000000114328058729069,
    "Minute":  0.0000000000000114328058729069,
    "Minute_Fluctuation":  0,
    "Minute_5":  0.0000000000000141269320805552,
    "Minute_5_Fluctuation":  0.32587598864538486,
    "Minute_10":  0.000000000000014723557068135,
    "Minute_10_Fluctuation":  0.34203311975219797,
    "Hour":  0.0000000000000124730433155265,
    "Hour_Fluctuation":  0.34258482558577585,
    "Day":  0.0000000000000112275202121343,
    "Day_Fluctuation":  0.12125831041697377,
    "ThreeDay":  0.0000000000000112184464184896,
    "ThreeDay_Fluctuation":  0.10079766266677505,
    "Week":  0.0000000000000112184464184896,
    "Week_Fluctuation":  0.10079766266677506,
    "Duration":  "1.12:09:26.0762964",
    "Updated":  "\/Date(1640378850420)\/",
    "Failed":  0,
    "HashRate_Live":  0,
    "HashRate_Average":  0,
    "BlockRate_Live":  0,
    "BlockRate_Average":  0,
    "Diff_Live":  0,
    "Diff_Average":  0,
    "Actual24h_Week":  0.00000000428965957207921,
    "Estimate24h_Week":  0.00000428965957207921,
    "ErrorRatio":  0.616261123557682
}
