{
    "Live":  0.000000000000182589011545888,
    "Minute":  0.000000000000182589011545888,
    "Minute_Fluctuation":  0,
    "Minute_5":  0.000000000000185145856598943,
    "Minute_5_Fluctuation":  0.033587202458768624,
    "Minute_10":  0.000000000000195380402355699,
    "Minute_10_Fluctuation":  0.14594500850905986,
    "Hour":  0.000000000000195919586524046,
    "Hour_Fluctuation":  0.14326577098445675,
    "Day":  0.000000000000187069017059964,
    "Day_Fluctuation":  0.09477627462763992,
    "ThreeDay":  0.000000000000185420861528868,
    "ThreeDay_Fluctuation":  0.085090692576194976,
    "Week":  0.000000000000185420861528868,
    "Week_Fluctuation":  0.085090692576194976,
    "Duration":  "1.12:09:26.0762964",
    "Updated":  "\/Date(1640378850669)\/",
    "Failed":  0,
    "HashRate_Live":  175000,
    "HashRate_Average":  165992.603210485,
    "BlockRate_Live":  0,
    "BlockRate_Average":  0,
    "Diff_Live":  0,
    "Diff_Average":  0,
    "Actual24h_Week":  0.000000000063767442217359,
    "Estimate24h_Week":  0.000000063767442217359,
    "ErrorRatio":  0.616261123557682
}
