{
    "Live":  0.000209596796134033,
    "Minute":  0.000209596796134033,
    "Minute_Fluctuation":  0,
    "Minute_5":  0.000210960431299854,
    "Minute_5_Fluctuation":  0.0085283173880627075,
    "Minute_10":  0.000210866314205751,
    "Minute_10_Fluctuation":  0.0092307781259550383,
    "Hour":  0.000212460959690902,
    "Hour_Fluctuation":  0.036710053906943166,
    "Day":  0.000238029315142032,
    "Day_Fluctuation":  0.011904764427742473,
    "ThreeDay":  0.000238249605817672,
    "ThreeDay_Fluctuation":  0.011046763410706852,
    "Week":  0.000238249605817672,
    "Week_Fluctuation":  0.011046763410706852,
    "Duration":  "1.03:16:07.2560019",
    "Updated":  "\/Date(1640109092497)\/",
    "Failed":  0,
    "HashRate_Live":  4,
    "HashRate_Average":  3.6443395840078838,
    "BlockRate_Live":  48,
    "BlockRate_Average":  49.59258522475227,
    "Diff_Live":  0,
    "Diff_Average":  0,
    "Actual24h_Week":  0,
    "Estimate24h_Week":  0,
    "ErrorRatio":  1
}
