{
    "Live":  0.00000000000688602267965292,
    "Minute":  0.00000000000688602267965292,
    "Minute_Fluctuation":  0,
    "Minute_5":  0.00000000000724304179877384,
    "Minute_5_Fluctuation":  0.094502801995476268,
    "Minute_10":  0.00000000000770882301930672,
    "Minute_10_Fluctuation":  0.18538236381268394,
    "Hour":  0.00000000000734228539599157,
    "Hour_Fluctuation":  0.2372719321206444,
    "Day":  0.00000000000662358702112756,
    "Day_Fluctuation":  0.10174847769397609,
    "ThreeDay":  0.00000000000651510873525308,
    "ThreeDay_Fluctuation":  0.085402908198625574,
    "Week":  0.00000000000651510873525308,
    "Week_Fluctuation":  0.085402908198625546,
    "Duration":  "1.12:09:26.0762964",
    "Updated":  "\/Date(1640378850379)\/",
    "Failed":  0,
    "HashRate_Live":  7830000,
    "HashRate_Average":  46023428.566662267,
    "BlockRate_Live":  0,
    "BlockRate_Average":  0,
    "Diff_Live":  0,
    "Diff_Average":  0,
    "Actual24h_Week":  0.00000000206997231132042,
    "Estimate24h_Week":  0.00000206997231132042,
    "ErrorRatio":  0.616261123557682
}
