{
    "Live":  0.000156295080559292,
    "Minute":  0.000156295080559292,
    "Minute_Fluctuation":  0,
    "Minute_5":  0.00015195609122413,
    "Minute_5_Fluctuation":  0.027020370387197984,
    "Minute_10":  0.000149770955278431,
    "Minute_10_Fluctuation":  0.019957208429834217,
    "Hour":  0.000151487032622384,
    "Hour_Fluctuation":  0.035289072546172973,
    "Day":  0.000167746942580313,
    "Day_Fluctuation":  0.010763137793377304,
    "ThreeDay":  0.000167883655819767,
    "ThreeDay_Fluctuation":  0.010027794363378601,
    "Week":  0.000167883655819767,
    "Week_Fluctuation":  0.010027794363378601,
    "Duration":  "1.03:16:07.2560019",
    "Updated":  "\/Date(1640109092543)\/",
    "Failed":  0,
    "HashRate_Live":  13,
    "HashRate_Average":  12.658198001759631,
    "BlockRate_Live":  128,
    "BlockRate_Average":  129.60587528005385,
    "Diff_Live":  0,
    "Diff_Average":  0,
    "Actual24h_Week":  0,
    "Estimate24h_Week":  0,
    "ErrorRatio":  1
}
