{
    "Live":  0.00000000000000040625014938,
    "Minute":  0.00000000000000040625014938,
    "Minute_Fluctuation":  0,
    "Minute_5":  0.0000000000000004143264908165,
    "Minute_5_Fluctuation":  0.061477317100473,
    "Minute_10":  0.0000000000000004108580103845,
    "Minute_10_Fluctuation":  0.049563779315113313,
    "Hour":  0.0000000000000004383754914106,
    "Hour_Fluctuation":  0.1125516922052236,
    "Day":  0.0000000000000004113161739989,
    "Day_Fluctuation":  0.0898956151677893,
    "ThreeDay":  0.0000000000000004061624395781,
    "ThreeDay_Fluctuation":  0.07804799782240418,
    "Week":  0.0000000000000004061624395781,
    "Week_Fluctuation":  0.07804799782240418,
    "Duration":  "1.12:09:26.0762964",
    "Updated":  "\/Date(1640378850633)\/",
    "Failed":  0,
    "HashRate_Live":  24770000000000,
    "HashRate_Average":  24133925109251.148,
    "BlockRate_Live":  0,
    "BlockRate_Average":  0,
    "Diff_Live":  0,
    "Diff_Average":  0,
    "Actual24h_Week":  0.000000000171479410021896,
    "Estimate24h_Week":  0.000000171479410021896,
    "ErrorRatio":  0.616261123557682
}
