{
    "Live":  0.0000000000000050884309616224,
    "Minute":  0.0000000000000050884309616224,
    "Minute_Fluctuation":  0,
    "Minute_5":  0.0000000000000045678205675351,
    "Minute_5_Fluctuation":  0.33493496476029394,
    "Minute_10":  0.0000000000000044814338249926,
    "Minute_10_Fluctuation":  0.30481685067987008,
    "Hour":  0.0000000000000034427006380327,
    "Hour_Fluctuation":  0.34506000557493333,
    "Day":  0.0000000000000029169583170042,
    "Day_Fluctuation":  0.12698290227396752,
    "ThreeDay":  0.0000000000000028886669639736,
    "ThreeDay_Fluctuation":  0.10766910677360629,
    "Week":  0.0000000000000028886669639736,
    "Week_Fluctuation":  0.10766910677360629,
    "Duration":  "1.12:09:26.0762964",
    "Updated":  "\/Date(1640378850469)\/",
    "Failed":  0,
    "HashRate_Live":  2270000000,
    "HashRate_Average":  2306444875.2578917,
    "BlockRate_Live":  0,
    "BlockRate_Average":  0,
    "Diff_Live":  0,
    "Diff_Average":  0,
    "Actual24h_Week":  0.00000000111752761408981,
    "Estimate24h_Week":  0.00000111752761408981,
    "ErrorRatio":  0.616261123557682
}
