{
    "Live":  0.0000000000011831314025474,
    "Minute":  0.0000000000011831314025474,
    "Minute_Fluctuation":  0,
    "Minute_5":  0.0000000000011816002389243,
    "Minute_5_Fluctuation":  0.0090449077374918276,
    "Minute_10":  0.00000000000119321609085286,
    "Minute_10_Fluctuation":  0.029034220148072803,
    "Hour":  0.00000000000123499638102043,
    "Hour_Fluctuation":  0.063448303999772651,
    "Day":  0.00000000000118416332809781,
    "Day_Fluctuation":  0.031472172166937734,
    "ThreeDay":  0.00000000000117958343818758,
    "ThreeDay_Fluctuation":  0.02756318258223954,
    "Week":  0.00000000000117958343818758,
    "Week_Fluctuation":  0.02756318258223954,
    "Duration":  "1.12:09:26.0762964",
    "Updated":  "\/Date(1640378850236)\/",
    "Failed":  0,
    "HashRate_Live":  117000000,
    "HashRate_Average":  120117180.24784857,
    "BlockRate_Live":  0,
    "BlockRate_Average":  0,
    "Diff_Live":  0,
    "Diff_Average":  0,
    "Actual24h_Week":  0.000000000485188239974736,
    "Estimate24h_Week":  0.000000485188239974736,
    "ErrorRatio":  0.616261123557682
}
