{
    "Live":  0.000000000768110943493935,
    "Minute":  0.000000000768110943493935,
    "Minute_Fluctuation":  0,
    "Minute_5":  0.000000000776212589786821,
    "Minute_5_Fluctuation":  0.018358344808444112,
    "Minute_10":  0.00000000078093194872326,
    "Minute_10_Fluctuation":  0.018493204168108734,
    "Hour":  0.000000000774083317530594,
    "Hour_Fluctuation":  0.013572749941814052,
    "Day":  0.000000000755566850380884,
    "Day_Fluctuation":  0.002371781036154862,
    "ThreeDay":  0.000000000755424336362462,
    "ThreeDay_Fluctuation":  0.00218879084115275,
    "Week":  0.000000000755424336362462,
    "Week_Fluctuation":  0.00218879084115275,
    "Duration":  "1.03:16:07.2560019",
    "Updated":  "\/Date(1640109092515)\/",
    "Failed":  0,
    "HashRate_Live":  37695211,
    "HashRate_Average":  37909414.279558182,
    "BlockRate_Live":  22,
    "BlockRate_Average":  21.815599468720215,
    "Diff_Live":  0,
    "Diff_Average":  0,
    "Actual24h_Week":  0,
    "Estimate24h_Week":  0,
    "ErrorRatio":  1
}
