{
    "Live":  0.0000000000000032748946448744,
    "Minute":  0.0000000000000032748946448744,
    "Minute_Fluctuation":  0,
    "Minute_5":  0.0000000000000032767486288255,
    "Minute_5_Fluctuation":  0.051311283193380783,
    "Minute_10":  0.00000000000000350199925627,
    "Minute_10_Fluctuation":  0.12718938631504742,
    "Hour":  0.0000000000000040804873032029,
    "Hour_Fluctuation":  0.14567508734283477,
    "Day":  0.0000000000000036118618390868,
    "Day_Fluctuation":  0.0751727663446369,
    "ThreeDay":  0.0000000000000035790895570556,
    "ThreeDay_Fluctuation":  0.0645767824501025,
    "Week":  0.0000000000000035790895570556,
    "Week_Fluctuation":  0.0645767824501025,
    "Duration":  "1.12:09:26.0762964",
    "Updated":  "\/Date(1640378850279)\/",
    "Failed":  0,
    "HashRate_Live":  549000000000,
    "HashRate_Average":  562264210570.06848,
    "BlockRate_Live":  0,
    "BlockRate_Average":  0,
    "Diff_Live":  0,
    "Diff_Average":  0,
    "Actual24h_Week":  0.00000000134582297776762,
    "Estimate24h_Week":  0.00000134582297776762,
    "ErrorRatio":  0.616261123557682
}
