{
    "Live":  0.0000000000000000434793504016,
    "Minute":  0.0000000000000000434793504016,
    "Minute_Fluctuation":  0,
    "Minute_5":  0.0000000000000000434793504016,
    "Minute_5_Fluctuation":  0.019857991455142034,
    "Minute_10":  0.0000000000000000457871046536,
    "Minute_10_Fluctuation":  0.29333110355916442,
    "Hour":  0.0000000000000000381091769093,
    "Hour_Fluctuation":  0.42621086286950838,
    "Day":  0.0000000000000000270974388995,
    "Day_Fluctuation":  0.16887221510748235,
    "ThreeDay":  0.0000000000000000263673797997,
    "ThreeDay_Fluctuation":  0.14704315310775554,
    "Week":  0.0000000000000000263673797997,
    "Week_Fluctuation":  0.14704315310775556,
    "Duration":  "1.12:09:26.0762964",
    "Updated":  "\/Date(1640378850215)\/",
    "Failed":  0,
    "HashRate_Live":  70230000000000000,
    "HashRate_Average":  1.2889275296986006E+17,
    "BlockRate_Live":  0,
    "BlockRate_Average":  0,
    "Diff_Live":  0,
    "Diff_Average":  0,
    "Actual24h_Week":  0.000000010474521585305,
    "Estimate24h_Week":  0.000010474521585305,
    "ErrorRatio":  0.616261123557682
}
