{
    "Live":  0.0000000000000028892837308845,
    "Minute":  0.0000000000000028892837308845,
    "Minute_Fluctuation":  0,
    "Minute_5":  0.0000000000000028041121985817,
    "Minute_5_Fluctuation":  0.086981075010935632,
    "Minute_10":  0.0000000000000026703922471443,
    "Minute_10_Fluctuation":  0.10154601740319416,
    "Hour":  0.0000000000000025997492497397,
    "Hour_Fluctuation":  0.13655952547525507,
    "Day":  0.0000000000000025842510408861,
    "Day_Fluctuation":  0.06800880759923042,
    "ThreeDay":  0.0000000000000025787270942363,
    "ThreeDay_Fluctuation":  0.058269854781301991,
    "Week":  0.0000000000000025787270942363,
    "Week_Fluctuation":  0.058269854781301991,
    "Duration":  "1.12:09:26.0762964",
    "Updated":  "\/Date(1640378850245)\/",
    "Failed":  0,
    "HashRate_Live":  3270000000000,
    "HashRate_Average":  3292740935219.0786,
    "BlockRate_Live":  0,
    "BlockRate_Average":  0,
    "Diff_Live":  0,
    "Diff_Average":  0,
    "Actual24h_Week":  0.00000000100593850052606,
    "Estimate24h_Week":  0.00000100593850052606,
    "ErrorRatio":  0.616261123557682
}
