{
    "Live":  0.0000000000000119203808339754,
    "Minute":  0.0000000000000119203808339754,
    "Minute_Fluctuation":  0,
    "Minute_5":  0.00000000000001224571990449,
    "Minute_5_Fluctuation":  0.0648681902489352,
    "Minute_10":  0.0000000000000120056972734873,
    "Minute_10_Fluctuation":  0.11012069575616751,
    "Hour":  0.0000000000000091073954786211,
    "Hour_Fluctuation":  0.26041797164936892,
    "Day":  0.0000000000000135269774796762,
    "Day_Fluctuation":  0.1089406756233597,
    "ThreeDay":  0.0000000000000138654969756265,
    "ThreeDay_Fluctuation":  0.091012998285320987,
    "Week":  0.0000000000000138654969756265,
    "Week_Fluctuation":  0.091012998285321,
    "Duration":  "1.12:09:26.0762964",
    "Updated":  "\/Date(1640378850640)\/",
    "Failed":  0,
    "HashRate_Live":  0,
    "HashRate_Average":  18173626723.04615,
    "BlockRate_Live":  0,
    "BlockRate_Average":  0,
    "Diff_Live":  0,
    "Diff_Average":  0,
    "Actual24h_Week":  0.00000000534040391568015,
    "Estimate24h_Week":  0.00000534040391568016,
    "ErrorRatio":  0.616261123557682
}
