{
    "Live":  0.0000000000000013201544756204,
    "Minute":  0.0000000000000013201544756204,
    "Minute_Fluctuation":  0,
    "Minute_5":  0.0000000000000013027950947691,
    "Minute_5_Fluctuation":  0.099859488347871381,
    "Minute_10":  0.0000000000000014209911650853,
    "Minute_10_Fluctuation":  0.15148839866971581,
    "Hour":  0.0000000000000016806325080876,
    "Hour_Fluctuation":  0.15385255989399196,
    "Day":  0.0000000000000012935895025559,
    "Day_Fluctuation":  0.19057743616004966,
    "ThreeDay":  0.0000000000000012436545000247,
    "ThreeDay_Fluctuation":  0.16402934714835735,
    "Week":  0.0000000000000012436545000247,
    "Week_Fluctuation":  0.16402934714835735,
    "Duration":  "1.12:09:26.0762964",
    "Updated":  "\/Date(1640378850577)\/",
    "Failed":  0,
    "HashRate_Live":  21300000000,
    "HashRate_Average":  24630412351.644405,
    "BlockRate_Live":  0,
    "BlockRate_Average":  0,
    "Diff_Live":  0,
    "Diff_Average":  0,
    "Actual24h_Week":  0.000000000503574198253678,
    "Estimate24h_Week":  0.000000503574198253678,
    "ErrorRatio":  0.616261123557682
}
