{
    "Live":  0.000000000000191109080038202,
    "Minute":  0.000000000000191109080038202,
    "Minute_Fluctuation":  0,
    "Minute_5":  0.000000000000202552555531384,
    "Minute_5_Fluctuation":  0.12117160782337931,
    "Minute_10":  0.000000000000207297954444479,
    "Minute_10_Fluctuation":  0.091556135771745539,
    "Hour":  0.000000000000221560545322323,
    "Hour_Fluctuation":  0.096474991939475771,
    "Day":  0.000000000000208524172523545,
    "Day_Fluctuation":  0.048363147582634047,
    "ThreeDay":  0.000000000000207626163521479,
    "ThreeDay_Fluctuation":  0.040978049518880712,
    "Week":  0.000000000000207626163521479,
    "Week_Fluctuation":  0.040978049518880726,
    "Duration":  "1.12:09:26.0762964",
    "Updated":  "\/Date(1640378850496)\/",
    "Failed":  0,
    "HashRate_Live":  932000000000,
    "HashRate_Average":  791600086817.35034,
    "BlockRate_Live":  0,
    "BlockRate_Average":  0,
    "Diff_Live":  0,
    "Diff_Average":  0,
    "Actual24h_Week":  0.0000000814791448468415,
    "Estimate24h_Week":  0.0000814791448468415,
    "ErrorRatio":  0.616261123557682
}
