{
    "Live":  0.0000000000000007643460374128,
    "Minute":  0.0000000000000007643460374128,
    "Minute_Fluctuation":  0,
    "Minute_5":  0.0000000000000007559070100882,
    "Minute_5_Fluctuation":  0.10827898883689141,
    "Minute_10":  0.0000000000000006702058544124,
    "Minute_10_Fluctuation":  0.46496888491258526,
    "Hour":  0.0000000000000003418462954257,
    "Hour_Fluctuation":  0.66186847153993944,
    "Day":  0.0000000000000002066399105928,
    "Day_Fluctuation":  0.19541580869911782,
    "ThreeDay":  0.0000000000000002011177245115,
    "ThreeDay_Fluctuation":  0.16602228991161036,
    "Week":  0.0000000000000002011177245115,
    "Week_Fluctuation":  0.16602228991161036,
    "Duration":  "1.12:09:26.0762964",
    "Updated":  "\/Date(1640378850314)\/",
    "Failed":  0,
    "HashRate_Live":  18600000000000,
    "HashRate_Average":  26005701630403.082,
    "BlockRate_Live":  0,
    "BlockRate_Average":  0,
    "Diff_Live":  0,
    "Diff_Average":  0,
    "Actual24h_Week":  0.0000000677247537327137,
    "Estimate24h_Week":  0.0000677247537327137,
    "ErrorRatio":  0.616261123557682
}
