{
    "Live":  0.0000000000000001098588257462,
    "Minute":  0.0000000000000001098588257462,
    "Minute_Fluctuation":  0,
    "Minute_5":  0.0000000000000001098588257462,
    "Minute_5_Fluctuation":  0.002383666304508265,
    "Minute_10":  0.0000000000000001122418076659,
    "Minute_10_Fluctuation":  0.072472953593521683,
    "Hour":  0.0000000000000001414068208969,
    "Hour_Fluctuation":  0.13752242001981121,
    "Day":  0.00000000000000012501195654,
    "Day_Fluctuation":  0.0937754109588011,
    "ThreeDay":  0.0000000000000001229644597255,
    "ThreeDay_Fluctuation":  0.0839780838010134,
    "Week":  0.0000000000000001229644597255,
    "Week_Fluctuation":  0.0839780838010134,
    "Duration":  "1.12:09:26.0762964",
    "Updated":  "\/Date(1640378850260)\/",
    "Failed":  0,
    "HashRate_Live":  1090000000000,
    "HashRate_Average":  579415295413821.63,
    "BlockRate_Live":  0,
    "BlockRate_Average":  0,
    "Diff_Live":  0,
    "Diff_Average":  0,
    "Actual24h_Week":  0.0000000567247725200295,
    "Estimate24h_Week":  0.0000567247725200296,
    "ErrorRatio":  0.616261123557682
}
