{
    "Live":  0.00000000000124363304280962,
    "Minute":  0.00000000000124363304280962,
    "Minute_Fluctuation":  0.00097549079380595735,
    "Minute_5":  0.00000000000124285975682435,
    "Minute_5_Fluctuation":  0.00055504802965491247,
    "Minute_10":  0.00000000000124332368972499,
    "Minute_10_Fluctuation":  0.00097542342035165258,
    "Hour":  0.00000000000124369901705028,
    "Hour_Fluctuation":  0.0032818824906306922,
    "Day":  0.00000000000124066760250444,
    "Day_Fluctuation":  0.0056678343359774265,
    "ThreeDay":  0.00000000000124066760250444,
    "ThreeDay_Fluctuation":  0.0056678343359774265,
    "Week":  0.00000000000124066760250444,
    "Week_Fluctuation":  0.0056678343359774265,
    "Duration":  "03:17:07.2560019",
    "Updated":  "\/Date(1640109092965)\/",
    "Failed":  0,
    "HashRate_Live":  91965592747222,
    "HashRate_Average":  92049468777078.719,
    "BlockRate_Live":  667,
    "BlockRate_Average":  669.11653069105932,
    "Diff_Live":  0,
    "Diff_Average":  0,
    "Actual24h_Week":  0,
    "Estimate24h_Week":  0,
    "ErrorRatio":  1
}
