{
    "Live":  0.00000523991974742446,
    "Minute":  0.00000523991974742446,
    "Minute_Fluctuation":  0,
    "Minute_5":  0.00000527331959802279,
    "Minute_5_Fluctuation":  0.0085020421837383123,
    "Minute_10":  0.00000527012087549995,
    "Minute_10_Fluctuation":  0.0089722176822841972,
    "Hour":  0.00000530180029412806,
    "Hour_Fluctuation":  0.033797855114788528,
    "Day":  0.00000571693095733646,
    "Day_Fluctuation":  0.009382245913455994,
    "ThreeDay":  0.00000572044774349414,
    "ThreeDay_Fluctuation":  0.0087759971685593737,
    "Week":  0.00000572044774349414,
    "Week_Fluctuation":  0.0087759971685593737,
    "Duration":  "1.03:16:07.2560019",
    "Updated":  "\/Date(1640109093166)\/",
    "Failed":  0,
    "HashRate_Live":  8.48,
    "HashRate_Average":  8.06482917453897,
    "BlockRate_Live":  100,
    "BlockRate_Average":  93.168909671510264,
    "Diff_Live":  0,
    "Diff_Average":  0,
    "Actual24h_Week":  0,
    "Estimate24h_Week":  0,
    "ErrorRatio":  1
}
