{
    "Live":  0.00000488422126747788,
    "Minute":  0.00000488422126747788,
    "Minute_Fluctuation":  0,
    "Minute_5":  0.00000475021332092131,
    "Minute_5_Fluctuation":  0.02680031534031925,
    "Minute_10":  0.00000468135039294936,
    "Minute_10_Fluctuation":  0.020317612906426159,
    "Hour":  0.0000047312990524734,
    "Hour_Fluctuation":  0.03262427499516353,
    "Day":  0.00000513460008218518,
    "Day_Fluctuation":  0.0083988277742094841,
    "ThreeDay":  0.00000513794220076408,
    "ThreeDay_Fluctuation":  0.0078072336500724414,
    "Week":  0.00000513794220076408,
    "Week_Fluctuation":  0.0078072336500724414,
    "Duration":  "1.03:16:07.2560019",
    "Updated":  "\/Date(1640109093199)\/",
    "Failed":  0,
    "HashRate_Live":  138.17,
    "HashRate_Average":  150.67344142070795,
    "BlockRate_Live":  1446,
    "BlockRate_Average":  1312.8374470474935,
    "Diff_Live":  0,
    "Diff_Average":  0,
    "Actual24h_Week":  0,
    "Estimate24h_Week":  0,
    "ErrorRatio":  1
}
