{
    "Live":  0.00000523991974742446,
    "Minute":  0.00000523991974742446,
    "Minute_Fluctuation":  0,
    "Minute_5":  0.00000526407799808888,
    "Minute_5_Fluctuation":  0.0075228378786068861,
    "Minute_10":  0.00000526311797685469,
    "Minute_10_Fluctuation":  0.00876575691368443,
    "Hour":  0.00000527147139804985,
    "Hour_Fluctuation":  0.028864055140007384,
    "Day":  0.0000050491449722647,
    "Day_Fluctuation":  0.011538366804700924,
    "ThreeDay":  0.00000504700016370158,
    "ThreeDay_Fluctuation":  0.011222272408843952,
    "Week":  0.00000504700016370158,
    "Week_Fluctuation":  0.011222272408843948,
    "Duration":  "1.03:16:07.2560019",
    "Updated":  "\/Date(1640109093311)\/",
    "Failed":  0,
    "HashRate_Live":  25.6,
    "HashRate_Average":  21.230776734217404,
    "BlockRate_Live":  195,
    "BlockRate_Average":  196.16060587041972,
    "Diff_Live":  0,
    "Diff_Average":  0,
    "Actual24h_Week":  0,
    "Estimate24h_Week":  0,
    "ErrorRatio":  1
}
