{
    "Live":  0.00000000085380072,
    "Minute":  0.00000000085380072,
    "Minute_Fluctuation":  0,
    "Minute_5":  0.000000000839436951664402,
    "Minute_5_Fluctuation":  0.026998832214762226,
    "Minute_10":  0.000000000836770522520639,
    "Minute_10_Fluctuation":  0.048981956381749292,
    "Hour":  0.000000000889224285366783,
    "Hour_Fluctuation":  0.093130026294465568,
    "Day":  0.000000000872980641327202,
    "Day_Fluctuation":  0.06119510890216584,
    "ThreeDay":  0.000000000872980641327202,
    "ThreeDay_Fluctuation":  0.06119510890216584,
    "Week":  0.000000000872980641327202,
    "Week_Fluctuation":  0.06119510890216584,
    "Duration":  "07:47:51.1628025",
    "Updated":  "\/Date(1640378919019)\/",
    "Failed":  0,
    "HashRate_Live":  0,
    "HashRate_Average":  0,
    "BlockRate_Live":  0,
    "BlockRate_Average":  0,
    "Diff_Live":  0,
    "Diff_Average":  0,
    "Actual24h_Week":  0,
    "Estimate24h_Week":  0,
    "ErrorRatio":  1
}
