{
    "Live":  0.00000000000000261,
    "Minute":  0.00000000000000261,
    "Minute_Fluctuation":  0,
    "Minute_5":  0.0000000000000027042411726903,
    "Minute_5_Fluctuation":  0.051003037437268452,
    "Minute_10":  0.0000000000000028253207608062,
    "Minute_10_Fluctuation":  0.0793416651023735,
    "Hour":  0.0000000000000031882599944327,
    "Hour_Fluctuation":  0.12446440859008522,
    "Day":  0.0000000000000030764305472422,
    "Day_Fluctuation":  0.1710171019838366,
    "ThreeDay":  0.0000000000000030764305472422,
    "ThreeDay_Fluctuation":  0.1710171019838366,
    "Week":  0.0000000000000030764305472422,
    "Week_Fluctuation":  0.1710171019838366,
    "Duration":  "07:47:51.1628025",
    "Updated":  "\/Date(1640378853611)\/",
    "Failed":  0,
    "HashRate_Live":  261030000000,
    "HashRate_Average":  283569955815.31732,
    "BlockRate_Live":  0,
    "BlockRate_Average":  0,
    "Diff_Live":  0,
    "Diff_Average":  0,
    "Actual24h_Week":  0,
    "Estimate24h_Week":  0,
    "ErrorRatio":  1
}
