{
    "Live":  0.00000000000000022,
    "Minute":  0.00000000000000022,
    "Minute_Fluctuation":  0,
    "Minute_5":  0.00000000000000022,
    "Minute_5_Fluctuation":  0.00069646326617299524,
    "Minute_10":  0.0000000000000002172712652724,
    "Minute_10_Fluctuation":  0.0501325861048468,
    "Hour":  0.0000000000000001914322490896,
    "Hour_Fluctuation":  0.11737590783294465,
    "Day":  0.0000000000000002059868258123,
    "Day_Fluctuation":  0.0972313228111703,
    "ThreeDay":  0.0000000000000002059868258123,
    "ThreeDay_Fluctuation":  0.0972313228111703,
    "Week":  0.0000000000000002059868258123,
    "Week_Fluctuation":  0.0972313228111703,
    "Duration":  "07:47:51.1628025",
    "Updated":  "\/Date(1640378919069)\/",
    "Failed":  0,
    "HashRate_Live":  0,
    "HashRate_Average":  0,
    "BlockRate_Live":  0,
    "BlockRate_Average":  0,
    "Diff_Live":  0,
    "Diff_Average":  0,
    "Actual24h_Week":  0,
    "Estimate24h_Week":  0,
    "ErrorRatio":  1
}
