{
    "Live":  0.00000000000000106,
    "Minute":  0.00000000000000106,
    "Minute_Fluctuation":  0,
    "Minute_5":  0.0000000000000008750080684227,
    "Minute_5_Fluctuation":  0.49337618572152964,
    "Minute_10":  0.000000000000000725453441284,
    "Minute_10_Fluctuation":  0.35257720222217631,
    "Hour":  0.0000000000000005247309203718,
    "Hour_Fluctuation":  0.37822895035554444,
    "Day":  0.0000000000000004607514170277,
    "Day_Fluctuation":  0.30300561621919631,
    "ThreeDay":  0.0000000000000004607514170277,
    "ThreeDay_Fluctuation":  0.30300561621919631,
    "Week":  0.0000000000000004607514170277,
    "Week_Fluctuation":  0.30300561621919631,
    "Duration":  "07:47:51.1628025",
    "Updated":  "\/Date(1640378919039)\/",
    "Failed":  0,
    "HashRate_Live":  0,
    "HashRate_Average":  0,
    "BlockRate_Live":  0,
    "BlockRate_Average":  0,
    "Diff_Live":  0,
    "Diff_Average":  0,
    "Actual24h_Week":  0,
    "Estimate24h_Week":  0,
    "ErrorRatio":  1
}
