{
    "Live":  0.00000000000007229,
    "Minute":  0.00000000000007229,
    "Minute_Fluctuation":  0,
    "Minute_5":  0.00000000000007229,
    "Minute_5_Fluctuation":  9.2087440607023117E-05,
    "Minute_10":  0.0000000000000724279967069052,
    "Minute_10_Fluctuation":  0.0072790823126157441,
    "Hour":  0.0000000000000734773206246484,
    "Hour_Fluctuation":  0.01728130343753654,
    "Day":  0.000000000000071824670184035,
    "Day_Fluctuation":  0.03066429429940587,
    "ThreeDay":  0.000000000000071824670184035,
    "ThreeDay_Fluctuation":  0.03066429429940587,
    "Week":  0.000000000000071824670184035,
    "Week_Fluctuation":  0.03066429429940587,
    "Duration":  "07:47:51.1628025",
    "Updated":  "\/Date(1640377962094)\/",
    "Failed":  0,
    "HashRate_Live":  14320000,
    "HashRate_Average":  22152164.183847245,
    "BlockRate_Live":  0,
    "BlockRate_Average":  0,
    "Diff_Live":  0,
    "Diff_Average":  0,
    "Actual24h_Week":  0,
    "Estimate24h_Week":  0,
    "ErrorRatio":  1
}
