{
    "Live":  0.00000000000019338,
    "Minute":  0.00000000000019338,
    "Minute_Fluctuation":  0,
    "Minute_5":  0.000000000000193900071656699,
    "Minute_5_Fluctuation":  0.004514166101952711,
    "Minute_10":  0.000000000000196724767880312,
    "Minute_10_Fluctuation":  0.046671577499841604,
    "Hour":  0.000000000000230645773099242,
    "Hour_Fluctuation":  0.074189957733241732,
    "Day":  0.000000000000245483674213942,
    "Day_Fluctuation":  0.025262402445610142,
    "ThreeDay":  0.000000000000245483674213942,
    "ThreeDay_Fluctuation":  0.025262402445610142,
    "Week":  0.000000000000245483674213942,
    "Week_Fluctuation":  0.025262402445610142,
    "Duration":  "07:47:51.1628025",
    "Updated":  "\/Date(1640378853582)\/",
    "Failed":  0,
    "HashRate_Live":  23690000000,
    "HashRate_Average":  21985238095.632267,
    "BlockRate_Live":  0,
    "BlockRate_Average":  0,
    "Diff_Live":  0,
    "Diff_Average":  0,
    "Actual24h_Week":  0,
    "Estimate24h_Week":  0,
    "ErrorRatio":  1
}
