{
    "Live":  0.00000000000192246,
    "Minute":  0.00000000000192246,
    "Minute_Fluctuation":  0,
    "Minute_5":  0.00000000000188915796190228,
    "Minute_5_Fluctuation":  0.027449619449954516,
    "Minute_10":  0.00000000000186016896150397,
    "Minute_10_Fluctuation":  0.01934617640628928,
    "Hour":  0.00000000000181451277493367,
    "Hour_Fluctuation":  0.028773828201182919,
    "Day":  0.00000000000168242041101368,
    "Day_Fluctuation":  0.049182796688281231,
    "ThreeDay":  0.00000000000168242041101368,
    "ThreeDay_Fluctuation":  0.049182796688281231,
    "Week":  0.00000000000168242041101368,
    "Week_Fluctuation":  0.049182796688281231,
    "Duration":  "07:47:51.1628025",
    "Updated":  "\/Date(1640378853567)\/",
    "Failed":  0,
    "HashRate_Live":  666450000000,
    "HashRate_Average":  652946118048.58228,
    "BlockRate_Live":  0,
    "BlockRate_Average":  0,
    "Diff_Live":  0,
    "Diff_Average":  0,
    "Actual24h_Week":  0,
    "Estimate24h_Week":  0,
    "ErrorRatio":  1
}
