{
    "Live":  0.00000000002331747,
    "Minute":  0.00000000002331747,
    "Minute_Fluctuation":  0,
    "Minute_5":  0.0000000000233213548305631,
    "Minute_5_Fluctuation":  0.00032923473931520706,
    "Minute_10":  0.0000000000233611099754552,
    "Minute_10_Fluctuation":  0.0064210235631702835,
    "Hour":  0.0000000000234197385095576,
    "Hour_Fluctuation":  0.012549713216524689,
    "Day":  0.0000000000233606142736325,
    "Day_Fluctuation":  0.016803609227321919,
    "ThreeDay":  0.0000000000233606142736325,
    "ThreeDay_Fluctuation":  0.016803609227321919,
    "Week":  0.0000000000233606142736325,
    "Week_Fluctuation":  0.016803609227321919,
    "Duration":  "07:47:51.1628025",
    "Updated":  "\/Date(1640378918979)\/",
    "Failed":  0,
    "HashRate_Live":  0,
    "HashRate_Average":  0,
    "BlockRate_Live":  0,
    "BlockRate_Average":  0,
    "Diff_Live":  0,
    "Diff_Average":  0,
    "Actual24h_Week":  0,
    "Estimate24h_Week":  0,
    "ErrorRatio":  1
}
