{
    "Live":  0.00000000000000278,
    "Minute":  0.00000000000000278,
    "Minute_Fluctuation":  0,
    "Minute_5":  0.0000000000000025740655856026,
    "Minute_5_Fluctuation":  0.14024383169905283,
    "Minute_10":  0.0000000000000024358669018605,
    "Minute_10_Fluctuation":  0.12835914365830267,
    "Hour":  0.0000000000000025189300834781,
    "Hour_Fluctuation":  0.1438021267807876,
    "Day":  0.000000000000002546756292267,
    "Day_Fluctuation":  0.15551978232428115,
    "ThreeDay":  0.000000000000002546756292267,
    "ThreeDay_Fluctuation":  0.15551978232428115,
    "Week":  0.000000000000002546756292267,
    "Week_Fluctuation":  0.15551978232428115,
    "Duration":  "07:47:51.1628025",
    "Updated":  "\/Date(1640378853603)\/",
    "Failed":  0,
    "HashRate_Live":  3600000000000,
    "HashRate_Average":  3250238407107.0142,
    "BlockRate_Live":  0,
    "BlockRate_Average":  0,
    "Diff_Live":  0,
    "Diff_Average":  0,
    "Actual24h_Week":  0,
    "Estimate24h_Week":  0,
    "ErrorRatio":  1
}
