{
    "Live":  0.00000000000006438,
    "Minute":  0.00000000000006438,
    "Minute_Fluctuation":  0,
    "Minute_5":  0.0000000000000643660383447866,
    "Minute_5_Fluctuation":  0.00036516865194375243,
    "Minute_10":  0.000000000000064405699368152,
    "Minute_10_Fluctuation":  0.0028715523776323788,
    "Hour":  0.0000000000000649692549329475,
    "Hour_Fluctuation":  0.0073629660669509434,
    "Day":  0.000000000000064721922320445,
    "Day_Fluctuation":  0.0047523220366858026,
    "ThreeDay":  0.000000000000064721922320445,
    "ThreeDay_Fluctuation":  0.0047523220366858026,
    "Week":  0.000000000000064721922320445,
    "Week_Fluctuation":  0.0047523220366858026,
    "Duration":  "07:47:51.1628025",
    "Updated":  "\/Date(1640378919082)\/",
    "Failed":  0,
    "HashRate_Live":  0,
    "HashRate_Average":  0,
    "BlockRate_Live":  0,
    "BlockRate_Average":  0,
    "Diff_Live":  0,
    "Diff_Average":  0,
    "Actual24h_Week":  0,
    "Estimate24h_Week":  0,
    "ErrorRatio":  1
}
