{
    "Live":  0.0000000000006438,
    "Minute":  0.0000000000006438,
    "Minute_Fluctuation":  0,
    "Minute_5":  0.000000000000642941358204377,
    "Minute_5_Fluctuation":  0.0020364406515409367,
    "Minute_10":  0.000000000000642624528423536,
    "Minute_10_Fluctuation":  0.0033948779424709686,
    "Hour":  0.000000000000651243031538408,
    "Hour_Fluctuation":  0.010428555250044016,
    "Day":  0.000000000000655444546833184,
    "Day_Fluctuation":  0.0085742099576966886,
    "ThreeDay":  0.000000000000655444546833184,
    "ThreeDay_Fluctuation":  0.0085742099576966869,
    "Week":  0.000000000000655444546833184,
    "Week_Fluctuation":  0.0085742099576966886,
    "Duration":  "07:47:51.1628025",
    "Updated":  "\/Date(1640378918986)\/",
    "Failed":  0,
    "HashRate_Live":  0,
    "HashRate_Average":  0,
    "BlockRate_Live":  0,
    "BlockRate_Average":  0,
    "Diff_Live":  0,
    "Diff_Average":  0,
    "Actual24h_Week":  0,
    "Estimate24h_Week":  0,
    "ErrorRatio":  1
}
