{
    "Live":  0.00000000000000098,
    "Minute":  0.00000000000000098,
    "Minute_Fluctuation":  0,
    "Minute_5":  0.0000000000000009276437929498,
    "Minute_5_Fluctuation":  0.094036685351615579,
    "Minute_10":  0.0000000000000008877848692123,
    "Minute_10_Fluctuation":  0.073843071148759959,
    "Hour":  0.0000000000000009708680074565,
    "Hour_Fluctuation":  0.1281160384403647,
    "Day":  0.0000000000000010606136929797,
    "Day_Fluctuation":  0.17775523516624991,
    "ThreeDay":  0.0000000000000010606136929797,
    "ThreeDay_Fluctuation":  0.17775523516624989,
    "Week":  0.0000000000000010606136929797,
    "Week_Fluctuation":  0.17775523516624989,
    "Duration":  "07:47:51.1628025",
    "Updated":  "\/Date(1640378919062)\/",
    "Failed":  0,
    "HashRate_Live":  0,
    "HashRate_Average":  0,
    "BlockRate_Live":  0,
    "BlockRate_Average":  0,
    "Diff_Live":  0,
    "Diff_Average":  0,
    "Actual24h_Week":  0,
    "Estimate24h_Week":  0,
    "ErrorRatio":  1
}
