{
    "Live":  0.00000000075511149,
    "Minute":  0.00000000075511149,
    "Minute_Fluctuation":  0,
    "Minute_5":  0.000000000752242935300686,
    "Minute_5_Fluctuation":  0.00584364159903052,
    "Minute_10":  0.000000000750614325377835,
    "Minute_10_Fluctuation":  0.00686964229574786,
    "Hour":  0.000000000765019580811114,
    "Hour_Fluctuation":  0.017273760088335356,
    "Day":  0.000000000771427821915482,
    "Day_Fluctuation":  0.011399987049319896,
    "ThreeDay":  0.000000000771427821915482,
    "ThreeDay_Fluctuation":  0.011399987049319894,
    "Week":  0.000000000771427821915482,
    "Week_Fluctuation":  0.011399987049319896,
    "Duration":  "07:47:51.1628025",
    "Updated":  "\/Date(1640378853544)\/",
    "Failed":  0,
    "HashRate_Live":  11010000,
    "HashRate_Average":  10850054.067797795,
    "BlockRate_Live":  0,
    "BlockRate_Average":  0,
    "Diff_Live":  0,
    "Diff_Average":  0,
    "Actual24h_Week":  0,
    "Estimate24h_Week":  0,
    "ErrorRatio":  1
}
