{
    "Live":  0.0000000000006438,
    "Minute":  0.0000000000006438,
    "Minute_Fluctuation":  0.49023706589386662,
    "Minute_5":  0.000000000000843394784016041,
    "Minute_5_Fluctuation":  0.48460285891714705,
    "Minute_10":  0.000000000000890858903987234,
    "Minute_10_Fluctuation":  0.39081266352959687,
    "Hour":  0.000000000000957413724114578,
    "Hour_Fluctuation":  0.33114015882939968,
    "Day":  0.000000000000972566525026964,
    "Day_Fluctuation":  0.32865589450178706,
    "ThreeDay":  0.000000000000972566525026964,
    "ThreeDay_Fluctuation":  0.32865589450178706,
    "Week":  0.000000000000972566525026964,
    "Week_Fluctuation":  0.32865589450178706,
    "Duration":  "15:35:42.3256050",
    "Updated":  "\/Date(1640378919180)\/",
    "Failed":  0,
    "HashRate_Live":  992440000000,
    "HashRate_Average":  13009360070557.338,
    "BlockRate_Live":  0,
    "BlockRate_Average":  0,
    "Diff_Live":  0,
    "Diff_Average":  0,
    "Actual24h_Week":  0,
    "Estimate24h_Week":  0,
    "ErrorRatio":  1
}
