{
    "Live":  0.00000068896666684,
    "Minute":  0.00000068896666684,
    "Minute_Fluctuation":  0,
    "Minute_5":  0.000000658540835919055,
    "Minute_5_Fluctuation":  0.075845515465331331,
    "Minute_10":  0.000000636404976283952,
    "Minute_10_Fluctuation":  0.064093101095120369,
    "Hour":  0.000000626206038533602,
    "Hour_Fluctuation":  0.10099643413586143,
    "Day":  0.000000687366222102957,
    "Day_Fluctuation":  0.14541796671372098,
    "ThreeDay":  0.000000687366222102957,
    "ThreeDay_Fluctuation":  0.145417966713721,
    "Week":  0.000000687366222102957,
    "Week_Fluctuation":  0.14541796671372098,
    "Duration":  "07:47:51.1628025",
    "Updated":  "\/Date(1640378853521)\/",
    "Failed":  0,
    "HashRate_Live":  23560,
    "HashRate_Average":  20627.921793989775,
    "BlockRate_Live":  0,
    "BlockRate_Average":  0,
    "Diff_Live":  0,
    "Diff_Average":  0,
    "Actual24h_Week":  0,
    "Estimate24h_Week":  0,
    "ErrorRatio":  1
}
