{
    "Live":  0.00000000000000098,
    "Minute":  0.00000000000000098,
    "Minute_Fluctuation":  0,
    "Minute_5":  0.0000000000000009276437929498,
    "Minute_5_Fluctuation":  0.094036685351615579,
    "Minute_10":  0.0000000000000008877848692123,
    "Minute_10_Fluctuation":  0.073843071148759959,
    "Hour":  0.0000000000000009708548993832,
    "Hour_Fluctuation":  0.12811298748248093,
    "Day":  0.0000000000000010590185718226,
    "Day_Fluctuation":  0.17807337083486557,
    "ThreeDay":  0.0000000000000010590185718226,
    "ThreeDay_Fluctuation":  0.17807337083486552,
    "Week":  0.0000000000000010590185718226,
    "Week_Fluctuation":  0.17807337083486552,
    "Duration":  "07:47:51.1628025",
    "Updated":  "\/Date(1640378853623)\/",
    "Failed":  0,
    "HashRate_Live":  3750000000000,
    "HashRate_Average":  3760096573680.2446,
    "BlockRate_Live":  0,
    "BlockRate_Average":  0,
    "Diff_Live":  0,
    "Diff_Average":  0,
    "Actual24h_Week":  0,
    "Estimate24h_Week":  0,
    "ErrorRatio":  1
}
