{
    "Live":  0.00000000000192246,
    "Minute":  0.00000000000192246,
    "Minute_Fluctuation":  0,
    "Minute_5":  0.00000000000188915796190228,
    "Minute_5_Fluctuation":  0.027449619449954516,
    "Minute_10":  0.00000000000186016896150397,
    "Minute_10_Fluctuation":  0.01934617640628928,
    "Hour":  0.00000000000181451461568168,
    "Hour_Fluctuation":  0.028773233065559397,
    "Day":  0.00000000000168264441159903,
    "Day_Fluctuation":  0.049301859801569307,
    "ThreeDay":  0.00000000000168264441159903,
    "ThreeDay_Fluctuation":  0.049301859801569307,
    "Week":  0.00000000000168264441159903,
    "Week_Fluctuation":  0.049301859801569307,
    "Duration":  "07:47:51.1628025",
    "Updated":  "\/Date(1640378918992)\/",
    "Failed":  0,
    "HashRate_Live":  0,
    "HashRate_Average":  0,
    "BlockRate_Live":  0,
    "BlockRate_Average":  0,
    "Diff_Live":  0,
    "Diff_Average":  0,
    "Actual24h_Week":  0,
    "Estimate24h_Week":  0,
    "ErrorRatio":  1
}
