{
    "Live":  0.00000000000000372,
    "Minute":  0.00000000000000372,
    "Minute_Fluctuation":  0,
    "Minute_5":  0.0000000000000034756710337658,
    "Minute_5_Fluctuation":  0.11982737153452847,
    "Minute_10":  0.0000000000000032713249336968,
    "Minute_10_Fluctuation":  0.080458529770543,
    "Hour":  0.0000000000000031337041978984,
    "Hour_Fluctuation":  0.17253288899286462,
    "Day":  0.0000000000000033231748988519,
    "Day_Fluctuation":  0.29509891427218532,
    "ThreeDay":  0.0000000000000033231748988519,
    "ThreeDay_Fluctuation":  0.29509891427218532,
    "Week":  0.0000000000000033231748988519,
    "Week_Fluctuation":  0.29509891427218521,
    "Duration":  "07:47:51.1628025",
    "Updated":  "\/Date(1640378919045)\/",
    "Failed":  0,
    "HashRate_Live":  0,
    "HashRate_Average":  0,
    "BlockRate_Live":  0,
    "BlockRate_Average":  0,
    "Diff_Live":  0,
    "Diff_Average":  0,
    "Actual24h_Week":  0,
    "Estimate24h_Week":  0,
    "ErrorRatio":  1
}
