{
    "Live":  0.00000000002331747,
    "Minute":  0.00000000002331747,
    "Minute_Fluctuation":  0,
    "Minute_5":  0.0000000000233213548305631,
    "Minute_5_Fluctuation":  0.00032923473931520706,
    "Minute_10":  0.0000000000233611099754552,
    "Minute_10_Fluctuation":  0.0064210235631702835,
    "Hour":  0.0000000000234197384754767,
    "Hour_Fluctuation":  0.012549713214953731,
    "Day":  0.0000000000233606101263175,
    "Day_Fluctuation":  0.016803755774830845,
    "ThreeDay":  0.0000000000233606101263175,
    "ThreeDay_Fluctuation":  0.016803755774830845,
    "Week":  0.0000000000233606101263175,
    "Week_Fluctuation":  0.016803755774830845,
    "Duration":  "07:47:51.1628025",
    "Updated":  "\/Date(1640378853557)\/",
    "Failed":  0,
    "HashRate_Live":  1240000000,
    "HashRate_Average":  1178844994.7261856,
    "BlockRate_Live":  0,
    "BlockRate_Average":  0,
    "Diff_Live":  0,
    "Diff_Average":  0,
    "Actual24h_Week":  0,
    "Estimate24h_Week":  0,
    "ErrorRatio":  1
}
