{
    "Live":  0.00000000000262058,
    "Minute":  0.00000000000262058,
    "Minute_Fluctuation":  0,
    "Minute_5":  0.0000000000025212672560534,
    "Minute_5_Fluctuation":  0.064246456294403093,
    "Minute_10":  0.00000000000246351915753683,
    "Minute_10_Fluctuation":  0.066914549149947017,
    "Hour":  0.0000000000029103897218873,
    "Hour_Fluctuation":  0.17753104357738025,
    "Day":  0.00000000000325997099502643,
    "Day_Fluctuation":  0.17324136017455713,
    "ThreeDay":  0.00000000000325997099502643,
    "ThreeDay_Fluctuation":  0.1732413601745571,
    "Week":  0.00000000000325997099502643,
    "Week_Fluctuation":  0.17324136017455713,
    "Duration":  "07:47:51.1628025",
    "Updated":  "\/Date(1640378919050)\/",
    "Failed":  0,
    "HashRate_Live":  0,
    "HashRate_Average":  0,
    "BlockRate_Live":  0,
    "BlockRate_Average":  0,
    "Diff_Live":  0,
    "Diff_Average":  0,
    "Actual24h_Week":  0,
    "Estimate24h_Week":  0,
    "ErrorRatio":  1
}
