{
    "Live":  0.00000028439612475,
    "Minute":  0.00000028439612475,
    "Minute_Fluctuation":  0,
    "Minute_5":  0.000000282984157957834,
    "Minute_5_Fluctuation":  0.0077303008497343062,
    "Minute_10":  0.000000281133740075921,
    "Minute_10_Fluctuation":  0.015279005473992691,
    "Hour":  0.000000284566307793038,
    "Hour_Fluctuation":  0.056730931661520358,
    "Day":  0.000000338846545469825,
    "Day_Fluctuation":  0.11930353126757343,
    "ThreeDay":  0.000000338846545469825,
    "ThreeDay_Fluctuation":  0.11930353126757343,
    "Week":  0.000000338846545469825,
    "Week_Fluctuation":  0.11930353126757343,
    "Duration":  "07:47:51.1628025",
    "Updated":  "\/Date(1640378853526)\/",
    "Failed":  30,
    "HashRate_Live":  1200000,
    "HashRate_Average":  1170492.6699338027,
    "BlockRate_Live":  0,
    "BlockRate_Average":  0,
    "Diff_Live":  0,
    "Diff_Average":  0,
    "Actual24h_Week":  0,
    "Estimate24h_Week":  0,
    "ErrorRatio":  1
}
