{
    "Live":  0.00000000019543643,
    "Minute":  0.00000000019543643,
    "Minute_Fluctuation":  0,
    "Minute_5":  0.000000000207537083833785,
    "Minute_5_Fluctuation":  0.082102944833618713,
    "Minute_10":  0.000000000222665028650585,
    "Minute_10_Fluctuation":  0.1172483885953978,
    "Hour":  0.000000000267079846914606,
    "Hour_Fluctuation":  0.1387667298660861,
    "Day":  0.000000000244280243778982,
    "Day_Fluctuation":  0.08043397292146684,
    "ThreeDay":  0.000000000244280243778982,
    "ThreeDay_Fluctuation":  0.08043397292146684,
    "Week":  0.000000000244280243778982,
    "Week_Fluctuation":  0.08043397292146684,
    "Duration":  "07:47:51.1628025",
    "Updated":  "\/Date(1640378853550)\/",
    "Failed":  30,
    "HashRate_Live":  845340,
    "HashRate_Average":  825053.8787214834,
    "BlockRate_Live":  0,
    "BlockRate_Average":  0,
    "Diff_Live":  0,
    "Diff_Average":  0,
    "Actual24h_Week":  0,
    "Estimate24h_Week":  0,
    "ErrorRatio":  1
}
