{
    "Live":  0.00000000000000261,
    "Minute":  0.00000000000000261,
    "Minute_Fluctuation":  0,
    "Minute_5":  0.0000000000000027042411726903,
    "Minute_5_Fluctuation":  0.051003037437268452,
    "Minute_10":  0.0000000000000028253207608062,
    "Minute_10_Fluctuation":  0.0793416651023735,
    "Hour":  0.0000000000000031882532531378,
    "Hour_Fluctuation":  0.12446353069197563,
    "Day":  0.0000000000000030756101992186,
    "Day_Fluctuation":  0.17083315194858645,
    "ThreeDay":  0.0000000000000030756101992186,
    "ThreeDay_Fluctuation":  0.17083315194858645,
    "Week":  0.0000000000000030756101992186,
    "Week_Fluctuation":  0.17083315194858645,
    "Duration":  "07:47:51.1628025",
    "Updated":  "\/Date(1640378919034)\/",
    "Failed":  0,
    "HashRate_Live":  0,
    "HashRate_Average":  0,
    "BlockRate_Live":  0,
    "BlockRate_Average":  0,
    "Diff_Live":  0,
    "Diff_Average":  0,
    "Actual24h_Week":  0,
    "Estimate24h_Week":  0,
    "ErrorRatio":  1
}
