{
    "Live":  0.00000000000000278,
    "Minute":  0.00000000000000278,
    "Minute_Fluctuation":  0,
    "Minute_5":  0.0000000000000025740655856026,
    "Minute_5_Fluctuation":  0.14024383169905283,
    "Minute_10":  0.0000000000000024358669018605,
    "Minute_10_Fluctuation":  0.12835914365830267,
    "Hour":  0.0000000000000025189169754047,
    "Hour_Fluctuation":  0.14381152106934128,
    "Day":  0.0000000000000025451611711099,
    "Day_Fluctuation":  0.15575130240343243,
    "ThreeDay":  0.0000000000000025451611711099,
    "ThreeDay_Fluctuation":  0.15575130240343243,
    "Week":  0.0000000000000025451611711099,
    "Week_Fluctuation":  0.15575130240343243,
    "Duration":  "07:47:51.1628025",
    "Updated":  "\/Date(1640378919074)\/",
    "Failed":  0,
    "HashRate_Live":  0,
    "HashRate_Average":  0,
    "BlockRate_Live":  0,
    "BlockRate_Average":  0,
    "Diff_Live":  0,
    "Diff_Average":  0,
    "Actual24h_Week":  0,
    "Estimate24h_Week":  0,
    "ErrorRatio":  1
}
