{
    "Live":  0.00000000000262058,
    "Minute":  0.00000000000262058,
    "Minute_Fluctuation":  0,
    "Minute_5":  0.0000000000025212672560534,
    "Minute_5_Fluctuation":  0.064246456294403093,
    "Minute_10":  0.00000000000246351915753683,
    "Minute_10_Fluctuation":  0.066914549149947017,
    "Hour":  0.00000000000291036815161631,
    "Hour_Fluctuation":  0.17753231405211747,
    "Day":  0.00000000000325734610922529,
    "Day_Fluctuation":  0.17384644634628318,
    "ThreeDay":  0.00000000000325734610922529,
    "ThreeDay_Fluctuation":  0.17384644634628318,
    "Week":  0.00000000000325734610922529,
    "Week_Fluctuation":  0.17384644634628318,
    "Duration":  "07:47:51.1628025",
    "Updated":  "\/Date(1640378853562)\/",
    "Failed":  0,
    "HashRate_Live":  38540000,
    "HashRate_Average":  48695708.868575692,
    "BlockRate_Live":  0,
    "BlockRate_Average":  0,
    "Diff_Live":  0,
    "Diff_Average":  0,
    "Actual24h_Week":  0,
    "Estimate24h_Week":  0,
    "ErrorRatio":  1
}
