{
    "Live":  0.00000000085380072,
    "Minute":  0.00000000085380072,
    "Minute_Fluctuation":  0,
    "Minute_5":  0.000000000839436951664402,
    "Minute_5_Fluctuation":  0.026998832214762226,
    "Minute_10":  0.000000000836770522520639,
    "Minute_10_Fluctuation":  0.048981956381749292,
    "Hour":  0.000000000889224983595276,
    "Hour_Fluctuation":  0.093127806283249334,
    "Day":  0.000000000873065608737025,
    "Day_Fluctuation":  0.061021125085541916,
    "ThreeDay":  0.000000000873065608737025,
    "ThreeDay_Fluctuation":  0.061021125085541923,
    "Week":  0.000000000873065608737025,
    "Week_Fluctuation":  0.061021125085541916,
    "Duration":  "07:47:51.1628025",
    "Updated":  "\/Date(1640378853538)\/",
    "Failed":  0,
    "HashRate_Live":  1670000,
    "HashRate_Average":  1710275.32196406,
    "BlockRate_Live":  0,
    "BlockRate_Average":  0,
    "Diff_Live":  0,
    "Diff_Average":  0,
    "Actual24h_Week":  0,
    "Estimate24h_Week":  0,
    "ErrorRatio":  1
}
