{
    "Live":  0.00000000019543643,
    "Minute":  0.00000000019543643,
    "Minute_Fluctuation":  0,
    "Minute_5":  0.000000000207537083833785,
    "Minute_5_Fluctuation":  0.082102944833618713,
    "Minute_10":  0.000000000222665028650585,
    "Minute_10_Fluctuation":  0.1172483885953978,
    "Hour":  0.000000000267079846866292,
    "Hour_Fluctuation":  0.13876672989341923,
    "Day":  0.000000000244280237899821,
    "Day_Fluctuation":  0.080433970657280876,
    "ThreeDay":  0.000000000244280237899821,
    "ThreeDay_Fluctuation":  0.080433970657280876,
    "Week":  0.000000000244280237899821,
    "Week_Fluctuation":  0.080433970657280876,
    "Duration":  "07:47:51.1628025",
    "Updated":  "\/Date(1640378919026)\/",
    "Failed":  0,
    "HashRate_Live":  0,
    "HashRate_Average":  0,
    "BlockRate_Live":  0,
    "BlockRate_Average":  0,
    "Diff_Live":  0,
    "Diff_Average":  0,
    "Actual24h_Week":  0,
    "Estimate24h_Week":  0,
    "ErrorRatio":  1
}
