{
    "Live":  0.00000000000000106,
    "Minute":  0.00000000000000106,
    "Minute_Fluctuation":  0.71505376344086025,
    "Minute_5":  0.000000000000001854233228848,
    "Minute_5_Fluctuation":  0.51523232439796263,
    "Minute_10":  0.000000000000001879943147463,
    "Minute_10_Fluctuation":  0.266149129354135,
    "Hour":  0.0000000000000021268427779491,
    "Hour_Fluctuation":  0.48090144627486486,
    "Day":  0.0000000000000027941983877852,
    "Day_Fluctuation":  0.41044935208286804,
    "ThreeDay":  0.0000000000000027941983877852,
    "ThreeDay_Fluctuation":  0.41044935208286792,
    "Week":  0.0000000000000027941983877852,
    "Week_Fluctuation":  0.41044935208286792,
    "Duration":  "09:48:36.0576149",
    "Updated":  "\/Date(1640378919261)\/",
    "Failed":  0,
    "HashRate_Live":  115880000000,
    "HashRate_Average":  3633894072768.6763,
    "BlockRate_Live":  0,
    "BlockRate_Average":  0,
    "Diff_Live":  0,
    "Diff_Average":  0,
    "Actual24h_Week":  0,
    "Estimate24h_Week":  0,
    "ErrorRatio":  1
}
