{
    "Live":  0.00000000075511149,
    "Minute":  0.00000000075511149,
    "Minute_Fluctuation":  0,
    "Minute_5":  0.000000000752242935300686,
    "Minute_5_Fluctuation":  0.00584364159903052,
    "Minute_10":  0.000000000750614325377835,
    "Minute_10_Fluctuation":  0.00686964229574786,
    "Hour":  0.00000000076501961474417,
    "Hour_Fluctuation":  0.01727373380298507,
    "Day":  0.00000000077143195122841,
    "Day_Fluctuation":  0.011393318210617348,
    "ThreeDay":  0.00000000077143195122841,
    "ThreeDay_Fluctuation":  0.011393318210617348,
    "Week":  0.00000000077143195122841,
    "Week_Fluctuation":  0.011393318210617348,
    "Duration":  "07:47:51.1628025",
    "Updated":  "\/Date(1640378919014)\/",
    "Failed":  0,
    "HashRate_Live":  0,
    "HashRate_Average":  0,
    "BlockRate_Live":  0,
    "BlockRate_Average":  0,
    "Diff_Live":  0,
    "Diff_Average":  0,
    "Actual24h_Week":  0,
    "Estimate24h_Week":  0,
    "ErrorRatio":  1
}
