{
    "Live":  0.00000000000006438,
    "Minute":  0.00000000000006438,
    "Minute_Fluctuation":  0,
    "Minute_5":  0.0000000000000643660383447866,
    "Minute_5_Fluctuation":  0.00036516865194375243,
    "Minute_10":  0.000000000000064405699368152,
    "Minute_10_Fluctuation":  0.0028715523776323788,
    "Hour":  0.0000000000000649692440719724,
    "Hour_Fluctuation":  0.0073632209215240968,
    "Day":  0.0000000000000647206006486293,
    "Day_Fluctuation":  0.0047615921145958435,
    "ThreeDay":  0.0000000000000647206006486293,
    "ThreeDay_Fluctuation":  0.0047615921145958435,
    "Week":  0.0000000000000647206006486293,
    "Week_Fluctuation":  0.0047615921145958435,
    "Duration":  "07:47:51.1628025",
    "Updated":  "\/Date(1640378853592)\/",
    "Failed":  0,
    "HashRate_Live":  2150000000,
    "HashRate_Average":  2667558842.8338127,
    "BlockRate_Live":  0,
    "BlockRate_Average":  0,
    "Diff_Live":  0,
    "Diff_Average":  0,
    "Actual24h_Week":  0,
    "Estimate24h_Week":  0,
    "ErrorRatio":  1
}
