{
    "Live":  0.00000000000126294,
    "Minute":  0.00000000000126294,
    "Minute_Fluctuation":  0,
    "Minute_5":  0.00000000000126347403331191,
    "Minute_5_Fluctuation":  0.00075566883576584718,
    "Minute_10":  0.00000000000126619019421801,
    "Minute_10_Fluctuation":  0.0067307761331452413,
    "Hour":  0.00000000000128563729214211,
    "Hour_Fluctuation":  0.010066967988148727,
    "Day":  0.00000000000129045235077519,
    "Day_Fluctuation":  0.0056201178393121354,
    "ThreeDay":  0.00000000000129045235077519,
    "ThreeDay_Fluctuation":  0.0056201178393121345,
    "Week":  0.00000000000129045235077519,
    "Week_Fluctuation":  0.0056201178393121345,
    "Duration":  "07:47:51.1628025",
    "Updated":  "\/Date(1640378919029)\/",
    "Failed":  0,
    "HashRate_Live":  0,
    "HashRate_Average":  0,
    "BlockRate_Live":  0,
    "BlockRate_Average":  0,
    "Diff_Live":  0,
    "Diff_Average":  0,
    "Actual24h_Week":  0,
    "Estimate24h_Week":  0,
    "ErrorRatio":  1
}
