{
    "Live":  0.000000000000297792728043281,
    "Minute":  0.000000000000297792728043281,
    "Minute_Fluctuation":  0,
    "Minute_5":  0.000000000000297792728043281,
    "Minute_5_Fluctuation":  0,
    "Minute_10":  0.000000000000297792728043281,
    "Minute_10_Fluctuation":  0,
    "Hour":  0.000000000000297792728043281,
    "Hour_Fluctuation":  0,
    "Day":  0.000000000000297792728043281,
    "Day_Fluctuation":  0,
    "ThreeDay":  0.000000000000297792728043281,
    "ThreeDay_Fluctuation":  0,
    "Week":  0.000000000000297792728043281,
    "Week_Fluctuation":  0,
    "Duration":  "00:13:31.7498924",
    "Updated":  "\/Date(1640173955475)\/",
    "Failed":  0,
    "HashRate_Live":  4949872109.38667,
    "HashRate_Average":  4949872109.3866663,
    "BlockRate_Live":  0.209975194967983,
    "BlockRate_Average":  0.20997519496798311,
    "Diff_Live":  2.03675939110912E+15,
    "Diff_Average":  2.03675939110912E+15,
    "Actual24h_Week":  0,
    "Estimate24h_Week":  0,
    "ErrorRatio":  1
}
