{
    "Live":  0.0000000147926845573188,
    "Minute":  0.0000000147926845573188,
    "Minute_Fluctuation":  0,
    "Minute_5":  0.0000000147926845573188,
    "Minute_5_Fluctuation":  0,
    "Minute_10":  0.0000000147926845573188,
    "Minute_10_Fluctuation":  0,
    "Hour":  0.0000000147926845573188,
    "Hour_Fluctuation":  0,
    "Day":  0.0000000147926845573188,
    "Day_Fluctuation":  0,
    "ThreeDay":  0.0000000147926845573188,
    "ThreeDay_Fluctuation":  0,
    "Week":  0.0000000147926845573188,
    "Week_Fluctuation":  0,
    "Duration":  "00:13:31.7498924",
    "Updated":  "\/Date(1640173955481)\/",
    "Failed":  0,
    "HashRate_Live":  0,
    "HashRate_Average":  0,
    "BlockRate_Live":  0,
    "BlockRate_Average":  0,
    "Diff_Live":  9279118,
    "Diff_Average":  8936153.4332473986,
    "Actual24h_Week":  0,
    "Estimate24h_Week":  0,
    "ErrorRatio":  1
}
