{
    "Live":  0.0000000190706791777426,
    "Minute":  0.0000000190706791777426,
    "Minute_Fluctuation":  0,
    "Minute_5":  0.0000000190706791777426,
    "Minute_5_Fluctuation":  0,
    "Minute_10":  0.0000000190706791777426,
    "Minute_10_Fluctuation":  0,
    "Hour":  0.0000000190706791777426,
    "Hour_Fluctuation":  0,
    "Day":  0.0000000190706791777426,
    "Day_Fluctuation":  0,
    "ThreeDay":  0.0000000190706791777426,
    "ThreeDay_Fluctuation":  0,
    "Week":  0.0000000190706791777426,
    "Week_Fluctuation":  0,
    "Duration":  "00:13:31.7498924",
    "Updated":  "\/Date(1640173955435)\/",
    "Failed":  0,
    "HashRate_Live":  205028.76993777,
    "HashRate_Average":  205028.76993776957,
    "BlockRate_Live":  70.6637363306609,
    "BlockRate_Average":  73.063370483149356,
    "Diff_Live":  250687080,
    "Diff_Average":  242832282.41634125,
    "Actual24h_Week":  0,
    "Estimate24h_Week":  0,
    "ErrorRatio":  1
}
