{
    "Live":  0.00000000000122315288697049,
    "Minute":  0.00000000000122315288697049,
    "Minute_Fluctuation":  0,
    "Minute_5":  0.00000000000122315288697049,
    "Minute_5_Fluctuation":  0,
    "Minute_10":  0.00000000000122315288697049,
    "Minute_10_Fluctuation":  0,
    "Hour":  0.00000000000122315288697049,
    "Hour_Fluctuation":  0,
    "Day":  0.00000000000122315288697049,
    "Day_Fluctuation":  0,
    "ThreeDay":  0.00000000000122315288697049,
    "ThreeDay_Fluctuation":  0,
    "Week":  0.00000000000122315288697049,
    "Week_Fluctuation":  0,
    "Duration":  "00:13:31.7498924",
    "Updated":  "\/Date(1640173955478)\/",
    "Failed":  0,
    "HashRate_Live":  42033717105.32,
    "HashRate_Average":  42033717105.32,
    "BlockRate_Live":  0.306369959413068,
    "BlockRate_Average":  0.30575136513809065,
    "Diff_Live":  11854011943132904,
    "Diff_Average":  11878082231653510,
    "Actual24h_Week":  0,
    "Estimate24h_Week":  0,
    "ErrorRatio":  1
}
