{
    "Live":  0.00000547908994136997,
    "Minute":  0.00000547908994136997,
    "Minute_Fluctuation":  0,
    "Minute_5":  0.00000547908994136997,
    "Minute_5_Fluctuation":  0,
    "Minute_10":  0.00000547908994136997,
    "Minute_10_Fluctuation":  0,
    "Hour":  0.00000547908994136997,
    "Hour_Fluctuation":  0,
    "Day":  0.00000547908994136997,
    "Day_Fluctuation":  0,
    "ThreeDay":  0.00000547908994136997,
    "ThreeDay_Fluctuation":  0,
    "Week":  0.00000547908994136997,
    "Week_Fluctuation":  0,
    "Duration":  "00:13:31.7498924",
    "Updated":  "\/Date(1640173955466)\/",
    "Failed":  0,
    "HashRate_Live":  101.8093628184,
    "HashRate_Average":  101.80936281840006,
    "BlockRate_Live":  886.726708418323,
    "BlockRate_Average":  890.86141451936442,
    "Diff_Live":  310,
    "Diff_Average":  308.57136031694785,
    "Actual24h_Week":  0,
    "Estimate24h_Week":  0,
    "ErrorRatio":  1
}
