{
    "Live":  0.000000000731646543411139,
    "Minute":  0.000000000731646543411139,
    "Minute_Fluctuation":  0,
    "Minute_5":  0.000000000731646543411139,
    "Minute_5_Fluctuation":  0,
    "Minute_10":  0.000000000731646543411139,
    "Minute_10_Fluctuation":  0,
    "Hour":  0.000000000731646543411139,
    "Hour_Fluctuation":  0,
    "Day":  0.000000000731646543411139,
    "Day_Fluctuation":  0,
    "ThreeDay":  0.000000000731646543411139,
    "ThreeDay_Fluctuation":  0,
    "Week":  0.000000000731646543411139,
    "Week_Fluctuation":  0,
    "Duration":  "00:13:31.7498924",
    "Updated":  "\/Date(1640173955421)\/",
    "Failed":  0,
    "HashRate_Live":  32907094.5968962,
    "HashRate_Average":  32907094.5968962,
    "BlockRate_Live":  8.675422385288,
    "BlockRate_Average":  8.6771838034070754,
    "Diff_Live":  327727325184,
    "Diff_Average":  327660806560.11322,
    "Actual24h_Week":  0,
    "Estimate24h_Week":  0,
    "ErrorRatio":  1
}
