{
    "Live":  0.00000000579846147582857,
    "Minute":  0.00000000579846147582857,
    "Minute_Fluctuation":  0,
    "Minute_5":  0.00000000579846147582857,
    "Minute_5_Fluctuation":  0,
    "Minute_10":  0.00000000579846147582857,
    "Minute_10_Fluctuation":  0,
    "Hour":  0.00000000579846147582857,
    "Hour_Fluctuation":  0,
    "Day":  0.00000000579846147582857,
    "Day_Fluctuation":  0,
    "ThreeDay":  0.00000000579846147582857,
    "ThreeDay_Fluctuation":  0,
    "Week":  0.00000000579846147582857,
    "Week_Fluctuation":  0,
    "Duration":  "00:13:31.7498924",
    "Updated":  "\/Date(1640173955429)\/",
    "Failed":  0,
    "HashRate_Live":  0,
    "HashRate_Average":  0,
    "BlockRate_Live":  0,
    "BlockRate_Average":  0,
    "Diff_Live":  121713599,
    "Diff_Average":  120085027.65563381,
    "Actual24h_Week":  0,
    "Estimate24h_Week":  0,
    "ErrorRatio":  1
}
