{
    "Live":  0.00000000841660072484865,
    "Minute":  0.00000000841660072484865,
    "Minute_Fluctuation":  0,
    "Minute_5":  0.00000000841660072484865,
    "Minute_5_Fluctuation":  0,
    "Minute_10":  0.00000000841660072484865,
    "Minute_10_Fluctuation":  0,
    "Hour":  0.00000000841660072484865,
    "Hour_Fluctuation":  0,
    "Day":  0.00000000841660072484865,
    "Day_Fluctuation":  0,
    "ThreeDay":  0.00000000841660072484865,
    "ThreeDay_Fluctuation":  0,
    "Week":  0.00000000841660072484865,
    "Week_Fluctuation":  0,
    "Duration":  "00:13:31.7498924",
    "Updated":  "\/Date(1640173955426)\/",
    "Failed":  0,
    "HashRate_Live":  2082146.8851204,
    "HashRate_Average":  2082146.8851203979,
    "BlockRate_Live":  125.240217690168,
    "BlockRate_Average":  125.28693043304466,
    "Diff_Live":  1436419500,
    "Diff_Average":  1436067300.7985973,
    "Actual24h_Week":  0,
    "Estimate24h_Week":  0,
    "ErrorRatio":  1
}
