{
    "Live":  0.00000000207516210787864,
    "Minute":  0.00000000207516210787864,
    "Minute_Fluctuation":  0,
    "Minute_5":  0.00000000207516210787864,
    "Minute_5_Fluctuation":  0,
    "Minute_10":  0.00000000207516210787864,
    "Minute_10_Fluctuation":  0,
    "Hour":  0.00000000207516210787864,
    "Hour_Fluctuation":  0,
    "Day":  0.00000000207516210787864,
    "Day_Fluctuation":  0,
    "ThreeDay":  0.00000000207516210787864,
    "ThreeDay_Fluctuation":  0,
    "Week":  0.00000000207516210787864,
    "Week_Fluctuation":  0,
    "Duration":  "00:13:31.7498924",
    "Updated":  "\/Date(1640173955440)\/",
    "Failed":  0,
    "HashRate_Live":  39152.5461631266,
    "HashRate_Average":  39152.54616312663,
    "BlockRate_Live":  84.8141673817079,
    "BlockRate_Average":  84.695912604753559,
    "Diff_Live":  39884610,
    "Diff_Average":  39940407.400570996,
    "Actual24h_Week":  0,
    "Estimate24h_Week":  0,
    "ErrorRatio":  1
}
