{
    "Live":  0.00000860328713854878,
    "Minute":  0.00000860328713854878,
    "Minute_Fluctuation":  0,
    "Minute_5":  0.00000860328713854878,
    "Minute_5_Fluctuation":  0,
    "Minute_10":  0.00000860328713854878,
    "Minute_10_Fluctuation":  0,
    "Hour":  0.00000860328713854878,
    "Hour_Fluctuation":  0,
    "Day":  0.00000860328713854878,
    "Day_Fluctuation":  0,
    "ThreeDay":  0.00000860328713854878,
    "ThreeDay_Fluctuation":  0,
    "Week":  0.00000860328713854878,
    "Week_Fluctuation":  0,
    "Duration":  "00:13:31.7498924",
    "Updated":  "\/Date(1640173955463)\/",
    "Failed":  0,
    "HashRate_Live":  15.3649519856771,
    "HashRate_Average":  15.364951985677084,
    "BlockRate_Live":  864.278549194336,
    "BlockRate_Average":  881.7353260357055,
    "Diff_Live":  48,
    "Diff_Average":  47.076716377656666,
    "Actual24h_Week":  0,
    "Estimate24h_Week":  0,
    "ErrorRatio":  1
}
