{
    "Live":  0.000000000351890657559988,
    "Minute":  0.000000000351890657559988,
    "Minute_Fluctuation":  0,
    "Minute_5":  0.000000000351890657559988,
    "Minute_5_Fluctuation":  0,
    "Minute_10":  0.000000000351890657559988,
    "Minute_10_Fluctuation":  0,
    "Hour":  0.000000000351890657559988,
    "Hour_Fluctuation":  0,
    "Day":  0.000000000351890657559988,
    "Day_Fluctuation":  0,
    "ThreeDay":  0.000000000351890657559988,
    "ThreeDay_Fluctuation":  0,
    "Week":  0.000000000351890657559988,
    "Week_Fluctuation":  0,
    "Duration":  "00:13:31.7498924",
    "Updated":  "\/Date(1640173955498)\/",
    "Failed":  0,
    "HashRate_Live":  1485007.27426778,
    "HashRate_Average":  1485007.2742677815,
    "BlockRate_Live":  36.8803428010658,
    "BlockRate_Average":  34.261150132384671,
    "Diff_Live":  3478943490,
    "Diff_Average":  3756323024.5379834,
    "Actual24h_Week":  0,
    "Estimate24h_Week":  0,
    "ErrorRatio":  1
}
