{
    "Live":  0.0000000193403078033086,
    "Minute":  0.0000000193403078033086,
    "Minute_Fluctuation":  0,
    "Minute_5":  0.0000000193403078033086,
    "Minute_5_Fluctuation":  0,
    "Minute_10":  0.0000000193403078033086,
    "Minute_10_Fluctuation":  0,
    "Hour":  0.0000000193403078033086,
    "Hour_Fluctuation":  0,
    "Day":  0.0000000193403078033086,
    "Day_Fluctuation":  0,
    "ThreeDay":  0.0000000193403078033086,
    "ThreeDay_Fluctuation":  0,
    "Week":  0.0000000193403078033086,
    "Week_Fluctuation":  0,
    "Duration":  "00:13:31.7498924",
    "Updated":  "\/Date(1640173955432)\/",
    "Failed":  0,
    "HashRate_Live":  45.4915828450521,
    "HashRate_Average":  45.491582845052086,
    "BlockRate_Live":  0.0341008682460726,
    "BlockRate_Average":  0.032609213499915857,
    "Diff_Live":  115260196,
    "Diff_Average":  120791632.80959629,
    "Actual24h_Week":  0,
    "Estimate24h_Week":  0,
    "ErrorRatio":  1
}
