{
    "Live":  0.00000000593884263648916,
    "Minute":  0.00000000593884263648916,
    "Minute_Fluctuation":  0,
    "Minute_5":  0.00000000593884263648916,
    "Minute_5_Fluctuation":  0,
    "Minute_10":  0.00000000593884263648916,
    "Minute_10_Fluctuation":  0,
    "Hour":  0.00000000593884263648916,
    "Hour_Fluctuation":  0,
    "Day":  0.00000000593884263648916,
    "Day_Fluctuation":  0,
    "ThreeDay":  0.00000000593884263648916,
    "ThreeDay_Fluctuation":  0,
    "Week":  0.00000000593884263648916,
    "Week_Fluctuation":  0,
    "Duration":  "00:13:31.7498924",
    "Updated":  "\/Date(1640173955472)\/",
    "Failed":  0,
    "HashRate_Live":  4441696.13968992,
    "HashRate_Average":  4441696.1396899158,
    "BlockRate_Live":  12.1236411641543,
    "BlockRate_Average":  12.772781169607709,
    "Diff_Live":  31654066734,
    "Diff_Average":  30079587938.457256,
    "Actual24h_Week":  0,
    "Estimate24h_Week":  0,
    "ErrorRatio":  1
}
