{
    "Live":  0.000000000528196029161939,
    "Minute":  0.000000000528196029161939,
    "Minute_Fluctuation":  0,
    "Minute_5":  0.000000000528196029161939,
    "Minute_5_Fluctuation":  0,
    "Minute_10":  0.000000000528196029161939,
    "Minute_10_Fluctuation":  0,
    "Hour":  0.000000000528196029161939,
    "Hour_Fluctuation":  0,
    "Day":  0.000000000528196029161939,
    "Day_Fluctuation":  0,
    "ThreeDay":  0.000000000528196029161939,
    "ThreeDay_Fluctuation":  0,
    "Week":  0.000000000528196029161939,
    "Week_Fluctuation":  0,
    "Duration":  "00:13:31.7498924",
    "Updated":  "\/Date(1640173955494)\/",
    "Failed":  0,
    "HashRate_Live":  3426638.19698428,
    "HashRate_Average":  3426638.1969842785,
    "BlockRate_Live":  145.668297838608,
    "BlockRate_Average":  145.85350033939287,
    "Diff_Live":  2032436327,
    "Diff_Average":  2029860127.0584559,
    "Actual24h_Week":  0,
    "Estimate24h_Week":  0,
    "ErrorRatio":  1
}
