{
    "Live":  0.000004661571187685,
    "Minute":  0.000004661571187685,
    "Minute_Fluctuation":  0,
    "Minute_5":  0.000004661571187685,
    "Minute_5_Fluctuation":  0,
    "Minute_10":  0.000004661571187685,
    "Minute_10_Fluctuation":  0,
    "Hour":  0.000004661571187685,
    "Hour_Fluctuation":  0,
    "Day":  0.000004661571187685,
    "Day_Fluctuation":  0,
    "ThreeDay":  0.000004661571187685,
    "ThreeDay_Fluctuation":  0,
    "Week":  0.000004661571187685,
    "Week_Fluctuation":  0,
    "Duration":  "00:13:31.7498924",
    "Updated":  "\/Date(1640173955491)\/",
    "Failed":  0,
    "HashRate_Live":  3.42652327219645,
    "HashRate_Average":  3.4265232721964516,
    "BlockRate_Live":  35.5831262881939,
    "BlockRate_Average":  35.5414040942808,
    "Diff_Live":  208,
    "Diff_Average":  208.24590296614804,
    "Actual24h_Week":  0,
    "Estimate24h_Week":  0,
    "ErrorRatio":  1
}
