{
    "Live":  0.000000000193789174888804,
    "Minute":  0.000000000193789174888804,
    "Minute_Fluctuation":  0,
    "Minute_5":  0.000000000193789174888804,
    "Minute_5_Fluctuation":  0,
    "Minute_10":  0.000000000193789174888804,
    "Minute_10_Fluctuation":  0,
    "Hour":  0.000000000193789174888804,
    "Hour_Fluctuation":  0,
    "Day":  0.000000000193789174888804,
    "Day_Fluctuation":  0,
    "ThreeDay":  0.000000000193789174888804,
    "ThreeDay_Fluctuation":  0,
    "Week":  0.000000000193789174888804,
    "Week_Fluctuation":  0,
    "Duration":  "00:13:31.7498924",
    "Updated":  "\/Date(1640173955513)\/",
    "Failed":  0,
    "HashRate_Live":  484039.726581116,
    "HashRate_Average":  484039.72658111574,
    "BlockRate_Live":  40.2125311313542,
    "BlockRate_Average":  40.28146684195805,
    "Diff_Live":  1040000000,
    "Diff_Average":  1038251430.0185131,
    "Actual24h_Week":  0,
    "Estimate24h_Week":  0,
    "ErrorRatio":  1
}
