{
    "Live":  0.00000000000182226759776303,
    "Minute":  0.00000000000182226759776303,
    "Minute_Fluctuation":  0,
    "Minute_5":  0.00000000000182226759776303,
    "Minute_5_Fluctuation":  0,
    "Minute_10":  0.00000000000182226759776303,
    "Minute_10_Fluctuation":  0,
    "Hour":  0.00000000000182226759776303,
    "Hour_Fluctuation":  0,
    "Day":  0.00000000000182226759776303,
    "Day_Fluctuation":  0,
    "ThreeDay":  0.00000000000182226759776303,
    "ThreeDay_Fluctuation":  0,
    "Week":  0.00000000000182226759776303,
    "Week_Fluctuation":  0,
    "Duration":  "00:13:31.7498924",
    "Updated":  "\/Date(1640173955468)\/",
    "Failed":  0,
    "HashRate_Live":  3627620925.81819,
    "HashRate_Average":  3627620925.8181911,
    "BlockRate_Live":  0.672167610756516,
    "BlockRate_Average":  0.67156960977464542,
    "Diff_Live":  108143,
    "Diff_Average":  108246.6468122473,
    "Actual24h_Week":  0,
    "Estimate24h_Week":  0,
    "ErrorRatio":  1
}
