{
    "Live":  0.00000989703886498212,
    "Minute":  0.00000989703886498212,
    "Minute_Fluctuation":  0,
    "Minute_5":  0.00000989703886498212,
    "Minute_5_Fluctuation":  0,
    "Minute_10":  0.00000989703886498212,
    "Minute_10_Fluctuation":  0,
    "Hour":  0.00000989703886498212,
    "Hour_Fluctuation":  0,
    "Day":  0.00000989703886498212,
    "Day_Fluctuation":  0,
    "ThreeDay":  0.00000989703886498212,
    "ThreeDay_Fluctuation":  0,
    "Week":  0.00000989703886498212,
    "Week_Fluctuation":  0,
    "Duration":  "00:13:31.7498924",
    "Updated":  "\/Date(1640173955460)\/",
    "Failed":  0,
    "HashRate_Live":  23.615028889974,
    "HashRate_Average":  23.61502888997396,
    "BlockRate_Live":  48.2121572800981,
    "BlockRate_Average":  48.204093417282827,
    "Diff_Live":  2645,
    "Diff_Average":  2645.4477112594973,
    "Actual24h_Week":  0,
    "Estimate24h_Week":  0,
    "ErrorRatio":  1
}
