{
    "Live":  0.000000000103659048713747,
    "Minute":  0.000000000103659048713747,
    "Minute_Fluctuation":  0,
    "Minute_5":  0.000000000103659048713747,
    "Minute_5_Fluctuation":  0,
    "Minute_10":  0.000000000103659048713747,
    "Minute_10_Fluctuation":  0,
    "Hour":  0.000000000103659048713747,
    "Hour_Fluctuation":  0,
    "Day":  0.000000000103659048713747,
    "Day_Fluctuation":  0,
    "ThreeDay":  0.000000000103659048713747,
    "ThreeDay_Fluctuation":  0,
    "Week":  0.000000000103659048713747,
    "Week_Fluctuation":  0,
    "Duration":  "00:13:31.7498924",
    "Updated":  "\/Date(1640173955517)\/",
    "Failed":  0,
    "HashRate_Live":  3424137.75205231,
    "HashRate_Average":  3424137.7520523071,
    "BlockRate_Live":  18.7243987317122,
    "BlockRate_Average":  18.745386501801992,
    "Diff_Live":  15800000097,
    "Diff_Average":  15782514397.185129,
    "Actual24h_Week":  0,
    "Estimate24h_Week":  0,
    "ErrorRatio":  1
}
