{
    "Live":  0.00000000930685272288366,
    "Minute":  0.00000000930685272288366,
    "Minute_Fluctuation":  0,
    "Minute_5":  0.00000000930685272288366,
    "Minute_5_Fluctuation":  0,
    "Minute_10":  0.00000000930685272288366,
    "Minute_10_Fluctuation":  0,
    "Hour":  0.00000000930685272288366,
    "Hour_Fluctuation":  0,
    "Day":  0.00000000930685272288366,
    "Day_Fluctuation":  0,
    "ThreeDay":  0.00000000930685272288366,
    "ThreeDay_Fluctuation":  0,
    "Week":  0.00000000930685272288366,
    "Week_Fluctuation":  0,
    "Duration":  "00:13:31.7498924",
    "Updated":  "\/Date(1640173955483)\/",
    "Failed":  0,
    "HashRate_Live":  2297031.10813805,
    "HashRate_Average":  2297031.1081380527,
    "BlockRate_Live":  39.5061848833702,
    "BlockRate_Average":  39.992388537874213,
    "Diff_Live":  5023605502,
    "Diff_Average":  4962839439.0072165,
    "Actual24h_Week":  0,
    "Estimate24h_Week":  0,
    "ErrorRatio":  1
}
