{
    "Live":  0.00000000407383442997462,
    "Minute":  0.00000000407383442997462,
    "Minute_Fluctuation":  0,
    "Minute_5":  0.00000000407383442997462,
    "Minute_5_Fluctuation":  0,
    "Minute_10":  0.00000000407383442997462,
    "Minute_10_Fluctuation":  0,
    "Hour":  0.00000000407383442997462,
    "Hour_Fluctuation":  0,
    "Day":  0.00000000407383442997462,
    "Day_Fluctuation":  0,
    "ThreeDay":  0.00000000407383442997462,
    "ThreeDay_Fluctuation":  0,
    "Week":  0.00000000407383442997462,
    "Week_Fluctuation":  0,
    "Duration":  "00:13:31.7498924",
    "Updated":  "\/Date(1640173955487)\/",
    "Failed":  0,
    "HashRate_Live":  593400.795856171,
    "HashRate_Average":  593400.79585617071,
    "BlockRate_Live":  13.1144363222563,
    "BlockRate_Average":  13.130636723197,
    "Diff_Live":  3909419170,
    "Diff_Average":  3904854036.2860026,
    "Actual24h_Week":  0,
    "Estimate24h_Week":  0,
    "ErrorRatio":  1
}
