{
    "Live":  0.0000000168519138544277,
    "Minute":  0.0000000168519138544277,
    "Minute_Fluctuation":  0,
    "Minute_5":  0.0000000168519138544277,
    "Minute_5_Fluctuation":  0,
    "Minute_10":  0.0000000168519138544277,
    "Minute_10_Fluctuation":  0,
    "Hour":  0.0000000168519138544277,
    "Hour_Fluctuation":  0,
    "Day":  0.0000000168519138544277,
    "Day_Fluctuation":  0,
    "ThreeDay":  0.0000000168519138544277,
    "ThreeDay_Fluctuation":  0,
    "Week":  0.0000000168519138544277,
    "Week_Fluctuation":  0,
    "Duration":  "00:13:31.7498924",
    "Updated":  "\/Date(1640173955437)\/",
    "Failed":  0,
    "HashRate_Live":  0,
    "HashRate_Average":  0,
    "BlockRate_Live":  0,
    "BlockRate_Average":  0,
    "Diff_Live":  231000000,
    "Diff_Average":  221837597.85966775,
    "Actual24h_Week":  0,
    "Estimate24h_Week":  0,
    "ErrorRatio":  1
}
