{
    "Live":  0.0000000000012265347613278,
    "Minute":  0.0000000000012265347613278,
    "Minute_Fluctuation":  0.00097549079380567318,
    "Minute_5":  0.00000000000122565106111684,
    "Minute_5_Fluctuation":  0.00053040910956019471,
    "Minute_10":  0.00000000000122473296710329,
    "Minute_10_Fluctuation":  0.0022524853071291566,
    "Hour":  0.0000000000012082922208934,
    "Hour_Fluctuation":  0.01565526558603049,
    "Day":  0.00000000000119158082718597,
    "Day_Fluctuation":  0.016444264430522111,
    "ThreeDay":  0.00000000000119158082718597,
    "ThreeDay_Fluctuation":  0.016444264430522111,
    "Week":  0.00000000000119158082718597,
    "Week_Fluctuation":  0.016444264430522052,
    "Duration":  "03:17:07.2560019",
    "Updated":  "\/Date(1640109093378)\/",
    "Failed":  0,
    "HashRate_Live":  33898722500000,
    "HashRate_Average":  29188786562796.707,
    "BlockRate_Live":  189,
    "BlockRate_Average":  176.24409614064945,
    "Diff_Live":  0,
    "Diff_Average":  0,
    "Actual24h_Week":  0,
    "Estimate24h_Week":  0,
    "ErrorRatio":  1
}
