{
    "Live":  0.00000000000090785515165645,
    "Minute":  0.00000000000090785515165645,
    "Minute_Fluctuation":  0,
    "Minute_5":  0.0000000000008824356693501,
    "Minute_5_Fluctuation":  0.165383818078935,
    "Minute_10":  0.000000000000761641506591433,
    "Minute_10_Fluctuation":  0.50604717965852253,
    "Hour":  0.000000000000719786328899691,
    "Hour_Fluctuation":  0.28087867324784588,
    "Day":  0.000000000000816685481033748,
    "Day_Fluctuation":  0.10923500330012814,
    "ThreeDay":  0.000000000000816685481033748,
    "ThreeDay_Fluctuation":  0.10923500330012814,
    "Week":  0.000000000000816685481033748,
    "Week_Fluctuation":  0.10923500330012814,
    "Duration":  "03:14:58.5386224",
    "Updated":  "\/Date(1640109028078)\/",
    "Failed":  0,
    "HashRate_Live":  157613400000,
    "HashRate_Average":  134611529762.24867,
    "BlockRate_Live":  89,
    "BlockRate_Average":  90.552639321498759,
    "Diff_Live":  0,
    "Diff_Average":  0,
    "Actual24h_Week":  0,
    "Estimate24h_Week":  0,
    "ErrorRatio":  1
}
