{
    "Live":  0.00000000000161614950709874,
    "Minute":  0.00000000000161614950709874,
    "Minute_Fluctuation":  0,
    "Minute_5":  0.00000000000161641030615214,
    "Minute_5_Fluctuation":  0.00045676137398646883,
    "Minute_10":  0.00000000000161642049177963,
    "Minute_10_Fluctuation":  0.0015415013456993468,
    "Hour":  0.00000000000161038503615899,
    "Hour_Fluctuation":  0.007550582782560173,
    "Day":  0.0000000000016021166065447,
    "Day_Fluctuation":  0.0081019443573329859,
    "ThreeDay":  0.0000000000016021166065447,
    "ThreeDay_Fluctuation":  0.0081019443573329859,
    "Week":  0.0000000000016021166065447,
    "Week_Fluctuation":  0.0081019443573329859,
    "Duration":  "03:17:07.2560019",
    "Updated":  "\/Date(1640109028042)\/",
    "Failed":  0,
    "HashRate_Live":  433735344000,
    "HashRate_Average":  429859312770.15033,
    "BlockRate_Live":  80,
    "BlockRate_Average":  81.416577053423168,
    "Diff_Live":  0,
    "Diff_Average":  0,
    "Actual24h_Week":  0,
    "Estimate24h_Week":  0,
    "ErrorRatio":  1
}
