{
    "Live":  0.000000000635268903055896,
    "Minute":  0.000000000635268903055896,
    "Minute_Fluctuation":  0,
    "Minute_5":  0.000000000635989246904417,
    "Minute_5_Fluctuation":  0.0034067214994337666,
    "Minute_10":  0.000000000634606778303192,
    "Minute_10_Fluctuation":  0.0064613679347768349,
    "Hour":  0.000000000640967798477765,
    "Hour_Fluctuation":  0.015144192182992997,
    "Day":  0.000000000647801090474842,
    "Day_Fluctuation":  0.014505082305960836,
    "ThreeDay":  0.000000000647801090474842,
    "ThreeDay_Fluctuation":  0.014505082305960836,
    "Week":  0.000000000647801090474842,
    "Week_Fluctuation":  0.014505082305960836,
    "Duration":  "03:17:07.2560019",
    "Updated":  "\/Date(1640109028013)\/",
    "Failed":  0,
    "HashRate_Live":  567847665,
    "HashRate_Average":  507006466.89085823,
    "BlockRate_Live":  94,
    "BlockRate_Average":  93.425759408672931,
    "Diff_Live":  0,
    "Diff_Average":  0,
    "Actual24h_Week":  0,
    "Estimate24h_Week":  0,
    "ErrorRatio":  1
}
