{
    "Live":  0.000000000000252167484498184,
    "Minute":  0.000000000000252167484498184,
    "Minute_Fluctuation":  0,
    "Minute_5":  0.000000000000251568496229874,
    "Minute_5_Fluctuation":  0.0060229924359333489,
    "Minute_10":  0.000000000000250195477859856,
    "Minute_10_Fluctuation":  0.0098084675633931077,
    "Hour":  0.000000000000247677307326021,
    "Hour_Fluctuation":  0.008812352425706025,
    "Day":  0.00000000000024814055253885,
    "Day_Fluctuation":  0.011563417930300602,
    "ThreeDay":  0.00000000000024814055253885,
    "ThreeDay_Fluctuation":  0.0115634179303006,
    "Week":  0.00000000000024814055253885,
    "Week_Fluctuation":  0.0115634179303006,
    "Duration":  "03:17:07.2560019",
    "Updated":  "\/Date(1640109028096)\/",
    "Failed":  0,
    "HashRate_Live":  6823314000000,
    "HashRate_Average":  6915761192397.0664,
    "BlockRate_Live":  253,
    "BlockRate_Average":  248.97054404194486,
    "Diff_Live":  0,
    "Diff_Average":  0,
    "Actual24h_Week":  0,
    "Estimate24h_Week":  0,
    "ErrorRatio":  1
}
