{
    "Live":  0.00000000000119806387840099,
    "Minute":  0.00000000000119806387840099,
    "Minute_Fluctuation":  0.00044931264615865842,
    "Minute_5":  0.00000000000119838954461702,
    "Minute_5_Fluctuation":  0.0013076019703745381,
    "Minute_10":  0.00000000000119887480323858,
    "Minute_10_Fluctuation":  0.0020012064515532555,
    "Hour":  0.00000000000119891815998347,
    "Hour_Fluctuation":  0.0020469512399120581,
    "Day":  0.00000000000119891815998347,
    "Day_Fluctuation":  0.0020469512399120581,
    "ThreeDay":  0.00000000000119891815998347,
    "ThreeDay_Fluctuation":  0.0020469512399120581,
    "Week":  0.00000000000119891815998347,
    "Week_Fluctuation":  0.0020469512399120581,
    "Duration":  "00:13:31.7498924",
    "Updated":  "\/Date(1640173955796)\/",
    "Failed":  0,
    "HashRate_Live":  0,
    "HashRate_Average":  0,
    "BlockRate_Live":  0,
    "BlockRate_Average":  0,
    "Diff_Live":  0,
    "Diff_Average":  0,
    "Actual24h_Week":  0,
    "Estimate24h_Week":  0,
    "ErrorRatio":  1
}
