{
    "Live":  0.00000000120291718053838,
    "Minute":  0.00000000120291718053838,
    "Minute_Fluctuation":  0.010770123560733742,
    "Minute_5":  0.00000000118504856216332,
    "Minute_5_Fluctuation":  0.013295446641655918,
    "Minute_10":  0.00000000118457688840941,
    "Minute_10_Fluctuation":  0.013889842317586946,
    "Hour":  0.00000000118406135967496,
    "Hour_Fluctuation":  0.0139481694708753,
    "Day":  0.00000000118406135967496,
    "Day_Fluctuation":  0.013948169470875299,
    "ThreeDay":  0.00000000118406135967496,
    "ThreeDay_Fluctuation":  0.013948169470875299,
    "Week":  0.00000000118406135967496,
    "Week_Fluctuation":  0.0139481694708753,
    "Duration":  "00:13:31.7498924",
    "Updated":  "\/Date(1640173955758)\/",
    "Failed":  0,
    "HashRate_Live":  0,
    "HashRate_Average":  0,
    "BlockRate_Live":  0,
    "BlockRate_Average":  0,
    "Diff_Live":  0,
    "Diff_Average":  0,
    "Actual24h_Week":  0,
    "Estimate24h_Week":  0,
    "ErrorRatio":  1
}
