{
    "Live":  0.0000000000000040052227994082,
    "Minute":  0.0000000000000040052227994082,
    "Minute_Fluctuation":  0.00081964219381046907,
    "Minute_5":  0.0000000000000040031491647564,
    "Minute_5_Fluctuation":  0.00042908193679804386,
    "Minute_10":  0.0000000000000040030015972166,
    "Minute_10_Fluctuation":  0.00037856494914628285,
    "Hour":  0.0000000000000040029683340095,
    "Hour_Fluctuation":  0.00037395696003309083,
    "Day":  0.0000000000000040029683340095,
    "Day_Fluctuation":  0.00037395696003309083,
    "ThreeDay":  0.0000000000000040029683340095,
    "ThreeDay_Fluctuation":  0.00037395696003309083,
    "Week":  0.0000000000000040029683340095,
    "Week_Fluctuation":  0.00037395696003309083,
    "Duration":  "00:13:31.7498924",
    "Updated":  "\/Date(1640173955742)\/",
    "Failed":  0,
    "HashRate_Live":  0,
    "HashRate_Average":  0,
    "BlockRate_Live":  0,
    "BlockRate_Average":  0,
    "Diff_Live":  0,
    "Diff_Average":  0,
    "Actual24h_Week":  0,
    "Estimate24h_Week":  0,
    "ErrorRatio":  1
}
