{
    "Live":  0.0000000056555544,
    "Minute":  0.0000000056555544,
    "Minute_Fluctuation":  0.038234868681586792,
    "Minute_5":  0.0000000057474808684641,
    "Minute_5_Fluctuation":  0.020006591017830477,
    "Minute_10":  0.0000000057526025926538,
    "Minute_10_Fluctuation":  0.017993445330958605,
    "Hour":  0.0000000057530507831089,
    "Hour_Fluctuation":  0.017913794243697396,
    "Day":  0.0000000057530507831089,
    "Day_Fluctuation":  0.017913794243697396,
    "ThreeDay":  0.0000000057530507831089,
    "ThreeDay_Fluctuation":  0.017913794243697396,
    "Week":  0.0000000057530507831089,
    "Week_Fluctuation":  0.017913794243697396,
    "Duration":  "00:13:31.7498924",
    "Updated":  "\/Date(1640173955602)\/",
    "Failed":  0,
    "HashRate_Live":  0,
    "HashRate_Average":  0,
    "BlockRate_Live":  0,
    "BlockRate_Average":  0,
    "Diff_Live":  0,
    "Diff_Average":  0,
    "Actual24h_Week":  0,
    "Estimate24h_Week":  0,
    "ErrorRatio":  1
}
