{
    "Live":  0.0000278333348571429,
    "Minute":  0.0000278333348571429,
    "Minute_Fluctuation":  0.00034204792062512773,
    "Minute_5":  0.0000278558260566587,
    "Minute_5_Fluctuation":  0.00084797168386318222,
    "Minute_10":  0.0000278693299664508,
    "Minute_10_Fluctuation":  0.0007787348533091782,
    "Hour":  0.0000278707269382999,
    "Hour_Fluctuation":  0.000755143085563754,
    "Day":  0.0000278707269382999,
    "Day_Fluctuation":  0.00075514308556375422,
    "ThreeDay":  0.0000278707269382999,
    "ThreeDay_Fluctuation":  0.00075514308556375411,
    "Week":  0.0000278707269382999,
    "Week_Fluctuation":  0.000755143085563754,
    "Duration":  "00:13:31.7498924",
    "Updated":  "\/Date(1640173955656)\/",
    "Failed":  0,
    "HashRate_Live":  0,
    "HashRate_Average":  0,
    "BlockRate_Live":  0,
    "BlockRate_Average":  0,
    "Diff_Live":  0,
    "Diff_Average":  0,
    "Actual24h_Week":  0,
    "Estimate24h_Week":  0,
    "ErrorRatio":  1
}
