{
    "Live":  0.0000000000000027747615096088,
    "Minute":  0.0000000000000027747615096088,
    "Minute_Fluctuation":  0.036251448574591658,
    "Minute_5":  0.0000000000000029083964510878,
    "Minute_5_Fluctuation":  0.04606495661274998,
    "Minute_10":  0.0000000000000029065737954293,
    "Minute_10_Fluctuation":  0.041886301245290504,
    "Hour":  0.0000000000000029098167595247,
    "Hour_Fluctuation":  0.042047135524052391,
    "Day":  0.0000000000000029098167595247,
    "Day_Fluctuation":  0.042047135524052391,
    "ThreeDay":  0.0000000000000029098167595247,
    "ThreeDay_Fluctuation":  0.042047135524052391,
    "Week":  0.0000000000000029098167595247,
    "Week_Fluctuation":  0.0420471355240524,
    "Duration":  "00:13:31.7498924",
    "Updated":  "\/Date(1640173955687)\/",
    "Failed":  0,
    "HashRate_Live":  0,
    "HashRate_Average":  0,
    "BlockRate_Live":  0,
    "BlockRate_Average":  0,
    "Diff_Live":  0,
    "Diff_Average":  0,
    "Actual24h_Week":  0,
    "Estimate24h_Week":  0,
    "ErrorRatio":  1
}
