{
    "Live":  0.000000000000002628140801703,
    "Minute":  0.000000000000002628140801703,
    "Minute_Fluctuation":  0.00040223629604064365,
    "Minute_5":  0.0000000000000026252217700362,
    "Minute_5_Fluctuation":  0.0053276556127470212,
    "Minute_10":  0.0000000000000026262185891908,
    "Minute_10_Fluctuation":  0.0051967932036223689,
    "Hour":  0.00000000000000262623442101,
    "Hour_Fluctuation":  0.0053306949639938695,
    "Day":  0.00000000000000262623442101,
    "Day_Fluctuation":  0.00533069496399387,
    "ThreeDay":  0.00000000000000262623442101,
    "ThreeDay_Fluctuation":  0.00533069496399387,
    "Week":  0.00000000000000262623442101,
    "Week_Fluctuation":  0.00533069496399387,
    "Duration":  "00:13:31.7498924",
    "Updated":  "\/Date(1640173955776)\/",
    "Failed":  0,
    "HashRate_Live":  0,
    "HashRate_Average":  0,
    "BlockRate_Live":  0,
    "BlockRate_Average":  0,
    "Diff_Live":  0,
    "Diff_Average":  0,
    "Actual24h_Week":  0,
    "Estimate24h_Week":  0,
    "ErrorRatio":  1
}
