{
    "Live":  0.0000000000000000066999928746,
    "Minute":  0.0000000000000000066999928746,
    "Minute_Fluctuation":  1.2464968162556589E-07,
    "Minute_5":  0.0000000000000000066999945096,
    "Minute_5_Fluctuation":  1.6789702321227494E-07,
    "Minute_10":  0.0000000000000000066999948429,
    "Minute_10_Fluctuation":  1.460187032658588E-07,
    "Hour":  0.0000000000000000066999949041,
    "Hour_Fluctuation":  1.4066416548457022E-07,
    "Day":  0.0000000000000000066999949041,
    "Day_Fluctuation":  1.4066416548457025E-07,
    "ThreeDay":  0.0000000000000000066999949041,
    "ThreeDay_Fluctuation":  1.4066416548457025E-07,
    "Week":  0.0000000000000000066999949041,
    "Week_Fluctuation":  1.4066416548457022E-07,
    "Duration":  "00:13:31.7498924",
    "Updated":  "\/Date(1640173955853)\/",
    "Failed":  0,
    "HashRate_Live":  0,
    "HashRate_Average":  0,
    "BlockRate_Live":  0,
    "BlockRate_Average":  0,
    "Diff_Live":  0,
    "Diff_Average":  0,
    "Actual24h_Week":  0,
    "Estimate24h_Week":  0,
    "ErrorRatio":  1
}
