{
    "Live":  0.0000013042157269863,
    "Minute":  0.0000013042157269863,
    "Minute_Fluctuation":  0.00055304322495915983,
    "Minute_5":  0.00000131421620969395,
    "Minute_5_Fluctuation":  0.017435954490809338,
    "Minute_10":  0.00000132594804439072,
    "Minute_10_Fluctuation":  0.019495187436936172,
    "Hour":  0.00000132691673475674,
    "Hour_Fluctuation":  0.019514031115233133,
    "Day":  0.00000132691673475674,
    "Day_Fluctuation":  0.019514031115233133,
    "ThreeDay":  0.00000132691673475674,
    "ThreeDay_Fluctuation":  0.019514031115233133,
    "Week":  0.00000132691673475674,
    "Week_Fluctuation":  0.019514031115233133,
    "Duration":  "00:13:31.7498924",
    "Updated":  "\/Date(1640173955736)\/",
    "Failed":  0,
    "HashRate_Live":  0,
    "HashRate_Average":  0,
    "BlockRate_Live":  0,
    "BlockRate_Average":  0,
    "Diff_Live":  0,
    "Diff_Average":  0,
    "Actual24h_Week":  0,
    "Estimate24h_Week":  0,
    "ErrorRatio":  1
}
