{
    "Live":  0.00000000000816939739758907,
    "Minute":  0.00000000000816939739758907,
    "Minute_Fluctuation":  0.088719110284542935,
    "Minute_5":  0.00000000000763337493977917,
    "Minute_5_Fluctuation":  0.029204593844538267,
    "Minute_10":  0.000000000007565389274047,
    "Minute_10_Fluctuation":  0.023565194453827622,
    "Hour":  0.0000000000075516443730626,
    "Hour_Fluctuation":  0.022255584617887032,
    "Day":  0.0000000000075516443730626,
    "Day_Fluctuation":  0.022255584617887035,
    "ThreeDay":  0.0000000000075516443730626,
    "ThreeDay_Fluctuation":  0.022255584617887035,
    "Week":  0.0000000000075516443730626,
    "Week_Fluctuation":  0.022255584617887032,
    "Duration":  "00:13:31.7498924",
    "Updated":  "\/Date(1640173955663)\/",
    "Failed":  0,
    "HashRate_Live":  0,
    "HashRate_Average":  0,
    "BlockRate_Live":  0,
    "BlockRate_Average":  0,
    "Diff_Live":  0,
    "Diff_Average":  0,
    "Actual24h_Week":  0,
    "Estimate24h_Week":  0,
    "ErrorRatio":  1
}
