{
    "Live":  0.0000000000000000382161360052,
    "Minute":  0.0000000000000000382161360052,
    "Minute_Fluctuation":  0.0098284184150046385,
    "Minute_5":  0.0000000000000000386775217022,
    "Minute_5_Fluctuation":  0.014394449622760439,
    "Minute_10":  0.0000000000000000389200945584,
    "Minute_10_Fluctuation":  0.015598511698645706,
    "Hour":  0.0000000000000000389447130986,
    "Hour_Fluctuation":  0.015544494125958968,
    "Day":  0.0000000000000000389447130986,
    "Day_Fluctuation":  0.01554449412595897,
    "ThreeDay":  0.0000000000000000389447130986,
    "ThreeDay_Fluctuation":  0.01554449412595897,
    "Week":  0.0000000000000000389447130986,
    "Week_Fluctuation":  0.01554449412595897,
    "Duration":  "00:13:31.7498924",
    "Updated":  "\/Date(1640173955719)\/",
    "Failed":  0,
    "HashRate_Live":  0,
    "HashRate_Average":  0,
    "BlockRate_Live":  0,
    "BlockRate_Average":  0,
    "Diff_Live":  0,
    "Diff_Average":  0,
    "Actual24h_Week":  0,
    "Estimate24h_Week":  0,
    "ErrorRatio":  1
}
