{
    "Live":  0.0000000000000000478973460048,
    "Minute":  0.0000000000000000478973460048,
    "Minute_Fluctuation":  0.0013268258486575568,
    "Minute_5":  0.0000000000000000479535074966,
    "Minute_5_Fluctuation":  0.0013965249436946876,
    "Minute_10":  0.0000000000000000479758590977,
    "Minute_10_Fluctuation":  0.001252499679781729,
    "Hour":  0.0000000000000000479797679982,
    "Hour_Fluctuation":  0.0012141703639480844,
    "Day":  0.0000000000000000479797679982,
    "Day_Fluctuation":  0.0012141703639480844,
    "ThreeDay":  0.0000000000000000479797679982,
    "ThreeDay_Fluctuation":  0.0012141703639480844,
    "Week":  0.0000000000000000479797679982,
    "Week_Fluctuation":  0.0012141703639480844,
    "Duration":  "00:13:31.7498924",
    "Updated":  "\/Date(1640173955833)\/",
    "Failed":  0,
    "HashRate_Live":  0,
    "HashRate_Average":  0,
    "BlockRate_Live":  0,
    "BlockRate_Average":  0,
    "Diff_Live":  0,
    "Diff_Average":  0,
    "Actual24h_Week":  0,
    "Estimate24h_Week":  0,
    "ErrorRatio":  1
}
