{
    "Live":  0.00000000000028510743199743,
    "Minute":  0.00000000000028510743199743,
    "Minute_Fluctuation":  9.9186308889941642E-05,
    "Minute_5":  0.000000000000284952525867406,
    "Minute_5_Fluctuation":  0.0006843636510549284,
    "Minute_10":  0.000000000000284843918943501,
    "Minute_10_Fluctuation":  0.00063063601825611869,
    "Hour":  0.000000000000284832480843757,
    "Hour_Fluctuation":  0.00061228343791514374,
    "Day":  0.000000000000284832480843757,
    "Day_Fluctuation":  0.00061228343791514363,
    "ThreeDay":  0.000000000000284832480843757,
    "ThreeDay_Fluctuation":  0.00061228343791514363,
    "Week":  0.000000000000284832480843757,
    "Week_Fluctuation":  0.00061228343791514363,
    "Duration":  "00:13:31.7498924",
    "Updated":  "\/Date(1640173955641)\/",
    "Failed":  0,
    "HashRate_Live":  0,
    "HashRate_Average":  0,
    "BlockRate_Live":  0,
    "BlockRate_Average":  0,
    "Diff_Live":  0,
    "Diff_Average":  0,
    "Actual24h_Week":  0,
    "Estimate24h_Week":  0,
    "ErrorRatio":  1
}
