{
    "Live":  0.000000000000199109161729949,
    "Minute":  0.000000000000199109161729949,
    "Minute_Fluctuation":  0.00011043916258776892,
    "Minute_5":  0.000000000000199625451180002,
    "Minute_5_Fluctuation":  0.0040915978984056144,
    "Minute_10":  0.000000000000199895629207892,
    "Minute_10_Fluctuation":  0.0052526127261132271,
    "Hour":  0.00000000000019992831539437,
    "Hour_Fluctuation":  0.0052923884913133115,
    "Day":  0.00000000000019992831539437,
    "Day_Fluctuation":  0.0052923884913133115,
    "ThreeDay":  0.00000000000019992831539437,
    "ThreeDay_Fluctuation":  0.0052923884913133115,
    "Week":  0.00000000000019992831539437,
    "Week_Fluctuation":  0.0052923884913133115,
    "Duration":  "00:13:31.7498924",
    "Updated":  "\/Date(1640173955752)\/",
    "Failed":  0,
    "HashRate_Live":  0,
    "HashRate_Average":  0,
    "BlockRate_Live":  0,
    "BlockRate_Average":  0,
    "Diff_Live":  0,
    "Diff_Average":  0,
    "Actual24h_Week":  0,
    "Estimate24h_Week":  0,
    "ErrorRatio":  1
}
