{
    "Live":  0.000000000000000005079179595,
    "Minute":  0.000000000000000005079179595,
    "Minute_Fluctuation":  0.0029412780428643586,
    "Minute_5":  0.000000000000000005101430361,
    "Minute_5_Fluctuation":  0.00239554293693847,
    "Minute_10":  0.0000000000000000051051471623,
    "Minute_10_Fluctuation":  0.0021367927940533367,
    "Hour":  0.0000000000000000051059171966,
    "Hour_Fluctuation":  0.0020426046649814175,
    "Day":  0.0000000000000000051059171966,
    "Day_Fluctuation":  0.0020426046649814175,
    "ThreeDay":  0.0000000000000000051059171966,
    "ThreeDay_Fluctuation":  0.0020426046649814175,
    "Week":  0.0000000000000000051059171966,
    "Week_Fluctuation":  0.0020426046649814175,
    "Duration":  "00:13:31.7498924",
    "Updated":  "\/Date(1640173955862)\/",
    "Failed":  0,
    "HashRate_Live":  0,
    "HashRate_Average":  0,
    "BlockRate_Live":  0,
    "BlockRate_Average":  0,
    "Diff_Live":  0,
    "Diff_Average":  0,
    "Actual24h_Week":  0,
    "Estimate24h_Week":  0,
    "ErrorRatio":  1
}
