{
    "Live":  0.000000000000217100004546571,
    "Minute":  0.000000000000217100004546571,
    "Minute_Fluctuation":  0.00011453820297246085,
    "Minute_5":  0.000000000000217019357790547,
    "Minute_5_Fluctuation":  0.00046220522179048906,
    "Minute_10":  0.000000000000217026512318504,
    "Minute_10_Fluctuation":  0.00035637255076801326,
    "Hour":  0.000000000000217024092598666,
    "Hour_Fluctuation":  0.00035815498151008855,
    "Day":  0.000000000000217024092598666,
    "Day_Fluctuation":  0.00035815498151008855,
    "ThreeDay":  0.000000000000217024092598666,
    "ThreeDay_Fluctuation":  0.00035815498151008855,
    "Week":  0.000000000000217024092598666,
    "Week_Fluctuation":  0.00035815498151008855,
    "Duration":  "00:13:31.7498924",
    "Updated":  "\/Date(1640173955765)\/",
    "Failed":  0,
    "HashRate_Live":  0,
    "HashRate_Average":  0,
    "BlockRate_Live":  0,
    "BlockRate_Average":  0,
    "Diff_Live":  0,
    "Diff_Average":  0,
    "Actual24h_Week":  0,
    "Estimate24h_Week":  0,
    "ErrorRatio":  1
}
