{
    "Live":  0.0000000000000003519163333415,
    "Minute":  0.0000000000000003519163333415,
    "Minute_Fluctuation":  0.0043804962844006881,
    "Minute_5":  0.0000000000000003525198498409,
    "Minute_5_Fluctuation":  0.0056619108397511723,
    "Minute_10":  0.000000000000000352826381221,
    "Minute_10_Fluctuation":  0.0054822127857645543,
    "Hour":  0.0000000000000003528723002724,
    "Hour_Fluctuation":  0.0055070455665233251,
    "Day":  0.0000000000000003528723002724,
    "Day_Fluctuation":  0.0055070455665233251,
    "ThreeDay":  0.0000000000000003528723002724,
    "ThreeDay_Fluctuation":  0.0055070455665233251,
    "Week":  0.0000000000000003528723002724,
    "Week_Fluctuation":  0.0055070455665233251,
    "Duration":  "00:13:31.7498924",
    "Updated":  "\/Date(1640173955822)\/",
    "Failed":  0,
    "HashRate_Live":  0,
    "HashRate_Average":  0,
    "BlockRate_Live":  0,
    "BlockRate_Average":  0,
    "Diff_Live":  0,
    "Diff_Average":  0,
    "Actual24h_Week":  0,
    "Estimate24h_Week":  0,
    "ErrorRatio":  1
}
