{
    "Live":  0.00000000000161207593192096,
    "Minute":  0.00000000000161207593192096,
    "Minute_Fluctuation":  0.0057543722508551411,
    "Minute_5":  0.00000000000158968420779081,
    "Minute_5_Fluctuation":  0.013818079763893102,
    "Minute_10":  0.00000000000157903082459976,
    "Minute_10_Fluctuation":  0.014099261142541127,
    "Hour":  0.00000000000157779288980726,
    "Hour_Fluctuation":  0.013804927344890318,
    "Day":  0.00000000000157779288980726,
    "Day_Fluctuation":  0.013804927344890319,
    "ThreeDay":  0.00000000000157779288980726,
    "ThreeDay_Fluctuation":  0.013804927344890319,
    "Week":  0.00000000000157779288980726,
    "Week_Fluctuation":  0.013804927344890319,
    "Duration":  "00:13:31.7498924",
    "Updated":  "\/Date(1640173955704)\/",
    "Failed":  0,
    "HashRate_Live":  0,
    "HashRate_Average":  0,
    "BlockRate_Live":  0,
    "BlockRate_Average":  0,
    "Diff_Live":  0,
    "Diff_Average":  0,
    "Actual24h_Week":  0,
    "Estimate24h_Week":  0,
    "ErrorRatio":  1
}
