{
    "Live":  0.0000000000000000051061564075,
    "Minute":  0.0000000000000000051061564075,
    "Minute_Fluctuation":  0.0033444222390800384,
    "Minute_5":  0.0000000000000000051113510708,
    "Minute_5_Fluctuation":  0.0020569738883175438,
    "Minute_10":  0.0000000000000000051089013754,
    "Minute_10_Fluctuation":  0.0019270795352195149,
    "Hour":  0.0000000000000000051087035293,
    "Hour_Fluctuation":  0.0019331552398547485,
    "Day":  0.0000000000000000051087035293,
    "Day_Fluctuation":  0.0019331552398547485,
    "ThreeDay":  0.0000000000000000051087035293,
    "ThreeDay_Fluctuation":  0.0019331552398547485,
    "Week":  0.0000000000000000051087035293,
    "Week_Fluctuation":  0.0019331552398547485,
    "Duration":  "00:13:31.7498924",
    "Updated":  "\/Date(1640173955634)\/",
    "Failed":  0,
    "HashRate_Live":  0,
    "HashRate_Average":  0,
    "BlockRate_Live":  0,
    "BlockRate_Average":  0,
    "Diff_Live":  0,
    "Diff_Average":  0,
    "Actual24h_Week":  0,
    "Estimate24h_Week":  0,
    "ErrorRatio":  1
}
