{
    "Live":  0.0000125946242211982,
    "Minute":  0.0000125946242211982,
    "Minute_Fluctuation":  0.0022919207849243324,
    "Minute_5":  0.0000125800766809288,
    "Minute_5_Fluctuation":  0.0010846358631060988,
    "Minute_10":  0.0000125784111843749,
    "Minute_10_Fluctuation":  0.00091157753880371465,
    "Hour":  0.0000125781667129396,
    "Hour_Fluctuation":  0.00089896695369062686,
    "Day":  0.0000125781667129396,
    "Day_Fluctuation":  0.00089896695369062675,
    "ThreeDay":  0.0000125781667129396,
    "ThreeDay_Fluctuation":  0.00089896695369062675,
    "Week":  0.0000125781667129396,
    "Week_Fluctuation":  0.00089896695369062675,
    "Duration":  "00:13:31.7498924",
    "Updated":  "\/Date(1640173955648)\/",
    "Failed":  0,
    "HashRate_Live":  0,
    "HashRate_Average":  0,
    "BlockRate_Live":  0,
    "BlockRate_Average":  0,
    "Diff_Live":  0,
    "Diff_Average":  0,
    "Actual24h_Week":  0,
    "Estimate24h_Week":  0,
    "ErrorRatio":  1
}
