{
    "Live":  0.0000000000000003771540485423,
    "Minute":  0.0000000000000003771540485423,
    "Minute_Fluctuation":  0.026650649972145002,
    "Minute_5":  0.0000000000000003418502656617,
    "Minute_5_Fluctuation":  0.076346618042700043,
    "Minute_10":  0.0000000000000003289756246944,
    "Minute_10_Fluctuation":  0.057317863839318237,
    "Hour":  0.0000000000000003271823177151,
    "Hour_Fluctuation":  0.053397651785053374,
    "Day":  0.0000000000000003271823177151,
    "Day_Fluctuation":  0.053397651785053374,
    "ThreeDay":  0.0000000000000003271823177151,
    "ThreeDay_Fluctuation":  0.053397651785053374,
    "Week":  0.0000000000000003271823177151,
    "Week_Fluctuation":  0.053397651785053374,
    "Duration":  "00:13:31.7498924",
    "Updated":  "\/Date(1640173955784)\/",
    "Failed":  0,
    "HashRate_Live":  0,
    "HashRate_Average":  0,
    "BlockRate_Live":  0,
    "BlockRate_Average":  0,
    "Diff_Live":  0,
    "Diff_Average":  0,
    "Actual24h_Week":  0,
    "Estimate24h_Week":  0,
    "ErrorRatio":  1
}
