{
    "Live":  0.000000000753894204690471,
    "Minute":  0.000000000753894204690471,
    "Minute_Fluctuation":  0.0022640164012562823,
    "Minute_5":  0.000000000759422903049472,
    "Minute_5_Fluctuation":  0.0060738141449870808,
    "Minute_10":  0.000000000761165598244582,
    "Minute_10_Fluctuation":  0.0046511263765788464,
    "Hour":  0.000000000761470257234352,
    "Hour_Fluctuation":  0.0043934750440776356,
    "Day":  0.000000000761470257234352,
    "Day_Fluctuation":  0.0043934750440776348,
    "ThreeDay":  0.000000000761470257234352,
    "ThreeDay_Fluctuation":  0.0043934750440776348,
    "Week":  0.000000000761470257234352,
    "Week_Fluctuation":  0.0043934750440776348,
    "Duration":  "00:13:31.7498924",
    "Updated":  "\/Date(1640173955694)\/",
    "Failed":  0,
    "HashRate_Live":  0,
    "HashRate_Average":  0,
    "BlockRate_Live":  0,
    "BlockRate_Average":  0,
    "Diff_Live":  0,
    "Diff_Average":  0,
    "Actual24h_Week":  0,
    "Estimate24h_Week":  0,
    "ErrorRatio":  1
}
