{
    "Live":  0.0000000000000026972665192693,
    "Minute":  0.0000000000000026972665192693,
    "Minute_Fluctuation":  0.0018580921694646702,
    "Minute_5":  0.0000000000000026098017220823,
    "Minute_5_Fluctuation":  0.04209938988511782,
    "Minute_10":  0.0000000000000025852216238279,
    "Minute_10_Fluctuation":  0.043813373099747727,
    "Hour":  0.0000000000000025809813818053,
    "Hour_Fluctuation":  0.043700149246231904,
    "Day":  0.0000000000000025809813818053,
    "Day_Fluctuation":  0.043700149246231904,
    "ThreeDay":  0.0000000000000025809813818053,
    "ThreeDay_Fluctuation":  0.043700149246231904,
    "Week":  0.0000000000000025809813818053,
    "Week_Fluctuation":  0.043700149246231904,
    "Duration":  "00:13:31.7498924",
    "Updated":  "\/Date(1640173955847)\/",
    "Failed":  0,
    "HashRate_Live":  0,
    "HashRate_Average":  0,
    "BlockRate_Live":  0,
    "BlockRate_Average":  0,
    "Diff_Live":  0,
    "Diff_Average":  0,
    "Actual24h_Week":  0,
    "Estimate24h_Week":  0,
    "ErrorRatio":  1
}
