{
    "Live":  0.000000000000797232372174823,
    "Minute":  0.000000000000797232372174823,
    "Minute_Fluctuation":  0.00034095761675688116,
    "Minute_5":  0.000000000000796913020313185,
    "Minute_5_Fluctuation":  0.00081588868085569926,
    "Minute_10":  0.000000000000796818821140127,
    "Minute_10_Fluctuation":  0.00090071762423949233,
    "Hour":  0.000000000000796797331324075,
    "Hour_Fluctuation":  0.00090927355217737755,
    "Day":  0.000000000000796797331324075,
    "Day_Fluctuation":  0.00090927355217737755,
    "ThreeDay":  0.000000000000796797331324075,
    "ThreeDay_Fluctuation":  0.00090927355217737755,
    "Week":  0.000000000000796797331324075,
    "Week_Fluctuation":  0.00090927355217737755,
    "Duration":  "00:13:31.7498924",
    "Updated":  "\/Date(1640173955711)\/",
    "Failed":  0,
    "HashRate_Live":  0,
    "HashRate_Average":  0,
    "BlockRate_Live":  0,
    "BlockRate_Average":  0,
    "Diff_Live":  0,
    "Diff_Average":  0,
    "Actual24h_Week":  0,
    "Estimate24h_Week":  0,
    "ErrorRatio":  1
}
