{
    "Live":  0.00000452371700293177,
    "Minute":  0.00000452371700293177,
    "Minute_Fluctuation":  0.00089371993721651909,
    "Minute_5":  0.00000446124848913095,
    "Minute_5_Fluctuation":  0.012656876263432509,
    "Minute_10":  0.00000443412487442741,
    "Minute_10_Fluctuation":  0.011097294899484486,
    "Hour":  0.00000443038203272406,
    "Hour_Fluctuation":  0.010611859531785273,
    "Day":  0.00000443038203272406,
    "Day_Fluctuation":  0.010611859531785273,
    "ThreeDay":  0.00000443038203272406,
    "ThreeDay_Fluctuation":  0.010611859531785273,
    "Week":  0.00000443038203272406,
    "Week_Fluctuation":  0.010611859531785273,
    "Duration":  "00:13:31.7498924",
    "Updated":  "\/Date(1640173955840)\/",
    "Failed":  0,
    "HashRate_Live":  0,
    "HashRate_Average":  0,
    "BlockRate_Live":  0,
    "BlockRate_Average":  0,
    "Diff_Live":  0,
    "Diff_Average":  0,
    "Actual24h_Week":  0,
    "Estimate24h_Week":  0,
    "ErrorRatio":  1
}
