{
    "Live":  0.0000000000000000230999612893,
    "Minute":  0.0000000000000000230999612893,
    "Minute_Fluctuation":  3.5743975361563314E-07,
    "Minute_5":  0.0000000000000000230999587838,
    "Minute_5_Fluctuation":  5.0969834376858477E-07,
    "Minute_10":  0.0000000000000000230999556081,
    "Minute_10_Fluctuation":  4.4513217452865133E-07,
    "Hour":  0.0000000000000000230999553829,
    "Hour_Fluctuation":  4.5011985213201348E-07,
    "Day":  0.0000000000000000230999553829,
    "Day_Fluctuation":  4.5011985213201348E-07,
    "ThreeDay":  0.0000000000000000230999553829,
    "ThreeDay_Fluctuation":  4.5011985213201348E-07,
    "Week":  0.0000000000000000230999553829,
    "Week_Fluctuation":  4.5011985213201348E-07,
    "Duration":  "00:13:31.7498924",
    "Updated":  "\/Date(1640173955677)\/",
    "Failed":  0,
    "HashRate_Live":  0,
    "HashRate_Average":  0,
    "BlockRate_Live":  0,
    "BlockRate_Average":  0,
    "Diff_Live":  0,
    "Diff_Average":  0,
    "Actual24h_Week":  0,
    "Estimate24h_Week":  0,
    "ErrorRatio":  1
}
