{
    "Live":  0.00000037596016873027,
    "Minute":  0.00000037596016873027,
    "Minute_Fluctuation":  0.0077865070547735848,
    "Minute_5":  0.00000037562452585303,
    "Minute_5_Fluctuation":  0.01461744683748243,
    "Minute_10":  0.000000374175867383553,
    "Minute_10_Fluctuation":  0.017869166872449035,
    "Hour":  0.0000003740497724451,
    "Hour_Fluctuation":  0.018268010114155749,
    "Day":  0.0000003740497724451,
    "Day_Fluctuation":  0.018268010114155787,
    "ThreeDay":  0.0000003740497724451,
    "ThreeDay_Fluctuation":  0.018268010114155787,
    "Week":  0.0000003740497724451,
    "Week_Fluctuation":  0.018268010114155749,
    "Duration":  "00:13:31.7498924",
    "Updated":  "\/Date(1640173955790)\/",
    "Failed":  0,
    "HashRate_Live":  0,
    "HashRate_Average":  0,
    "BlockRate_Live":  0,
    "BlockRate_Average":  0,
    "Diff_Live":  0,
    "Diff_Average":  0,
    "Actual24h_Week":  0,
    "Estimate24h_Week":  0,
    "ErrorRatio":  1
}
