{
    "Live":  0.0000000000000022194817102944,
    "Minute":  0.0000000000000022194817102944,
    "Minute_Fluctuation":  0.0062757755938407829,
    "Minute_5":  0.000000000000002213828493419,
    "Minute_5_Fluctuation":  0.0052188686508607184,
    "Minute_10":  0.0000000000000022113885901982,
    "Minute_10_Fluctuation":  0.0041321470235859,
    "Hour":  0.0000000000000022109497092367,
    "Hour_Fluctuation":  0.0040229231130023482,
    "Day":  0.0000000000000022109497092367,
    "Day_Fluctuation":  0.0040229231130023482,
    "ThreeDay":  0.0000000000000022109497092367,
    "ThreeDay_Fluctuation":  0.0040229231130023482,
    "Week":  0.0000000000000022109497092367,
    "Week_Fluctuation":  0.0040229231130023482,
    "Duration":  "00:13:31.7498924",
    "Updated":  "\/Date(1640173955729)\/",
    "Failed":  0,
    "HashRate_Live":  0,
    "HashRate_Average":  0,
    "BlockRate_Live":  0,
    "BlockRate_Average":  0,
    "Diff_Live":  0,
    "Diff_Average":  0,
    "Actual24h_Week":  0,
    "Estimate24h_Week":  0,
    "ErrorRatio":  1
}
