{
    "Live":  0.0000000000000787860807759802,
    "Minute":  0.0000000000000787860807759802,
    "Minute_Fluctuation":  0.0068641625944381238,
    "Minute_5":  0.0000000000000782334667837316,
    "Minute_5_Fluctuation":  0.00688075447288128,
    "Minute_10":  0.0000000000000781432104586914,
    "Minute_10_Fluctuation":  0.0071144742356277144,
    "Hour":  0.0000000000000781259262671837,
    "Hour_Fluctuation":  0.0071559210264883584,
    "Day":  0.0000000000000781259262671837,
    "Day_Fluctuation":  0.0071559210264883584,
    "ThreeDay":  0.0000000000000781259262671837,
    "ThreeDay_Fluctuation":  0.0071559210264883584,
    "Week":  0.0000000000000781259262671837,
    "Week_Fluctuation":  0.0071559210264883584,
    "Duration":  "00:13:31.7498924",
    "Updated":  "\/Date(1640173955809)\/",
    "Failed":  0,
    "HashRate_Live":  0,
    "HashRate_Average":  0,
    "BlockRate_Live":  0,
    "BlockRate_Average":  0,
    "Diff_Live":  0,
    "Diff_Average":  0,
    "Actual24h_Week":  0,
    "Estimate24h_Week":  0,
    "ErrorRatio":  1
}
