{
    "Live":  0.000000000000140276024457011,
    "Minute":  0.000000000000140276024457011,
    "Minute_Fluctuation":  0.00667639982646992,
    "Minute_5":  0.000000000000141587389834529,
    "Minute_5_Fluctuation":  0.0076502932533246259,
    "Minute_10":  0.000000000000141843090006632,
    "Minute_10_Fluctuation":  0.0069471257481078033,
    "Hour":  0.000000000000141887243731649,
    "Hour_Fluctuation":  0.0068292933025939605,
    "Day":  0.000000000000141887243731649,
    "Day_Fluctuation":  0.0068292933025939605,
    "ThreeDay":  0.000000000000141887243731649,
    "ThreeDay_Fluctuation":  0.0068292933025939605,
    "Week":  0.000000000000141887243731649,
    "Week_Fluctuation":  0.0068292933025939605,
    "Duration":  "00:13:31.7498924",
    "Updated":  "\/Date(1640173955816)\/",
    "Failed":  0,
    "HashRate_Live":  0,
    "HashRate_Average":  0,
    "BlockRate_Live":  0,
    "BlockRate_Average":  0,
    "Diff_Live":  0,
    "Diff_Average":  0,
    "Actual24h_Week":  0,
    "Estimate24h_Week":  0,
    "ErrorRatio":  1
}
