{
    "Live":  0.000000000924,
    "Minute":  0.000000000924,
    "Minute_Fluctuation":  0,
    "Minute_5":  0.000000000924,
    "Minute_5_Fluctuation":  0.0011268927898201739,
    "Minute_10":  0.000000000932319829092701,
    "Minute_10_Fluctuation":  0.03590986045531943,
    "Hour":  0.00000000101961911339597,
    "Hour_Fluctuation":  0.053421046791576561,
    "Day":  0.000000000961922651643866,
    "Day_Fluctuation":  0.040607970827725159,
    "ThreeDay":  0.000000000953961051852747,
    "ThreeDay_Fluctuation":  0.034389298892760788,
    "Week":  0.000000000953961051852747,
    "Week_Fluctuation":  0.034389298892760788,
    "Duration":  "1.12:09:26.0762964",
    "Updated":  "\/Date(1640378701232)\/",
    "Failed":  0,
    "HashRate_Live":  302.878682,
    "HashRate_Average":  406.66505253819844,
    "BlockRate_Live":  630,
    "BlockRate_Average":  603.23593149056012,
    "Diff_Live":  0,
    "Diff_Average":  0,
    "Actual24h_Week":  0.000000805041737708664,
    "Estimate24h_Week":  0.000738062973481862,
    "ErrorRatio":  0.616295982485359
}
