{
    "Live":  0.00000000000000001,
    "Minute":  0.00000000000000001,
    "Minute_Fluctuation":  0,
    "Minute_5":  0.00000000000000001,
    "Minute_5_Fluctuation":  0,
    "Minute_10":  0.00000000000000001,
    "Minute_10_Fluctuation":  9.9178468661792109E-17,
    "Hour":  0.00000000000000001,
    "Hour_Fluctuation":  1.5406948572086435E-16,
    "Day":  0.00000000000000001,
    "Day_Fluctuation":  1.3208746132936388E-16,
    "ThreeDay":  0.00000000000000001,
    "ThreeDay_Fluctuation":  1.3208746132936388E-16,
    "Week":  0.00000000000000001,
    "Week_Fluctuation":  1.3208746132936385E-16,
    "Duration":  "11:58:21.8306888",
    "Updated":  "\/Date(1640096415525)\/",
    "Failed":  0,
    "HashRate_Live":  0,
    "HashRate_Average":  0,
    "BlockRate_Live":  0,
    "BlockRate_Average":  0,
    "Diff_Live":  0,
    "Diff_Average":  0,
    "Actual24h_Week":  0,
    "Estimate24h_Week":  0.00000001,
    "ErrorRatio":  0.862546370131194
}
