{
    "Live":  0.00000000393808,
    "Minute":  0.00000000393808,
    "Minute_Fluctuation":  0,
    "Minute_5":  0.00000000393808,
    "Minute_5_Fluctuation":  0.035999312532697406,
    "Minute_10":  0.00000000379612427618437,
    "Minute_10_Fluctuation":  0.10356317478158278,
    "Hour":  0.00000000354187231276234,
    "Hour_Fluctuation":  0.19104417706645704,
    "Day":  0.00000000433321160355647,
    "Day_Fluctuation":  0.091315390692107923,
    "ThreeDay":  0.00000000439132868923421,
    "ThreeDay_Fluctuation":  0.078303420576761526,
    "Week":  0.00000000439132868923421,
    "Week_Fluctuation":  0.078303420576761526,
    "Duration":  "1.12:09:26.0762964",
    "Updated":  "\/Date(1640378701454)\/",
    "Failed":  0,
    "HashRate_Live":  4120,
    "HashRate_Average":  4516.8072876001579,
    "BlockRate_Live":  55,
    "BlockRate_Average":  62.821623558352989,
    "Diff_Live":  0,
    "Diff_Average":  0,
    "Actual24h_Week":  0.00146074969342539,
    "Estimate24h_Week":  0.00149101632103323,
    "ErrorRatio":  0.992202561691846
}
