{
    "Live":  0.000000000161,
    "Minute":  0.000000000161,
    "Minute_Fluctuation":  0,
    "Minute_5":  0.000000000161,
    "Minute_5_Fluctuation":  0.0024296418547680261,
    "Minute_10":  0.000000000161586906973671,
    "Minute_10_Fluctuation":  0.016332250666461583,
    "Hour":  0.000000000150754560310273,
    "Hour_Fluctuation":  0.091096684967377425,
    "Day":  0.000000000135686051688608,
    "Day_Fluctuation":  0.14239108775612638,
    "ThreeDay":  0.000000000135686051688608,
    "ThreeDay_Fluctuation":  0.14239108775612638,
    "Week":  0.000000000135686051688608,
    "Week_Fluctuation":  0.14239108775612641,
    "Duration":  "11:58:21.8306888",
    "Updated":  "\/Date(1640378701163)\/",
    "Failed":  0,
    "HashRate_Live":  0,
    "HashRate_Average":  5689.6975797997575,
    "BlockRate_Live":  0,
    "BlockRate_Average":  0,
    "Diff_Live":  0,
    "Diff_Average":  0,
    "Actual24h_Week":  0,
    "Estimate24h_Week":  0.000127862389008193,
    "ErrorRatio":  0.862546370131194
}
