{
    "Live":  0.00000000000011552,
    "Minute":  0.00000000000011552,
    "Minute_Fluctuation":  0,
    "Minute_5":  0.00000000000011552,
    "Minute_5_Fluctuation":  0.030214794149696463,
    "Minute_10":  0.0000000000001217066214704,
    "Minute_10_Fluctuation":  0.12208530052124741,
    "Hour":  0.000000000000141432851315106,
    "Hour_Fluctuation":  0.18379789585949907,
    "Day":  0.000000000000134126129462707,
    "Day_Fluctuation":  0.20232315799197848,
    "ThreeDay":  0.000000000000134126129462707,
    "ThreeDay_Fluctuation":  0.20232315799197848,
    "Week":  0.000000000000134126129462707,
    "Week_Fluctuation":  0.20232315799197848,
    "Duration":  "11:57:18.0964102",
    "Updated":  "\/Date(1640378701277)\/",
    "Failed":  0,
    "HashRate_Live":  0,
    "HashRate_Average":  0,
    "BlockRate_Live":  0,
    "BlockRate_Average":  0,
    "Diff_Live":  0,
    "Diff_Average":  0,
    "Actual24h_Week":  0,
    "Estimate24h_Week":  0.000134659585281757,
    "ErrorRatio":  0.862742122556682
}
