{
    "Live":  0.00000000000178,
    "Minute":  0.00000000000178,
    "Minute_Fluctuation":  0,
    "Minute_5":  0.00000000000178016302036837,
    "Minute_5_Fluctuation":  0.002334905873152323,
    "Minute_10":  0.00000000000176751080837594,
    "Minute_10_Fluctuation":  0.025983799912841891,
    "Hour":  0.00000000000170518267844212,
    "Hour_Fluctuation":  0.05555501860183621,
    "Day":  0.00000000000162302855840069,
    "Day_Fluctuation":  0.047622223390118533,
    "ThreeDay":  0.00000000000162302855840069,
    "ThreeDay_Fluctuation":  0.047622223390118533,
    "Week":  0.00000000000162302855840069,
    "Week_Fluctuation":  0.047622223390118533,
    "Duration":  "07:10:11.1539453",
    "Updated":  "\/Date(1640377968441)\/",
    "Failed":  0,
    "HashRate_Live":  0,
    "HashRate_Average":  0,
    "BlockRate_Live":  0,
    "BlockRate_Average":  0,
    "Diff_Live":  0,
    "Diff_Average":  0,
    "Actual24h_Week":  0,
    "Estimate24h_Week":  0.00000165577202868921,
    "ErrorRatio":  0.916466995997827
}
