{
    "Live":  0.00000048,
    "Minute":  0.00000048,
    "Minute_Fluctuation":  0,
    "Minute_5":  0.00000048,
    "Minute_5_Fluctuation":  0.047181753648435167,
    "Minute_10":  0.000000513587629259194,
    "Minute_10_Fluctuation":  0.1302726975636809,
    "Hour":  0.000000660801378559485,
    "Hour_Fluctuation":  0.12389690555339056,
    "Day":  0.000000616945413044596,
    "Day_Fluctuation":  0.11159205321351051,
    "ThreeDay":  0.000000616945413044596,
    "ThreeDay_Fluctuation":  0.11159205321351051,
    "Week":  0.000000616945413044596,
    "Week_Fluctuation":  0.11159205321351051,
    "Duration":  "11:59:25.4458111",
    "Updated":  "\/Date(1640378701176)\/",
    "Failed":  0,
    "HashRate_Live":  0,
    "HashRate_Average":  44.463481909759686,
    "BlockRate_Live":  0,
    "BlockRate_Average":  0,
    "Diff_Live":  0,
    "Diff_Average":  0,
    "Actual24h_Week":  0,
    "Estimate24h_Week":  0.00122693134309603,
    "ErrorRatio":  0.862351005828385
}
