{
    "Live":  0.00000000007694,
    "Minute":  0.00000000007694,
    "Minute_Fluctuation":  0,
    "Minute_5":  0.00000000007694,
    "Minute_5_Fluctuation":  0.00075508668059696851,
    "Minute_10":  0.000000000077906228355647,
    "Minute_10_Fluctuation":  0.045142804671440107,
    "Hour":  0.0000000000848395304083666,
    "Hour_Fluctuation":  0.077346326147460537,
    "Day":  0.0000000000890234413217568,
    "Day_Fluctuation":  0.17823587024782858,
    "ThreeDay":  0.0000000000890234413217568,
    "ThreeDay_Fluctuation":  0.17823587024782858,
    "Week":  0.0000000000890234413217568,
    "Week_Fluctuation":  0.17823587024782858,
    "Duration":  "11:58:21.8306888",
    "Updated":  "\/Date(1640377969016)\/",
    "Failed":  0,
    "HashRate_Live":  0,
    "HashRate_Average":  0,
    "BlockRate_Live":  0,
    "BlockRate_Average":  0,
    "Diff_Live":  0,
    "Diff_Average":  0,
    "Actual24h_Week":  0,
    "Estimate24h_Week":  0.0000823132951038616,
    "ErrorRatio":  0.862546370131194
}
