{
    "Live":  0.000000000504,
    "Minute":  0.000000000504,
    "Minute_Fluctuation":  0,
    "Minute_5":  0.000000000504,
    "Minute_5_Fluctuation":  0.0019274865705722123,
    "Minute_10":  0.000000000498919179789847,
    "Minute_10_Fluctuation":  0.039833297397208527,
    "Hour":  0.000000000439622728884558,
    "Hour_Fluctuation":  0.099017118768911186,
    "Day":  0.000000000593534898676061,
    "Day_Fluctuation":  0.083024117557007754,
    "ThreeDay":  0.000000000606576211631715,
    "ThreeDay_Fluctuation":  0.0673962139905148,
    "Week":  0.000000000606576211631715,
    "Week_Fluctuation":  0.0673962139905148,
    "Duration":  "1.12:09:26.0762964",
    "Updated":  "\/Date(1640378701194)\/",
    "Failed":  0,
    "HashRate_Live":  419.420676,
    "HashRate_Average":  419.25027498837875,
    "BlockRate_Live":  132,
    "BlockRate_Average":  78.447337873291772,
    "Diff_Live":  0,
    "Diff_Average":  0,
    "Actual24h_Week":  0.000000397776870950455,
    "Estimate24h_Week":  0.000325736825524174,
    "ErrorRatio":  0.616346076305301
}
