{
    "Live":  0.00000000000408,
    "Minute":  0.00000000000408,
    "Minute_Fluctuation":  0,
    "Minute_5":  0.000000000155444125790789,
    "Minute_5_Fluctuation":  0.95212981657529061,
    "Minute_10":  0.00000000124050077814987,
    "Minute_10_Fluctuation":  0.66804297409857416,
    "Hour":  0.00000000360558893988689,
    "Hour_Fluctuation":  0.36305947790871684,
    "Day":  0.00000000498202205848133,
    "Day_Fluctuation":  0.22362897714862759,
    "ThreeDay":  0.00000000486070792395579,
    "ThreeDay_Fluctuation":  0.19464781222491426,
    "Week":  0.00000000486070792395579,
    "Week_Fluctuation":  0.19464781222491423,
    "Duration":  "1.11:53:26.9709443",
    "Updated":  "\/Date(1640377969135)\/",
    "Failed":  0,
    "HashRate_Live":  0,
    "HashRate_Average":  2306.0633077856432,
    "BlockRate_Live":  174,
    "BlockRate_Average":  53.370287734556477,
    "Diff_Live":  0,
    "Diff_Average":  0,
    "Actual24h_Week":  0.00233847315483225,
    "Estimate24h_Week":  0.00257594034207414,
    "ErrorRatio":  0.964818693694974
}
