{
    "Live":  0.00000001009266,
    "Minute":  0.00000001009266,
    "Minute_Fluctuation":  0,
    "Minute_5":  0.00000001009266,
    "Minute_5_Fluctuation":  0.023927164602111136,
    "Minute_10":  0.0000000098981315879275,
    "Minute_10_Fluctuation":  0.04243368807146123,
    "Hour":  0.00000000875527005188985,
    "Hour_Fluctuation":  0.10119039062091695,
    "Day":  0.00000000633050018909571,
    "Day_Fluctuation":  0.13594953723839479,
    "ThreeDay":  0.00000000618451331045569,
    "ThreeDay_Fluctuation":  0.12222163301573963,
    "Week":  0.00000000618451331045569,
    "Week_Fluctuation":  0.12222163301573966,
    "Duration":  "1.12:09:26.0762964",
    "Updated":  "\/Date(1640378701392)\/",
    "Failed":  0,
    "HashRate_Live":  1056,
    "HashRate_Average":  1539.6216650782442,
    "BlockRate_Live":  5,
    "BlockRate_Average":  4.3456736412783536,
    "Diff_Live":  0,
    "Diff_Average":  0,
    "Actual24h_Week":  0.00153257363252027,
    "Estimate24h_Week":  0.00325603237181122,
    "ErrorRatio":  0.796678882531412
}
