{
    "Live":  0.00000000000091,
    "Minute":  0.00000000000091,
    "Minute_Fluctuation":  0,
    "Minute_5":  0.00000000000091,
    "Minute_5_Fluctuation":  0.0082290154900280747,
    "Minute_10":  0.00000000000089868851622706,
    "Minute_10_Fluctuation":  0.077383703768795165,
    "Hour":  0.000000000000671658112894815,
    "Hour_Fluctuation":  0.27652842986924503,
    "Day":  0.000000000000383604144006747,
    "Day_Fluctuation":  0.45694317492714592,
    "ThreeDay":  0.000000000000383604144006747,
    "ThreeDay_Fluctuation":  0.45694317492714592,
    "Week":  0.000000000000383604144006747,
    "Week_Fluctuation":  0.45694317492714592,
    "Duration":  "11:57:18.0964102",
    "Updated":  "\/Date(1640378701354)\/",
    "Failed":  0,
    "HashRate_Live":  46042049,
    "HashRate_Average":  65754833.20267985,
    "BlockRate_Live":  0,
    "BlockRate_Average":  0,
    "Diff_Live":  0,
    "Diff_Average":  0,
    "Actual24h_Week":  0,
    "Estimate24h_Week":  0.000000438343113594061,
    "ErrorRatio":  0.862742122556682
}
