{
    "Live":  0.00000000000301,
    "Minute":  0.00000000000301,
    "Minute_Fluctuation":  0,
    "Minute_5":  0.00000000000301,
    "Minute_5_Fluctuation":  0.017891573079068468,
    "Minute_10":  0.00000000000301747665766901,
    "Minute_10_Fluctuation":  0.036393318876233705,
    "Hour":  0.00000000000329665151091072,
    "Hour_Fluctuation":  0.11582874328285644,
    "Day":  0.0000000000021868849105206,
    "Day_Fluctuation":  0.23509962333299247,
    "ThreeDay":  0.00000000000209050965997576,
    "ThreeDay_Fluctuation":  0.21030654263244464,
    "Week":  0.00000000000209050965997576,
    "Week_Fluctuation":  0.21030654263244464,
    "Duration":  "1.12:09:26.0762964",
    "Updated":  "\/Date(1640378701136)\/",
    "Failed":  0,
    "HashRate_Live":  687151,
    "HashRate_Average":  1435380.8770365589,
    "BlockRate_Live":  2,
    "BlockRate_Average":  2.7455963375760342,
    "Diff_Live":  0,
    "Diff_Average":  0,
    "Actual24h_Week":  0.00000138291701971168,
    "Estimate24h_Week":  0.00000122909879032521,
    "ErrorRatio":  1.04807190447655
}
