{
    "Live":  0.00000000246617,
    "Minute":  0.00000000246617,
    "Minute_Fluctuation":  0,
    "Minute_5":  0.00000000246617,
    "Minute_5_Fluctuation":  0.0010178360262515973,
    "Minute_10":  0.00000000242505481484843,
    "Minute_10_Fluctuation":  0.076610219107247107,
    "Hour":  0.00000000240598063678878,
    "Hour_Fluctuation":  0.15656611295900402,
    "Day":  0.00000000148559080002857,
    "Day_Fluctuation":  0.39074456692269671,
    "ThreeDay":  0.00000000138983476090364,
    "ThreeDay_Fluctuation":  0.3601417747303538,
    "Week":  0.00000000138983476090364,
    "Week_Fluctuation":  0.3601417747303538,
    "Duration":  "1.12:09:26.0762964",
    "Updated":  "\/Date(1640378701474)\/",
    "Failed":  0,
    "HashRate_Live":  0,
    "HashRate_Average":  1531.2588622125545,
    "BlockRate_Live":  3,
    "BlockRate_Average":  3.0253077680435481,
    "Diff_Live":  0,
    "Diff_Average":  0,
    "Actual24h_Week":  0.000929517349868114,
    "Estimate24h_Week":  0.000938926848164821,
    "ErrorRatio":  0.99615049381532
}
