{
    "Live":  0.00000000000891242,
    "Minute":  0.00000000000891242,
    "Minute_Fluctuation":  0,
    "Minute_5":  0.00000000000891242,
    "Minute_5_Fluctuation":  0.0035233389628326335,
    "Minute_10":  0.00000000000877605239642281,
    "Minute_10_Fluctuation":  0.053369029090113852,
    "Hour":  0.00000000000707885515224668,
    "Hour_Fluctuation":  0.22645324312377166,
    "Day":  0.00000000000464325266234849,
    "Day_Fluctuation":  0.12387821334431888,
    "ThreeDay":  0.00000000000456161607078823,
    "ThreeDay_Fluctuation":  0.10226521838642863,
    "Week":  0.00000000000456161607078823,
    "Week_Fluctuation":  0.10226521838642863,
    "Duration":  "1.12:09:26.0762964",
    "Updated":  "\/Date(1640378701253)\/",
    "Failed":  0,
    "HashRate_Live":  229138,
    "HashRate_Average":  236207.99067087923,
    "BlockRate_Live":  9,
    "BlockRate_Average":  6.4207538855229886,
    "Diff_Live":  0,
    "Diff_Average":  0,
    "Actual24h_Week":  0.00150920672857195,
    "Estimate24h_Week":  0.002078696746585,
    "ErrorRatio":  0.89476376761993
}
