{
    "Live":  0.0000000000041425922483,
    "Minute":  0.0000000000041425922483,
    "Minute_Fluctuation":  0,
    "Minute_5":  0.00000000000397937877530695,
    "Minute_5_Fluctuation":  0.045423161632951889,
    "Minute_10":  0.00000000000385169223229062,
    "Minute_10_Fluctuation":  0.048651770347464304,
    "Hour":  0.00000000000364032727097744,
    "Hour_Fluctuation":  0.015889946652346158,
    "Day":  0.00000000000358185415936656,
    "Day_Fluctuation":  0.00075491917759582319,
    "ThreeDay":  0.00000000000358184010474536,
    "ThreeDay_Fluctuation":  0.00075101459881293732,
    "Week":  0.00000000000358184010474536,
    "Week_Fluctuation":  0.00075101459881293732,
    "Duration":  "1.00:12:26.5393701",
    "Updated":  "\/Date(1640173894157)\/",
    "Failed":  0,
    "HashRate_Live":  19783133.8666667,
    "HashRate_Average":  19783133.866666667,
    "BlockRate_Live":  38,
    "BlockRate_Average":  37.06735013952725,
    "Diff_Live":  0,
    "Diff_Average":  0,
    "Actual24h_Week":  0,
    "Estimate24h_Week":  0,
    "ErrorRatio":  1
}
