{
    "Live":  0.0000000000000000044698,
    "Minute":  0.0000000000000000044698,
    "Minute_Fluctuation":  0,
    "Minute_5":  0.000000000000000004565673914,
    "Minute_5_Fluctuation":  0.044860568507309108,
    "Minute_10":  0.0000000000000000045950450355,
    "Minute_10_Fluctuation":  0.040708244514362182,
    "Hour":  0.0000000000000000045132983297,
    "Hour_Fluctuation":  0.010504320077333271,
    "Day":  0.0000000000000000044721567591,
    "Day_Fluctuation":  0.00047096732442997532,
    "ThreeDay":  0.0000000000000000044721523737,
    "ThreeDay_Fluctuation":  0.00046996103448524032,
    "Week":  0.0000000000000000044721523737,
    "Week_Fluctuation":  0.00046996103448524032,
    "Duration":  "1.00:12:26.5393701",
    "Updated":  "\/Date(1640173894153)\/",
    "Failed":  0,
    "HashRate_Live":  42479118633699500,
    "HashRate_Average":  42479118633699464,
    "BlockRate_Live":  767,
    "BlockRate_Average":  759.81935174591786,
    "Diff_Live":  0,
    "Diff_Average":  0,
    "Actual24h_Week":  0,
    "Estimate24h_Week":  0,
    "ErrorRatio":  1
}
