{
    "Live":  0.0000000000000032236189,
    "Minute":  0.0000000000000032236189,
    "Minute_Fluctuation":  0,
    "Minute_5":  0.0000000000000032234595350577,
    "Minute_5_Fluctuation":  0.00017757571052457274,
    "Minute_10":  0.0000000000000032228119278659,
    "Minute_10_Fluctuation":  0.00037075286496080894,
    "Hour":  0.0000000000000032210439189042,
    "Hour_Fluctuation":  0.00017504492126227967,
    "Day":  0.0000000000000032204495445455,
    "Day_Fluctuation":  8.796946639770622E-06,
    "ThreeDay":  0.0000000000000032204494349554,
    "ThreeDay_Fluctuation":  8.76319453806759E-06,
    "Week":  0.0000000000000032204494349554,
    "Week_Fluctuation":  8.76319453806759E-06,
    "Duration":  "1.00:12:26.5393701",
    "Updated":  "\/Date(1640173519967)\/",
    "Failed":  0,
    "HashRate_Live":  6675095005.86667,
    "HashRate_Average":  6675095005.8666668,
    "BlockRate_Live":  26,
    "BlockRate_Average":  26,
    "Diff_Live":  0,
    "Diff_Average":  0,
    "Actual24h_Week":  0,
    "Estimate24h_Week":  0,
    "ErrorRatio":  1
}
