{
    "Live":  0.0000000000001908979959,
    "Minute":  0.0000000000001908979959,
    "Minute_Fluctuation":  0,
    "Minute_5":  0.000000000000190641333231181,
    "Minute_5_Fluctuation":  0.043541189871604838,
    "Minute_10":  0.00000000000019079790670721,
    "Minute_10_Fluctuation":  0.045205721350206569,
    "Hour":  0.000000000000188160080331787,
    "Hour_Fluctuation":  0.015223424518733016,
    "Day":  0.000000000000187097856773431,
    "Day_Fluctuation":  0.00074136100121420534,
    "ThreeDay":  0.000000000000187097679812527,
    "ThreeDay_Fluctuation":  0.00073991818841860461,
    "Week":  0.000000000000187097679812527,
    "Week_Fluctuation":  0.0007399181884186045,
    "Duration":  "1.00:12:26.5393701",
    "Updated":  "\/Date(1640173894139)\/",
    "Failed":  0,
    "HashRate_Live":  4389816168174.93,
    "HashRate_Average":  4389816168174.9326,
    "BlockRate_Live":  2226,
    "BlockRate_Average":  2215.0881260993228,
    "Diff_Live":  0,
    "Diff_Average":  0,
    "Actual24h_Week":  0,
    "Estimate24h_Week":  0,
    "ErrorRatio":  1
}
