{
    "Live":  0.0000000000001573862988,
    "Minute":  0.0000000000001573862988,
    "Minute_Fluctuation":  0,
    "Minute_5":  0.000000000000120842606234335,
    "Minute_5_Fluctuation":  0.42919849752657219,
    "Minute_10":  0.000000000000128230020598798,
    "Minute_10_Fluctuation":  0.25675079956595259,
    "Hour":  0.000000000000133378023344773,
    "Hour_Fluctuation":  0.064122663013682746,
    "Day":  0.000000000000133222109652644,
    "Day_Fluctuation":  0.0029754500504379821,
    "ThreeDay":  0.000000000000133222613757273,
    "ThreeDay_Fluctuation":  0.0029621444495211125,
    "Week":  0.000000000000133222613757273,
    "Week_Fluctuation":  0.0029621444495211125,
    "Duration":  "1.00:12:26.5393701",
    "Updated":  "\/Date(1640173894116)\/",
    "Failed":  0,
    "HashRate_Live":  15658734.9333333,
    "HashRate_Average":  15658734.933333334,
    "BlockRate_Live":  247,
    "BlockRate_Average":  251.88150372381136,
    "Diff_Live":  0,
    "Diff_Average":  0,
    "Actual24h_Week":  0,
    "Estimate24h_Week":  0,
    "ErrorRatio":  1
}
