{
    "Live":  0.000000357081189296507,
    "Minute":  0.000000357081189296507,
    "Minute_Fluctuation":  0,
    "Minute_5":  0.000000354118586039012,
    "Minute_5_Fluctuation":  0.02727359243926759,
    "Minute_10":  0.000000344236269959939,
    "Minute_10_Fluctuation":  0.053994740170070193,
    "Hour":  0.000000318481221808316,
    "Hour_Fluctuation":  0.025880172385769333,
    "Day":  0.000000309937652315878,
    "Day_Fluctuation":  0.0013123795368790822,
    "ThreeDay":  0.000000309936048073146,
    "ThreeDay_Fluctuation":  0.0013072437985054153,
    "Week":  0.000000309936048073146,
    "Week_Fluctuation":  0.0013072437985054153,
    "Duration":  "1.00:12:26.5393701",
    "Updated":  "\/Date(1640173519933)\/",
    "Failed":  0,
    "HashRate_Live":  3630.93333333333,
    "HashRate_Average":  3630.9333333333334,
    "BlockRate_Live":  16,
    "BlockRate_Average":  16,
    "Diff_Live":  0,
    "Diff_Average":  0,
    "Actual24h_Week":  0,
    "Estimate24h_Week":  0,
    "ErrorRatio":  1
}
