{
    "Live":  0.0000000007137288630959,
    "Minute":  0.0000000007137288630959,
    "Minute_Fluctuation":  0,
    "Minute_5":  0.000000000714675731919866,
    "Minute_5_Fluctuation":  0.0033151840942077064,
    "Minute_10":  0.000000000713736474704858,
    "Minute_10_Fluctuation":  0.0028729482182790729,
    "Hour":  0.000000000710583237598857,
    "Hour_Fluctuation":  0.0014290607514197814,
    "Day":  0.000000000709515273063713,
    "Day_Fluctuation":  7.1608570933882361E-05,
    "ThreeDay":  0.000000000709515071294606,
    "ThreeDay_Fluctuation":  7.1326602687585034E-05,
    "Week":  0.000000000709515071294606,
    "Week_Fluctuation":  7.1326602687585034E-05,
    "Duration":  "1.00:12:26.5393701",
    "Updated":  "\/Date(1640173894125)\/",
    "Failed":  0,
    "HashRate_Live":  4878900.8,
    "HashRate_Average":  4878900.8,
    "BlockRate_Live":  1,
    "BlockRate_Average":  1,
    "Diff_Live":  0,
    "Diff_Average":  0,
    "Actual24h_Week":  0,
    "Estimate24h_Week":  0,
    "ErrorRatio":  1
}
