{
    "Live":  0.0000000000000000005028,
    "Minute":  0.0000000000000000005028,
    "Minute_Fluctuation":  0,
    "Minute_5":  0.000000000424353584473136,
    "Minute_5_Fluctuation":  0.93850657885132216,
    "Minute_10":  0.00000000185532702812639,
    "Minute_10_Fluctuation":  0.73114306166108767,
    "Hour":  0.00000000559823877523821,
    "Hour_Fluctuation":  0.18875469714047163,
    "Day":  0.00000000684140575698967,
    "Day_Fluctuation":  0.0086063656568835609,
    "ThreeDay":  0.00000000684163874544717,
    "ThreeDay_Fluctuation":  0.0085726031113124157,
    "Week":  0.00000000684163874544717,
    "Week_Fluctuation":  0.008572603111312414,
    "Duration":  "1.00:12:26.5393701",
    "Updated":  "\/Date(1640173894120)\/",
    "Failed":  0,
    "HashRate_Live":  759125.333333334,
    "HashRate_Average":  759125.33333333337,
    "BlockRate_Live":  0,
    "BlockRate_Average":  0,
    "Diff_Live":  0,
    "Diff_Average":  0,
    "Actual24h_Week":  0,
    "Estimate24h_Week":  0,
    "ErrorRatio":  1
}
