{
    "Live":  0.0000000000010009309018,
    "Minute":  0.0000000000010009309018,
    "Minute_Fluctuation":  0,
    "Minute_5":  0.00000000000100122185366646,
    "Minute_5_Fluctuation":  0.0052704516173124084,
    "Minute_10":  0.0000000000010072854956752,
    "Minute_10_Fluctuation":  0.010947718021513468,
    "Hour":  0.00000000000102359601175466,
    "Hour_Fluctuation":  0.0050297270691715013,
    "Day":  0.00000000000102903104199319,
    "Day_Fluctuation":  0.00025133805903838875,
    "ThreeDay":  0.00000000000102903205937414,
    "ThreeDay_Fluctuation":  0.0002503572966611725,
    "Week":  0.00000000000102903205937414,
    "Week_Fluctuation":  0.0002503572966611725,
    "Duration":  "1.00:12:26.5393701",
    "Updated":  "\/Date(1640173894104)\/",
    "Failed":  0,
    "HashRate_Live":  356685849122.133,
    "HashRate_Average":  356685849122.13336,
    "BlockRate_Live":  0,
    "BlockRate_Average":  0,
    "Diff_Live":  0,
    "Diff_Average":  0,
    "Actual24h_Week":  0,
    "Estimate24h_Week":  0,
    "ErrorRatio":  1
}
