{
    "Live":  0.0000000000000002868137,
    "Minute":  0.0000000000000002868137,
    "Minute_Fluctuation":  0,
    "Minute_5":  0.0000000000000002998325750001,
    "Minute_5_Fluctuation":  0.12378990581920382,
    "Minute_10":  0.0000000000000003444080760734,
    "Minute_10_Fluctuation":  0.1938652971784289,
    "Hour":  0.000000000000000459370682244,
    "Hour_Fluctuation":  0.076131632223827808,
    "Day":  0.0000000000000004979573436514,
    "Day_Fluctuation":  0.0036897068749610464,
    "ThreeDay":  0.000000000000000497964369171,
    "ThreeDay_Fluctuation":  0.0036757153715224092,
    "Week":  0.000000000000000497964369171,
    "Week_Fluctuation":  0.0036757153715224092,
    "Duration":  "1.00:12:26.5393701",
    "Updated":  "\/Date(1640173894134)\/",
    "Failed":  0,
    "HashRate_Live":  29921605495.4667,
    "HashRate_Average":  29921605495.466667,
    "BlockRate_Live":  0,
    "BlockRate_Average":  0,
    "Diff_Live":  0,
    "Diff_Average":  0,
    "Actual24h_Week":  0,
    "Estimate24h_Week":  0,
    "ErrorRatio":  1
}
