{
    "Live":  0.0000000000005267400611,
    "Minute":  0.0000000000005267400611,
    "Minute_Fluctuation":  0,
    "Minute_5":  0.000000000000527050079412724,
    "Minute_5_Fluctuation":  0.0075966715587233568,
    "Minute_10":  0.000000000000523177716647027,
    "Minute_10_Fluctuation":  0.014585012725171743,
    "Hour":  0.000000000000511599608624863,
    "Hour_Fluctuation":  0.0074069133809426379,
    "Day":  0.000000000000507605147829508,
    "Day_Fluctuation":  0.00037657074651737223,
    "ThreeDay":  0.000000000000507604439584244,
    "ThreeDay_Fluctuation":  0.00037518749422337135,
    "Week":  0.000000000000507604439584244,
    "Week_Fluctuation":  0.00037518749422337135,
    "Duration":  "1.00:12:26.5393701",
    "Updated":  "\/Date(1640173894130)\/",
    "Failed":  0,
    "HashRate_Live":  15555834675.2,
    "HashRate_Average":  15555834675.2,
    "BlockRate_Live":  6,
    "BlockRate_Average":  6,
    "Diff_Live":  0,
    "Diff_Average":  0,
    "Actual24h_Week":  0,
    "Estimate24h_Week":  0,
    "ErrorRatio":  1
}
