{
    "Live":  0.00000000000000038452,
    "Minute":  0.00000000000000038452,
    "Minute_Fluctuation":  0,
    "Minute_5":  0.0000000000000003929232538873,
    "Minute_5_Fluctuation":  0.054529384000702036,
    "Minute_10":  0.0000000000000004094962834577,
    "Minute_10_Fluctuation":  0.0635227334377535,
    "Hour":  0.000000000000000435829641757,
    "Hour_Fluctuation":  0.019216587790412458,
    "Day":  0.0000000000000004425485201399,
    "Day_Fluctuation":  0.00088960752267868207,
    "ThreeDay":  0.0000000000000004425503664925,
    "ThreeDay_Fluctuation":  0.00088529416764069257,
    "Week":  0.0000000000000004425503664925,
    "Week_Fluctuation":  0.00088529416764069257,
    "Duration":  "1.00:12:26.5393701",
    "Updated":  "\/Date(1640173894078)\/",
    "Failed":  0,
    "HashRate_Live":  17697269577591.5,
    "HashRate_Average":  17697269577591.465,
    "BlockRate_Live":  206,
    "BlockRate_Average":  206,
    "Diff_Live":  0,
    "Diff_Average":  0,
    "Actual24h_Week":  0,
    "Estimate24h_Week":  0,
    "ErrorRatio":  1
}
