{
    "Live":  0.0000000000002269598497,
    "Minute":  0.0000000000002269598497,
    "Minute_Fluctuation":  0,
    "Minute_5":  0.000000000000231188669174554,
    "Minute_5_Fluctuation":  0.055318478821473852,
    "Minute_10":  0.000000000000246568922952347,
    "Minute_10_Fluctuation":  0.10372092557853557,
    "Hour":  0.000000000000287609147496201,
    "Hour_Fluctuation":  0.044143799709531847,
    "Day":  0.000000000000301332812101151,
    "Day_Fluctuation":  0.0021668366417190795,
    "ThreeDay":  0.000000000000301335357726283,
    "ThreeDay_Fluctuation":  0.0021584580857118064,
    "Week":  0.000000000000301335357726283,
    "Week_Fluctuation":  0.0021584580857118064,
    "Duration":  "1.00:12:26.5393701",
    "Updated":  "\/Date(1640173894108)\/",
    "Failed":  0,
    "HashRate_Live":  4344180462.93333,
    "HashRate_Average":  4344180462.9333334,
    "BlockRate_Live":  3980,
    "BlockRate_Average":  3980,
    "Diff_Live":  0,
    "Diff_Average":  0,
    "Actual24h_Week":  0,
    "Estimate24h_Week":  0,
    "ErrorRatio":  1
}
