{
    "Live":  0.0000000008621039740751,
    "Minute":  0.0000000008621039740751,
    "Minute_Fluctuation":  0,
    "Minute_5":  0.000000000839546049429172,
    "Minute_5_Fluctuation":  0.0288753312016162,
    "Minute_10":  0.000000000846335835684482,
    "Minute_10_Fluctuation":  0.02751261158411878,
    "Hour":  0.000000000872942553569086,
    "Hour_Fluctuation":  0.01003478913960913,
    "Day":  0.000000000882276086035371,
    "Day_Fluctuation":  0.00050603772692892947,
    "ThreeDay":  0.000000000882277745528821,
    "ThreeDay_Fluctuation":  0.00050417389484812356,
    "Week":  0.000000000882277745528821,
    "Week_Fluctuation":  0.00050417389484812356,
    "Duration":  "1.00:12:26.5393701",
    "Updated":  "\/Date(1640173894148)\/",
    "Failed":  0,
    "HashRate_Live":  37569774.9333333,
    "HashRate_Average":  37569774.93333333,
    "BlockRate_Live":  36,
    "BlockRate_Average":  36,
    "Diff_Live":  0,
    "Diff_Average":  0,
    "Actual24h_Week":  0,
    "Estimate24h_Week":  0,
    "ErrorRatio":  1
}
