{
    "Live":  0.0000000000000015884081,
    "Minute":  0.0000000000000015884081,
    "Minute_Fluctuation":  0,
    "Minute_5":  0.0000000000000016189398677521,
    "Minute_5_Fluctuation":  0.06539960740356475,
    "Minute_10":  0.000000000000001755049403991,
    "Minute_10_Fluctuation":  0.12819097461820972,
    "Hour":  0.0000000000000021292754101321,
    "Hour_Fluctuation":  0.054423137799925726,
    "Day":  0.0000000000000022554610142646,
    "Day_Fluctuation":  0.0026642000111369783,
    "ThreeDay":  0.0000000000000022554841474812,
    "ThreeDay_Fluctuation":  0.0026540296577221923,
    "Week":  0.0000000000000022554841474812,
    "Week_Fluctuation":  0.0026540296577221923,
    "Duration":  "1.00:12:26.5393701",
    "Updated":  "\/Date(1640173894071)\/",
    "Failed":  0,
    "HashRate_Live":  22673848183.4667,
    "HashRate_Average":  22673848183.466667,
    "BlockRate_Live":  0,
    "BlockRate_Average":  0,
    "Diff_Live":  0,
    "Diff_Average":  0,
    "Actual24h_Week":  0,
    "Estimate24h_Week":  0,
    "ErrorRatio":  1
}
