{
    "Live":  0.00000000000198714261913328,
    "Minute":  0.00000000000198714261913328,
    "Minute_Fluctuation":  0,
    "Minute_5":  0.00000000000198270159620646,
    "Minute_5_Fluctuation":  0.012257490559750013,
    "Minute_10":  0.00000000000195729475315852,
    "Minute_10_Fluctuation":  0.027345862113913356,
    "Hour":  0.00000000000188258472466335,
    "Hour_Fluctuation":  0.034852385086062226,
    "Day":  0.00000000000173885872639219,
    "Day_Fluctuation":  0.046180492124707873,
    "ThreeDay":  0.00000000000173885872639219,
    "ThreeDay_Fluctuation":  0.046180492124707873,
    "Week":  0.00000000000173885872639219,
    "Week_Fluctuation":  0.046180492124707873,
    "Duration":  "12:10:26.0762964",
    "Updated":  "\/Date(1640378922664)\/",
    "Failed":  0,
    "HashRate_Live":  391030313471,
    "HashRate_Average":  377413641947.72711,
    "BlockRate_Live":  85,
    "BlockRate_Average":  76.33999562691092,
    "Diff_Live":  0,
    "Diff_Average":  0,
    "Actual24h_Week":  0,
    "Estimate24h_Week":  0,
    "ErrorRatio":  1
}
