{
    "Live":  0.00000000000152172387024391,
    "Minute":  0.00000000000152172387024391,
    "Minute_Fluctuation":  0.0069444444392597962,
    "Minute_5":  0.00000000000153098781686764,
    "Minute_5_Fluctuation":  0.0033967229867880953,
    "Minute_10":  0.0000000000015265954079378,
    "Minute_10_Fluctuation":  0.014488161426393531,
    "Hour":  0.00000000000146217555466869,
    "Hour_Fluctuation":  0.024308110956185659,
    "Day":  0.00000000000139255095160638,
    "Day_Fluctuation":  0.029469837875509365,
    "ThreeDay":  0.00000000000139255095160638,
    "ThreeDay_Fluctuation":  0.029469837875509365,
    "Week":  0.00000000000139255095160638,
    "Week_Fluctuation":  0.029469837875509365,
    "Duration":  "12:10:26.0762964",
    "Updated":  "\/Date(1640378923481)\/",
    "Failed":  0,
    "HashRate_Live":  0,
    "HashRate_Average":  0,
    "BlockRate_Live":  0,
    "BlockRate_Average":  0,
    "Diff_Live":  0,
    "Diff_Average":  0,
    "Actual24h_Week":  0,
    "Estimate24h_Week":  0,
    "ErrorRatio":  1
}
