{
    "Live":  0.000000000000442858751,
    "Minute":  0.000000000000442858751,
    "Minute_Fluctuation":  0,
    "Minute_5":  0.000000000000444474653777121,
    "Minute_5_Fluctuation":  0.005676746601176735,
    "Minute_10":  0.000000000000444148269636639,
    "Minute_10_Fluctuation":  0.014250705285926472,
    "Hour":  0.000000000000425320135544661,
    "Hour_Fluctuation":  0.024186691433049454,
    "Day":  0.00000000000041680482060894,
    "Day_Fluctuation":  0.010383416598445785,
    "ThreeDay":  0.00000000000041680482060894,
    "ThreeDay_Fluctuation":  0.010383416598445785,
    "Week":  0.00000000000041680482060894,
    "Week_Fluctuation":  0.010383416598445785,
    "Duration":  "12:10:26.0762964",
    "Updated":  "\/Date(1640378861537)\/",
    "Failed":  0,
    "HashRate_Live":  0,
    "HashRate_Average":  0,
    "BlockRate_Live":  0,
    "BlockRate_Average":  0,
    "Diff_Live":  0,
    "Diff_Average":  0,
    "Actual24h_Week":  0,
    "Estimate24h_Week":  0,
    "ErrorRatio":  1
}
