{
    "Live":  0.0000000000010993,
    "Minute":  0.0000000000010993,
    "Minute_Fluctuation":  0,
    "Minute_5":  0.00000000000110209233104268,
    "Minute_5_Fluctuation":  0.0040254575136078842,
    "Minute_10":  0.00000000000109960591238623,
    "Minute_10_Fluctuation":  0.015244342119576574,
    "Hour":  0.00000000000103665910779249,
    "Hour_Fluctuation":  0.033094382089815653,
    "Day":  0.00000000000101950920502741,
    "Day_Fluctuation":  0.03743389865612947,
    "ThreeDay":  0.00000000000101950920502741,
    "ThreeDay_Fluctuation":  0.03743389865612947,
    "Week":  0.00000000000101950920502741,
    "Week_Fluctuation":  0.03743389865612947,
    "Duration":  "12:10:26.0762964",
    "Updated":  "\/Date(1640378861295)\/",
    "Failed":  0,
    "HashRate_Live":  0,
    "HashRate_Average":  0,
    "BlockRate_Live":  0,
    "BlockRate_Average":  0,
    "Diff_Live":  0,
    "Diff_Average":  0,
    "Actual24h_Week":  0,
    "Estimate24h_Week":  0,
    "ErrorRatio":  1
}
