{
    "Live":  0.000000000000436961179381271,
    "Minute":  0.000000000000436961179381271,
    "Minute_Fluctuation":  0,
    "Minute_5":  0.000000000000439437000412466,
    "Minute_5_Fluctuation":  0.0085701552555230136,
    "Minute_10":  0.000000000000440143713394115,
    "Minute_10_Fluctuation":  0.014469104977207,
    "Hour":  0.000000000000423759445009476,
    "Hour_Fluctuation":  0.022215365400901552,
    "Day":  0.000000000000416004744994942,
    "Day_Fluctuation":  0.010420073394532121,
    "ThreeDay":  0.000000000000416004744994942,
    "ThreeDay_Fluctuation":  0.010420073394532121,
    "Week":  0.000000000000416004744994942,
    "Week_Fluctuation":  0.010420073394532121,
    "Duration":  "12:10:26.0762964",
    "Updated":  "\/Date(1640378861545)\/",
    "Failed":  0,
    "HashRate_Live":  0,
    "HashRate_Average":  0,
    "BlockRate_Live":  0,
    "BlockRate_Average":  0,
    "Diff_Live":  0,
    "Diff_Average":  0,
    "Actual24h_Week":  0,
    "Estimate24h_Week":  0,
    "ErrorRatio":  1
}
