{
    "Live":  0.000000000000439696938093848,
    "Minute":  0.000000000000439696938093848,
    "Minute_Fluctuation":  0,
    "Minute_5":  0.000000000000442469356749674,
    "Minute_5_Fluctuation":  0.010245789280327478,
    "Minute_10":  0.000000000000442833119843735,
    "Minute_10_Fluctuation":  0.017283172580118807,
    "Hour":  0.000000000000423311668183336,
    "Hour_Fluctuation":  0.026088342682697104,
    "Day":  0.000000000000414654710773459,
    "Day_Fluctuation":  0.0107763604098455,
    "ThreeDay":  0.000000000000414654710773459,
    "ThreeDay_Fluctuation":  0.0107763604098455,
    "Week":  0.000000000000414654710773459,
    "Week_Fluctuation":  0.0107763604098455,
    "Duration":  "12:10:26.0762964",
    "Updated":  "\/Date(1640378861562)\/",
    "Failed":  0,
    "HashRate_Live":  0,
    "HashRate_Average":  0,
    "BlockRate_Live":  0,
    "BlockRate_Average":  0,
    "Diff_Live":  0,
    "Diff_Average":  0,
    "Actual24h_Week":  0,
    "Estimate24h_Week":  0,
    "ErrorRatio":  1
}
