{
    "Live":  0.000000000000441813893609632,
    "Minute":  0.000000000000441813893609632,
    "Minute_Fluctuation":  0,
    "Minute_5":  0.000000000000443431831871737,
    "Minute_5_Fluctuation":  0.0061180899746549758,
    "Minute_10":  0.000000000000443479064035379,
    "Minute_10_Fluctuation":  0.013747789263795929,
    "Hour":  0.000000000000425052079048308,
    "Hour_Fluctuation":  0.025004095612537573,
    "Day":  0.000000000000416156193929528,
    "Day_Fluctuation":  0.010437348858893912,
    "ThreeDay":  0.000000000000416156193929528,
    "ThreeDay_Fluctuation":  0.010437348858893912,
    "Week":  0.000000000000416156193929528,
    "Week_Fluctuation":  0.010437348858893912,
    "Duration":  "12:10:26.0762964",
    "Updated":  "\/Date(1640378861554)\/",
    "Failed":  0,
    "HashRate_Live":  0,
    "HashRate_Average":  0,
    "BlockRate_Live":  0,
    "BlockRate_Average":  0,
    "Diff_Live":  0,
    "Diff_Average":  0,
    "Actual24h_Week":  0,
    "Estimate24h_Week":  0,
    "ErrorRatio":  1
}
