{
    "Live":  0.0000000000015323,
    "Minute":  0.0000000000015323,
    "Minute_Fluctuation":  0,
    "Minute_5":  0.00000000000153331222000297,
    "Minute_5_Fluctuation":  0.0011680337650490891,
    "Minute_10":  0.00000000000152874208091562,
    "Minute_10_Fluctuation":  0.013261495547681195,
    "Hour":  0.00000000000146771759127344,
    "Hour_Fluctuation":  0.023632732769951155,
    "Day":  0.00000000000139848798821793,
    "Day_Fluctuation":  0.028435040290175177,
    "ThreeDay":  0.00000000000139848798821793,
    "ThreeDay_Fluctuation":  0.028435040290175177,
    "Week":  0.00000000000139848798821793,
    "Week_Fluctuation":  0.028435040290175177,
    "Duration":  "12:10:26.0762964",
    "Updated":  "\/Date(1640378861621)\/",
    "Failed":  0,
    "HashRate_Live":  0,
    "HashRate_Average":  0,
    "BlockRate_Live":  0,
    "BlockRate_Average":  0,
    "Diff_Live":  0,
    "Diff_Average":  0,
    "Actual24h_Week":  0,
    "Estimate24h_Week":  0,
    "ErrorRatio":  1
}
