{
    "Live":  0.0000000000010996893085,
    "Minute":  0.0000000000010996893085,
    "Minute_Fluctuation":  0,
    "Minute_5":  0.00000000000110226789061534,
    "Minute_5_Fluctuation":  0.0037830745140063314,
    "Minute_10":  0.00000000000109956058293483,
    "Minute_10_Fluctuation":  0.01514619535983697,
    "Hour":  0.00000000000103732517955428,
    "Hour_Fluctuation":  0.032617705263405058,
    "Day":  0.00000000000102022931335122,
    "Day_Fluctuation":  0.036866712626919519,
    "ThreeDay":  0.00000000000102022931335122,
    "ThreeDay_Fluctuation":  0.036866712626919464,
    "Week":  0.00000000000102022931335122,
    "Week_Fluctuation":  0.036866712626919519,
    "Duration":  "12:10:26.0762964",
    "Updated":  "\/Date(1640378861342)\/",
    "Failed":  0,
    "HashRate_Live":  0,
    "HashRate_Average":  0,
    "BlockRate_Live":  0,
    "BlockRate_Average":  0,
    "Diff_Live":  0,
    "Diff_Average":  0,
    "Actual24h_Week":  0,
    "Estimate24h_Week":  0,
    "ErrorRatio":  1
}
