{
    "Live":  0.00000000000108496649108259,
    "Minute":  0.00000000000108496649108259,
    "Minute_Fluctuation":  0,
    "Minute_5":  0.00000000000108970167320407,
    "Minute_5_Fluctuation":  0.0066772040297360478,
    "Minute_10":  0.00000000000108959126028407,
    "Minute_10_Fluctuation":  0.015377110747362787,
    "Hour":  0.00000000000103343245691716,
    "Hour_Fluctuation":  0.031633187609606407,
    "Day":  0.00000000000101830920822581,
    "Day_Fluctuation":  0.037693543120010636,
    "ThreeDay":  0.00000000000101830920822581,
    "ThreeDay_Fluctuation":  0.037693543120010636,
    "Week":  0.00000000000101830920822581,
    "Week_Fluctuation":  0.037693543120010636,
    "Duration":  "12:10:26.0762964",
    "Updated":  "\/Date(1640378861391)\/",
    "Failed":  0,
    "HashRate_Live":  0,
    "HashRate_Average":  0,
    "BlockRate_Live":  0,
    "BlockRate_Average":  0,
    "Diff_Live":  0,
    "Diff_Average":  0,
    "Actual24h_Week":  0,
    "Estimate24h_Week":  0,
    "ErrorRatio":  1
}
