{
    "Live":  0.000000000668102270335029,
    "Minute":  0.000000000668102270335029,
    "Minute_Fluctuation":  0,
    "Minute_5":  0.000000000672283730723998,
    "Minute_5_Fluctuation":  0.0094707682795504913,
    "Minute_10":  0.000000000673323523537249,
    "Minute_10_Fluctuation":  0.016651086996245009,
    "Hour":  0.000000000648235437239763,
    "Hour_Fluctuation":  0.027377921624085953,
    "Day":  0.000000000644167341803374,
    "Day_Fluctuation":  0.022603895635922008,
    "ThreeDay":  0.000000000644167341803374,
    "ThreeDay_Fluctuation":  0.022603895635922005,
    "Week":  0.000000000644167341803374,
    "Week_Fluctuation":  0.022603895635922005,
    "Duration":  "12:10:26.0762964",
    "Updated":  "\/Date(1640378861599)\/",
    "Failed":  0,
    "HashRate_Live":  0,
    "HashRate_Average":  0,
    "BlockRate_Live":  0,
    "BlockRate_Average":  0,
    "Diff_Live":  0,
    "Diff_Average":  0,
    "Actual24h_Week":  0,
    "Estimate24h_Week":  0,
    "ErrorRatio":  1
}
