{
    "Live":  0.00000000000151225582746708,
    "Minute":  0.00000000000151225582746708,
    "Minute_Fluctuation":  0.0051546391531839065,
    "Minute_5":  0.00000000000151933444191494,
    "Minute_5_Fluctuation":  0.00225789085039032,
    "Minute_10":  0.0000000000015166576086453,
    "Minute_10_Fluctuation":  0.011109520680190617,
    "Hour":  0.0000000000014636321075916,
    "Hour_Fluctuation":  0.020841417671779966,
    "Day":  0.00000000000139676393004399,
    "Day_Fluctuation":  0.028942995673095415,
    "ThreeDay":  0.00000000000139676393004399,
    "ThreeDay_Fluctuation":  0.028942995673095415,
    "Week":  0.00000000000139676393004399,
    "Week_Fluctuation":  0.028942995673095408,
    "Duration":  "12:10:26.0762964",
    "Updated":  "\/Date(1640378923456)\/",
    "Failed":  0,
    "HashRate_Live":  0,
    "HashRate_Average":  0,
    "BlockRate_Live":  0,
    "BlockRate_Average":  0,
    "Diff_Live":  0,
    "Diff_Average":  0,
    "Actual24h_Week":  0,
    "Estimate24h_Week":  0,
    "ErrorRatio":  1
}
