{
    "Live":  0.0000000000004427,
    "Minute":  0.0000000000004427,
    "Minute_Fluctuation":  0,
    "Minute_5":  0.00000000000044441030276364,
    "Minute_5_Fluctuation":  0.0059689639169003723,
    "Minute_10":  0.00000000000044416944062308,
    "Minute_10_Fluctuation":  0.014490144888730856,
    "Hour":  0.000000000000425028343574107,
    "Hour_Fluctuation":  0.024445764024359894,
    "Day":  0.000000000000416499973309283,
    "Day_Fluctuation":  0.010434878416542214,
    "ThreeDay":  0.000000000000416499973309283,
    "ThreeDay_Fluctuation":  0.010434878416542214,
    "Week":  0.000000000000416499973309283,
    "Week_Fluctuation":  0.010434878416542214,
    "Duration":  "12:10:26.0762964",
    "Updated":  "\/Date(1640378861528)\/",
    "Failed":  0,
    "HashRate_Live":  0,
    "HashRate_Average":  0,
    "BlockRate_Live":  0,
    "BlockRate_Average":  0,
    "Diff_Live":  0,
    "Diff_Average":  0,
    "Actual24h_Week":  0,
    "Estimate24h_Week":  0,
    "ErrorRatio":  1
}
