{
    "Live":  0.00000000000109701616913342,
    "Minute":  0.00000000000109701616913342,
    "Minute_Fluctuation":  0,
    "Minute_5":  0.00000000000109682556845484,
    "Minute_5_Fluctuation":  0.0033650877503289306,
    "Minute_10":  0.00000000000109514607844894,
    "Minute_10_Fluctuation":  0.012438419513490468,
    "Hour":  0.00000000000103592312506891,
    "Hour_Fluctuation":  0.033065751060018779,
    "Day":  0.00000000000101858447643281,
    "Day_Fluctuation":  0.037525373987051948,
    "ThreeDay":  0.00000000000101858447643281,
    "ThreeDay_Fluctuation":  0.037525373987051948,
    "Week":  0.00000000000101858447643281,
    "Week_Fluctuation":  0.037525373987051948,
    "Duration":  "12:10:26.0762964",
    "Updated":  "\/Date(1640378861427)\/",
    "Failed":  0,
    "HashRate_Live":  0,
    "HashRate_Average":  0,
    "BlockRate_Live":  0,
    "BlockRate_Average":  0,
    "Diff_Live":  0,
    "Diff_Average":  0,
    "Actual24h_Week":  0,
    "Estimate24h_Week":  0,
    "ErrorRatio":  1
}
