{
    "Live":  0.000000000672285138557791,
    "Minute":  0.000000000672285138557791,
    "Minute_Fluctuation":  0,
    "Minute_5":  0.000000000673926099600545,
    "Minute_5_Fluctuation":  0.0071545959659832792,
    "Minute_10":  0.000000000674554136899254,
    "Minute_10_Fluctuation":  0.012995046658345022,
    "Hour":  0.000000000646835700668043,
    "Hour_Fluctuation":  0.029919721496367194,
    "Day":  0.000000000642060447152246,
    "Day_Fluctuation":  0.022784779344076963,
    "ThreeDay":  0.000000000642060447152246,
    "ThreeDay_Fluctuation":  0.02278477934407697,
    "Week":  0.000000000642060447152246,
    "Week_Fluctuation":  0.022784779344076963,
    "Duration":  "12:10:26.0762964",
    "Updated":  "\/Date(1640378861614)\/",
    "Failed":  0,
    "HashRate_Live":  0,
    "HashRate_Average":  0,
    "BlockRate_Live":  0,
    "BlockRate_Average":  0,
    "Diff_Live":  0,
    "Diff_Average":  0,
    "Actual24h_Week":  0,
    "Estimate24h_Week":  0,
    "ErrorRatio":  1
}
