{
    "Live":  0.00000000000152905130102131,
    "Minute":  0.00000000000152905130102131,
    "Minute_Fluctuation":  0.0014944050073033631,
    "Minute_5":  0.00000000000153076649050297,
    "Minute_5_Fluctuation":  0.0010531548730918637,
    "Minute_10":  0.00000000000152682183537288,
    "Minute_10_Fluctuation":  0.012371377955260842,
    "Hour":  0.00000000000146774672058746,
    "Hour_Fluctuation":  0.02319524775003275,
    "Day":  0.00000000000139726517618537,
    "Day_Fluctuation":  0.029033059104026766,
    "ThreeDay":  0.00000000000139726517618537,
    "ThreeDay_Fluctuation":  0.029033059104026766,
    "Week":  0.00000000000139726517618537,
    "Week_Fluctuation":  0.029033059104026766,
    "Duration":  "12:10:26.0762964",
    "Updated":  "\/Date(1640378923466)\/",
    "Failed":  0,
    "HashRate_Live":  0,
    "HashRate_Average":  0,
    "BlockRate_Live":  0,
    "BlockRate_Average":  0,
    "Diff_Live":  0,
    "Diff_Average":  0,
    "Actual24h_Week":  0,
    "Estimate24h_Week":  0,
    "ErrorRatio":  1
}
