{
    "Live":  0.00000000000109175932942227,
    "Minute":  0.00000000000109175932942227,
    "Minute_Fluctuation":  0,
    "Minute_5":  0.0000000000010972195547675,
    "Minute_5_Fluctuation":  0.0083553793309510474,
    "Minute_10":  0.00000000000109625482741694,
    "Minute_10_Fluctuation":  0.018152015637683195,
    "Hour":  0.00000000000103238178252277,
    "Hour_Fluctuation":  0.034478650834775269,
    "Day":  0.00000000000101507165975281,
    "Day_Fluctuation":  0.03834692080610376,
    "ThreeDay":  0.00000000000101507165975281,
    "ThreeDay_Fluctuation":  0.03834692080610376,
    "Week":  0.00000000000101507165975281,
    "Week_Fluctuation":  0.03834692080610376,
    "Duration":  "12:10:26.0762964",
    "Updated":  "\/Date(1640378861475)\/",
    "Failed":  0,
    "HashRate_Live":  0,
    "HashRate_Average":  0,
    "BlockRate_Live":  0,
    "BlockRate_Average":  0,
    "Diff_Live":  0,
    "Diff_Average":  0,
    "Actual24h_Week":  0,
    "Estimate24h_Week":  0,
    "ErrorRatio":  1
}
