{
    "Live":  0.0000000000015325304295,
    "Minute":  0.0000000000015325304295,
    "Minute_Fluctuation":  0.00018679659407546995,
    "Minute_5":  0.00000000000153326093404024,
    "Minute_5_Fluctuation":  0.0011493478921990861,
    "Minute_10":  0.0000000000015285098379651,
    "Minute_10_Fluctuation":  0.013400297767796828,
    "Hour":  0.00000000000146860159778204,
    "Hour_Fluctuation":  0.023476881517141571,
    "Day":  0.00000000000139943499243156,
    "Day_Fluctuation":  0.028969904076894711,
    "ThreeDay":  0.00000000000139943499243156,
    "ThreeDay_Fluctuation":  0.028969904076894707,
    "Week":  0.00000000000139943499243156,
    "Week_Fluctuation":  0.028969904076894711,
    "Duration":  "12:10:26.0762964",
    "Updated":  "\/Date(1640378923437)\/",
    "Failed":  0,
    "HashRate_Live":  0,
    "HashRate_Average":  0,
    "BlockRate_Live":  0,
    "BlockRate_Average":  0,
    "Diff_Live":  0,
    "Diff_Average":  0,
    "Actual24h_Week":  0,
    "Estimate24h_Week":  0,
    "ErrorRatio":  1
}
