{
    "Live":  0.000000000675474937023387,
    "Minute":  0.000000000675474937023387,
    "Minute_Fluctuation":  0,
    "Minute_5":  0.000000000678271718807492,
    "Minute_5_Fluctuation":  0.0069072879058304885,
    "Minute_10":  0.000000000678288040904514,
    "Minute_10_Fluctuation":  0.015582080805200221,
    "Hour":  0.000000000649981813239766,
    "Hour_Fluctuation":  0.028759447374659537,
    "Day":  0.000000000644209767423021,
    "Day_Fluctuation":  0.022342341197216207,
    "ThreeDay":  0.000000000644209767423021,
    "ThreeDay_Fluctuation":  0.02234234119721621,
    "Week":  0.000000000644209767423021,
    "Week_Fluctuation":  0.022342341197216207,
    "Duration":  "12:10:26.0762964",
    "Updated":  "\/Date(1640378861606)\/",
    "Failed":  0,
    "HashRate_Live":  0,
    "HashRate_Average":  0,
    "BlockRate_Live":  0,
    "BlockRate_Average":  0,
    "Diff_Live":  0,
    "Diff_Average":  0,
    "Actual24h_Week":  0,
    "Estimate24h_Week":  0,
    "ErrorRatio":  1
}
