{
    "Live":  0.0000000006757925,
    "Minute":  0.0000000006757925,
    "Minute_Fluctuation":  0,
    "Minute_5":  0.000000000678492509597578,
    "Minute_5_Fluctuation":  0.0063637319079105324,
    "Minute_10":  0.000000000677654782366858,
    "Minute_10_Fluctuation":  0.016440078828469741,
    "Hour":  0.000000000647481655359902,
    "Hour_Fluctuation":  0.03088242681755379,
    "Day":  0.000000000641442552484244,
    "Day_Fluctuation":  0.024354585810539797,
    "ThreeDay":  0.000000000641442552484244,
    "ThreeDay_Fluctuation":  0.024354585810539797,
    "Week":  0.000000000641442552484244,
    "Week_Fluctuation":  0.024354585810539803,
    "Duration":  "12:10:26.0762964",
    "Updated":  "\/Date(1640378861592)\/",
    "Failed":  0,
    "HashRate_Live":  0,
    "HashRate_Average":  0,
    "BlockRate_Live":  0,
    "BlockRate_Average":  0,
    "Diff_Live":  0,
    "Diff_Average":  0,
    "Actual24h_Week":  0,
    "Estimate24h_Week":  0,
    "ErrorRatio":  1
}
