{
    "Live":  0.00000000000124486161938362,
    "Minute":  0.00000000000124486161938362,
    "Minute_Fluctuation":  0.023660313656294042,
    "Minute_5":  0.0000000000012662225073876,
    "Minute_5_Fluctuation":  0.0068835614722840589,
    "Minute_10":  0.00000000000126713213476015,
    "Minute_10_Fluctuation":  0.0045865481563737934,
    "Hour":  0.00000000000127463196873227,
    "Hour_Fluctuation":  0.012555462229216663,
    "Day":  0.00000000000126839025950514,
    "Day_Fluctuation":  0.012267200826153438,
    "ThreeDay":  0.00000000000126839025950514,
    "ThreeDay_Fluctuation":  0.012267200826153438,
    "Week":  0.00000000000126839025950514,
    "Week_Fluctuation":  0.012267200826153438,
    "Duration":  "11:33:52.1805837",
    "Updated":  "\/Date(1640377089961)\/",
    "Failed":  0,
    "HashRate_Live":  0,
    "HashRate_Average":  0,
    "BlockRate_Live":  0,
    "BlockRate_Average":  0,
    "Diff_Live":  0,
    "Diff_Average":  0,
    "Actual24h_Week":  0,
    "Estimate24h_Week":  0,
    "ErrorRatio":  1
}
