{
    "Live":  0.0000000000012323709382724,
    "Minute":  0.0000000000012323709382724,
    "Minute_Fluctuation":  0.34567579904818951,
    "Minute_5":  0.000000000000979287110727445,
    "Minute_5_Fluctuation":  0.069698968318964757,
    "Minute_10":  0.000000000000948273115926718,
    "Minute_10_Fluctuation":  0.036047603564818641,
    "Hour":  0.000000000000953358794934642,
    "Hour_Fluctuation":  0.089296422874884748,
    "Day":  0.00000000000116952337848948,
    "Day_Fluctuation":  0.130192411936164,
    "ThreeDay":  0.00000000000116952337848948,
    "ThreeDay_Fluctuation":  0.13019241193616396,
    "Week":  0.00000000000116952337848948,
    "Week_Fluctuation":  0.130192411936164,
    "Duration":  "11:33:52.1805837",
    "Updated":  "\/Date(1640377089929)\/",
    "Failed":  0,
    "HashRate_Live":  0,
    "HashRate_Average":  0,
    "BlockRate_Live":  0,
    "BlockRate_Average":  0,
    "Diff_Live":  0,
    "Diff_Average":  0,
    "Actual24h_Week":  0,
    "Estimate24h_Week":  0,
    "ErrorRatio":  1
}
