{
    "Live":  0.0000068157233985099,
    "Minute":  0.0000068157233985099,
    "Minute_Fluctuation":  0,
    "Minute_5":  0.0000068157233985099,
    "Minute_5_Fluctuation":  0,
    "Minute_10":  0.0000068157233985099,
    "Minute_10_Fluctuation":  0,
    "Hour":  0.0000068157233985099,
    "Hour_Fluctuation":  0,
    "Day":  0.0000068157233985099,
    "Day_Fluctuation":  0,
    "ThreeDay":  0.0000068157233985099,
    "ThreeDay_Fluctuation":  0,
    "Week":  0.0000068157233985099,
    "Week_Fluctuation":  0,
    "Duration":  "00:22:29.1926753",
    "Updated":  "\/Date(1640378881670)\/",
    "Failed":  0,
    "HashRate_Live":  0,
    "HashRate_Average":  0,
    "BlockRate_Live":  0,
    "BlockRate_Average":  0,
    "Diff_Live":  0,
    "Diff_Average":  0,
    "Actual24h_Week":  0,
    "Estimate24h_Week":  0,
    "ErrorRatio":  1
}
