{
    "Live":  0.000000000000342764958519811,
    "Minute":  0.000000000000342764958519811,
    "Minute_Fluctuation":  0.11631898406824469,
    "Minute_5":  0.000000000000314220330958957,
    "Minute_5_Fluctuation":  0.023606176985105497,
    "Minute_10":  0.000000000000310820899897737,
    "Minute_10_Fluctuation":  0.012824022597029446,
    "Hour":  0.000000000000308472878691731,
    "Hour_Fluctuation":  0.00469698849056175,
    "Day":  0.0000000000003048288977897,
    "Day_Fluctuation":  0.016294721062053472,
    "ThreeDay":  0.0000000000003048288977897,
    "ThreeDay_Fluctuation":  0.016294721062053472,
    "Week":  0.0000000000003048288977897,
    "Week_Fluctuation":  0.016294721062053472,
    "Duration":  "11:33:52.1805837",
    "Updated":  "\/Date(1640377089950)\/",
    "Failed":  0,
    "HashRate_Live":  0,
    "HashRate_Average":  0,
    "BlockRate_Live":  0,
    "BlockRate_Average":  0,
    "Diff_Live":  0,
    "Diff_Average":  0,
    "Actual24h_Week":  0,
    "Estimate24h_Week":  0,
    "ErrorRatio":  1
}
