{
    "Live":  0.000000792409949039476,
    "Minute":  0.000000792409949039476,
    "Minute_Fluctuation":  0,
    "Minute_5":  0.000000417572612788573,
    "Minute_5_Fluctuation":  0.327515792699723,
    "Minute_10":  0.000000362297971183738,
    "Minute_10_Fluctuation":  0.18613450848429391,
    "Hour":  0.000000303985531407806,
    "Hour_Fluctuation":  0.074008876622440822,
    "Day":  0.000000288082545628591,
    "Day_Fluctuation":  0.087875458478553936,
    "ThreeDay":  0.000000288082545628591,
    "ThreeDay_Fluctuation":  0.087875458478553936,
    "Week":  0.000000288082545628591,
    "Week_Fluctuation":  0.087875458478553936,
    "Duration":  "11:33:52.1805837",
    "Updated":  "\/Date(1640377089985)\/",
    "Failed":  0,
    "HashRate_Live":  0,
    "HashRate_Average":  0,
    "BlockRate_Live":  0,
    "BlockRate_Average":  0,
    "Diff_Live":  0,
    "Diff_Average":  0,
    "Actual24h_Week":  0,
    "Estimate24h_Week":  0,
    "ErrorRatio":  1
}
