{
    "Live":  0.000733954639175264,
    "Minute":  0.000733954639175264,
    "Minute_Fluctuation":  0,
    "Minute_5":  0.000737491000840683,
    "Minute_5_Fluctuation":  0.0049440278875476935,
    "Minute_10":  0.000739908487809497,
    "Minute_10_Fluctuation":  0.0049309676657253755,
    "Hour":  0.000732934640289817,
    "Hour_Fluctuation":  0.016894478578128105,
    "Day":  0.000744077142851871,
    "Day_Fluctuation":  0.031356919863509573,
    "ThreeDay":  0.000744077142851871,
    "ThreeDay_Fluctuation":  0.031356919863509573,
    "Week":  0.000744077142851871,
    "Week_Fluctuation":  0.031356919863509573,
    "Duration":  "11:32:52.1805837",
    "Updated":  "\/Date(1640192993452)\/",
    "Failed":  0,
    "HashRate_Live":  0,
    "HashRate_Average":  0,
    "BlockRate_Live":  0,
    "BlockRate_Average":  0,
    "Diff_Live":  0,
    "Diff_Average":  0,
    "Actual24h_Week":  0,
    "Estimate24h_Week":  0,
    "ErrorRatio":  1
}
