{
    "Live":  0.00000000000235123241673426,
    "Minute":  0.00000000000235123241673426,
    "Minute_Fluctuation":  0,
    "Minute_5":  0.00000000000235123241673426,
    "Minute_5_Fluctuation":  0,
    "Minute_10":  0.00000000000235123241673426,
    "Minute_10_Fluctuation":  0,
    "Hour":  0.00000000000235123241673426,
    "Hour_Fluctuation":  0,
    "Day":  0.00000000000235123241673426,
    "Day_Fluctuation":  0,
    "ThreeDay":  0.00000000000235269636852885,
    "ThreeDay_Fluctuation":  0.0013790242370437704,
    "Week":  0.0000000000023541738826295,
    "Week_Fluctuation":  0.0016938500843090981,
    "Duration":  "8.00:00:00",
    "Updated":  "\/Date(1640378881969)\/",
    "Failed":  0,
    "HashRate_Live":  0,
    "HashRate_Average":  0,
    "BlockRate_Live":  0,
    "BlockRate_Average":  0,
    "Diff_Live":  0,
    "Diff_Average":  0,
    "Actual24h_Week":  0,
    "Estimate24h_Week":  0,
    "ErrorRatio":  1
}
