{
    "Live":  0.0000068157233985099,
    "Minute":  0.0000068157233985099,
    "Minute_Fluctuation":  0.0051162379741805045,
    "Minute_5":  0.00000657711454363496,
    "Minute_5_Fluctuation":  0.069367792243579945,
    "Minute_10":  0.00000618786208832264,
    "Minute_10_Fluctuation":  0.11691783537865563,
    "Hour":  0.00000543125459379559,
    "Hour_Fluctuation":  0.093960732355118787,
    "Day":  0.00000568600997271488,
    "Day_Fluctuation":  0.067287569928757188,
    "ThreeDay":  0.00000568600997271488,
    "ThreeDay_Fluctuation":  0.067287569928757188,
    "Week":  0.00000568600997271488,
    "Week_Fluctuation":  0.067287569928757188,
    "Duration":  "11:05:46.3133078",
    "Updated":  "\/Date(1640377090011)\/",
    "Failed":  0,
    "HashRate_Live":  0,
    "HashRate_Average":  0,
    "BlockRate_Live":  0,
    "BlockRate_Average":  0,
    "Diff_Live":  0,
    "Diff_Average":  0,
    "Actual24h_Week":  0,
    "Estimate24h_Week":  0,
    "ErrorRatio":  1
}
