{
    "Live":  0.000000774378884681776,
    "Minute":  0.000000774378884681776,
    "Minute_Fluctuation":  0,
    "Minute_5":  0.000000774378884681776,
    "Minute_5_Fluctuation":  0.0034391142740851739,
    "Minute_10":  0.000000772344329019612,
    "Minute_10_Fluctuation":  0.003895566416585108,
    "Hour":  0.000000771142218856555,
    "Hour_Fluctuation":  0.0030484727772459811,
    "Day":  0.000000771142218856555,
    "Day_Fluctuation":  0.0030484727772459811,
    "ThreeDay":  0.000000771142218856555,
    "ThreeDay_Fluctuation":  0.0030484727772459811,
    "Week":  0.000000771142218856555,
    "Week_Fluctuation":  0.0030484727772459811,
    "Duration":  "00:22:29.1926753",
    "Updated":  "\/Date(1640378881659)\/",
    "Failed":  0,
    "HashRate_Live":  0,
    "HashRate_Average":  0,
    "BlockRate_Live":  0,
    "BlockRate_Average":  0,
    "Diff_Live":  0,
    "Diff_Average":  0,
    "Actual24h_Week":  0,
    "Estimate24h_Week":  0,
    "ErrorRatio":  1
}
