{
    "Live":  0.00000000000197053483093314,
    "Minute":  0.00000000000197053483093314,
    "Minute_Fluctuation":  0,
    "Minute_5":  0.00000000000197149063045032,
    "Minute_5_Fluctuation":  0.00090224223551444685,
    "Minute_10":  0.00000000000197013977154237,
    "Minute_10_Fluctuation":  0.002101733408366206,
    "Hour":  0.00000000000194552895671718,
    "Hour_Fluctuation":  0.012084086093948969,
    "Day":  0.00000000000192629280582634,
    "Day_Fluctuation":  0.010900740362430028,
    "ThreeDay":  0.00000000000192629280582634,
    "ThreeDay_Fluctuation":  0.010900740362430028,
    "Week":  0.00000000000192629280582634,
    "Week_Fluctuation":  0.010900740362430028,
    "Duration":  "03:17:07.2560019",
    "Updated":  "\/Date(1640109114655)\/",
    "Failed":  0,
    "HashRate_Live":  0,
    "HashRate_Average":  0,
    "BlockRate_Live":  0,
    "BlockRate_Average":  0,
    "Diff_Live":  0,
    "Diff_Average":  0,
    "Actual24h_Week":  0,
    "Estimate24h_Week":  0,
    "ErrorRatio":  1
}
