{
    "Live":  0.00000000000124431384270926,
    "Minute":  0.00000000000124431384270926,
    "Minute_Fluctuation":  0.00031454453950706146,
    "Minute_5":  0.00000000000124413784259318,
    "Minute_5_Fluctuation":  0.00038355180519629607,
    "Minute_10":  0.00000000000124369620187814,
    "Minute_10_Fluctuation":  0.0008335741666675951,
    "Hour":  0.00000000000124342541589688,
    "Hour_Fluctuation":  0.00093267131362415154,
    "Day":  0.00000000000124342541589688,
    "Day_Fluctuation":  0.00093267131362415132,
    "ThreeDay":  0.00000000000124342541589688,
    "ThreeDay_Fluctuation":  0.00093267131362415132,
    "Week":  0.00000000000124342541589688,
    "Week_Fluctuation":  0.00093267131362415154,
    "Duration":  "00:22:29.1926753",
    "Updated":  "\/Date(1640378881654)\/",
    "Failed":  0,
    "HashRate_Live":  0,
    "HashRate_Average":  0,
    "BlockRate_Live":  0,
    "BlockRate_Average":  0,
    "Diff_Live":  0,
    "Diff_Average":  0,
    "Actual24h_Week":  0,
    "Estimate24h_Week":  0,
    "ErrorRatio":  1
}
