{
    "Live":  0.00000000000236282617019778,
    "Minute":  0.00000000000236282617019778,
    "Minute_Fluctuation":  0.054439840212104407,
    "Minute_5":  0.00000000000236282617019778,
    "Minute_5_Fluctuation":  0.054439840212104407,
    "Minute_10":  0.00000000000236282617019778,
    "Minute_10_Fluctuation":  0.054439840212104407,
    "Hour":  0.00000000000236282617019778,
    "Hour_Fluctuation":  0.054439840212104407,
    "Day":  0.00000000000236282617019778,
    "Day_Fluctuation":  0.054439840212104407,
    "ThreeDay":  0.00000000000228071157320987,
    "ThreeDay_Fluctuation":  0.019545502924623044,
    "Week":  0.00000000000225264695263853,
    "Week_Fluctuation":  0.011362773886228191,
    "Duration":  "619.00:00:00",
    "Updated":  "\/Date(1640377095410)\/",
    "Failed":  0,
    "HashRate_Live":  0,
    "HashRate_Average":  0,
    "BlockRate_Live":  0,
    "BlockRate_Average":  0,
    "Diff_Live":  0,
    "Diff_Average":  0,
    "Actual24h_Week":  0,
    "Estimate24h_Week":  0,
    "ErrorRatio":  1
}
