{
    "Live":  0.0000052467974620171,
    "Minute":  0.0000052467974620171,
    "Minute_Fluctuation":  0.021960049798408432,
    "Minute_5":  0.00000514447886996049,
    "Minute_5_Fluctuation":  0.0075847023981072265,
    "Minute_10":  0.00000512410319028428,
    "Minute_10_Fluctuation":  0.0058817979586283488,
    "Hour":  0.00000512743881403337,
    "Hour_Fluctuation":  0.016226051042618778,
    "Day":  0.00000503059758250985,
    "Day_Fluctuation":  0.037082550975163442,
    "ThreeDay":  0.00000503059758250985,
    "ThreeDay_Fluctuation":  0.037082550975163442,
    "Week":  0.00000503059758250985,
    "Week_Fluctuation":  0.037082550975163442,
    "Duration":  "11:05:46.3133078",
    "Updated":  "\/Date(1640377090038)\/",
    "Failed":  0,
    "HashRate_Live":  0,
    "HashRate_Average":  0,
    "BlockRate_Live":  0,
    "BlockRate_Average":  0,
    "Diff_Live":  0,
    "Diff_Average":  0,
    "Actual24h_Week":  0,
    "Estimate24h_Week":  0,
    "ErrorRatio":  1
}
