{
    "Live":  0.000000000763893713488822,
    "Minute":  0.000000000763893713488822,
    "Minute_Fluctuation":  0,
    "Minute_5":  0.000000000763893713488822,
    "Minute_5_Fluctuation":  0.00086558635155244666,
    "Minute_10":  0.000000000764403698151823,
    "Minute_10_Fluctuation":  0.000981730400164456,
    "Hour":  0.00000000076470502082281,
    "Hour_Fluctuation":  0.00076785641688864722,
    "Day":  0.00000000076470502082281,
    "Day_Fluctuation":  0.00076785641688864722,
    "ThreeDay":  0.00000000076470502082281,
    "ThreeDay_Fluctuation":  0.00076785641688864722,
    "Week":  0.00000000076470502082281,
    "Week_Fluctuation":  0.00076785641688864722,
    "Duration":  "00:22:29.1926753",
    "Updated":  "\/Date(1640378881677)\/",
    "Failed":  0,
    "HashRate_Live":  0,
    "HashRate_Average":  0,
    "BlockRate_Live":  0,
    "BlockRate_Average":  0,
    "Diff_Live":  0,
    "Diff_Average":  0,
    "Actual24h_Week":  0,
    "Estimate24h_Week":  0,
    "ErrorRatio":  1
}
