{
    "Live":  0.000000000762249869792746,
    "Minute":  0.000000000762249869792746,
    "Minute_Fluctuation":  0.0090950560495559676,
    "Minute_5":  0.000000000771545508310012,
    "Minute_5_Fluctuation":  0.0081122315026067177,
    "Minute_10":  0.000000000775669336602321,
    "Minute_10_Fluctuation":  0.0070926643817430593,
    "Hour":  0.000000000784287524989928,
    "Hour_Fluctuation":  0.0080335697140212822,
    "Day":  0.000000000773602505065222,
    "Day_Fluctuation":  0.014924409991698648,
    "ThreeDay":  0.000000000773602505065222,
    "ThreeDay_Fluctuation":  0.014924409991698648,
    "Week":  0.000000000773602505065222,
    "Week_Fluctuation":  0.014924409991698648,
    "Duration":  "11:05:46.3133078",
    "Updated":  "\/Date(1640377090023)\/",
    "Failed":  0,
    "HashRate_Live":  0,
    "HashRate_Average":  0,
    "BlockRate_Live":  0,
    "BlockRate_Average":  0,
    "Diff_Live":  0,
    "Diff_Average":  0,
    "Actual24h_Week":  0,
    "Estimate24h_Week":  0,
    "ErrorRatio":  1
}
