{
    "Live":  0.0000000000019010325805845,
    "Minute":  0.0000000000019010325805845,
    "Minute_Fluctuation":  0.014181156420060565,
    "Minute_5":  0.00000000000191186003238348,
    "Minute_5_Fluctuation":  0.020059723820051379,
    "Minute_10":  0.00000000000193864886449786,
    "Minute_10_Fluctuation":  0.018627875473134603,
    "Hour":  0.00000000000189368329719736,
    "Hour_Fluctuation":  0.058779807784807438,
    "Day":  0.00000000000174443756824038,
    "Day_Fluctuation":  0.041304566495078146,
    "ThreeDay":  0.00000000000174443756824038,
    "ThreeDay_Fluctuation":  0.041304566495078146,
    "Week":  0.00000000000174443756824038,
    "Week_Fluctuation":  0.041304566495078146,
    "Duration":  "11:33:52.1805837",
    "Updated":  "\/Date(1640377089998)\/",
    "Failed":  0,
    "HashRate_Live":  0,
    "HashRate_Average":  0,
    "BlockRate_Live":  0,
    "BlockRate_Average":  0,
    "Diff_Live":  0,
    "Diff_Average":  0,
    "Actual24h_Week":  0,
    "Estimate24h_Week":  0,
    "ErrorRatio":  1
}
