{
    "Live":  0.000000000000341617809854122,
    "Minute":  0.000000000000341617809854122,
    "Minute_Fluctuation":  0,
    "Minute_5":  0.000000000000341617809854122,
    "Minute_5_Fluctuation":  0.0013384100613393376,
    "Minute_10":  0.000000000000341970831311239,
    "Minute_10_Fluctuation":  0.0015182126322708434,
    "Hour":  0.000000000000342179412815923,
    "Hour_Fluctuation":  0.0011873960805266221,
    "Day":  0.000000000000342179412815923,
    "Day_Fluctuation":  0.0011873960805266221,
    "ThreeDay":  0.000000000000342179412815923,
    "ThreeDay_Fluctuation":  0.0011873960805266221,
    "Week":  0.000000000000342179412815923,
    "Week_Fluctuation":  0.0011873960805266221,
    "Duration":  "00:22:29.1926753",
    "Updated":  "\/Date(1640378881651)\/",
    "Failed":  0,
    "HashRate_Live":  0,
    "HashRate_Average":  0,
    "BlockRate_Live":  0,
    "BlockRate_Average":  0,
    "Diff_Live":  0,
    "Diff_Average":  0,
    "Actual24h_Week":  0,
    "Estimate24h_Week":  0,
    "ErrorRatio":  1
}
