{
    "Live":  0.00000000000192500969270839,
    "Minute":  0.00000000000192500969270839,
    "Minute_Fluctuation":  0,
    "Minute_5":  0.00000000000192500969270839,
    "Minute_5_Fluctuation":  0.0023339997703324825,
    "Minute_10":  0.00000000000192156886150162,
    "Minute_10_Fluctuation":  0.0026446460842504348,
    "Hour":  0.00000000000191953585830592,
    "Hour_Fluctuation":  0.0020692932899334343,
    "Day":  0.00000000000191953585830592,
    "Day_Fluctuation":  0.0020692932899334343,
    "ThreeDay":  0.00000000000191953585830592,
    "ThreeDay_Fluctuation":  0.0020692932899334343,
    "Week":  0.00000000000191953585830592,
    "Week_Fluctuation":  0.0020692932899334343,
    "Duration":  "00:22:29.1926753",
    "Updated":  "\/Date(1640378881665)\/",
    "Failed":  0,
    "HashRate_Live":  0,
    "HashRate_Average":  0,
    "BlockRate_Live":  0,
    "BlockRate_Average":  0,
    "Diff_Live":  0,
    "Diff_Average":  0,
    "Actual24h_Week":  0,
    "Estimate24h_Week":  0,
    "ErrorRatio":  1
}
