{
    "Live":  0.00000525020184328622,
    "Minute":  0.00000525020184328622,
    "Minute_Fluctuation":  0,
    "Minute_5":  0.00000525020184328622,
    "Minute_5_Fluctuation":  2.340764796514493E-05,
    "Minute_10":  0.00000525010724387365,
    "Minute_10_Fluctuation":  2.6541411589916208E-05,
    "Hour":  0.00000525005135013853,
    "Hour_Fluctuation":  2.076147817805169E-05,
    "Day":  0.00000525005135013853,
    "Day_Fluctuation":  2.076147817805169E-05,
    "ThreeDay":  0.00000525005135013853,
    "ThreeDay_Fluctuation":  2.076147817805169E-05,
    "Week":  0.00000525005135013853,
    "Week_Fluctuation":  2.076147817805169E-05,
    "Duration":  "00:22:29.1926753",
    "Updated":  "\/Date(1640378881681)\/",
    "Failed":  0,
    "HashRate_Live":  0,
    "HashRate_Average":  0,
    "BlockRate_Live":  0,
    "BlockRate_Average":  0,
    "Diff_Live":  0,
    "Diff_Average":  0,
    "Actual24h_Week":  0,
    "Estimate24h_Week":  0,
    "ErrorRatio":  1
}
