{
    "Live":  0.00000000093,
    "Minute":  0.00000000093,
    "Minute_Fluctuation":  0,
    "Minute_5":  0.00000000093,
    "Minute_5_Fluctuation":  0.018414462106874866,
    "Minute_10":  0.000000000962686441636736,
    "Minute_10_Fluctuation":  0.083469001933201253,
    "Hour":  0.00000000114827464233657,
    "Hour_Fluctuation":  0.11357187075712349,
    "Day":  0.00000000123057710084984,
    "Day_Fluctuation":  0.031115045373032914,
    "ThreeDay":  0.00000000123269561632748,
    "ThreeDay_Fluctuation":  0.02551504271530429,
    "Week":  0.00000000123269561632748,
    "Week_Fluctuation":  0.02551504271530429,
    "Duration":  "1.12:08:18.8643651",
    "Updated":  "\/Date(1640378865322)\/",
    "Failed":  0,
    "HashRate_Live":  15563916,
    "HashRate_Average":  14768925.14036388,
    "BlockRate_Live":  62,
    "BlockRate_Average":  44.783167950913658,
    "Diff_Live":  766036187.16244161,
    "Diff_Average":  752989895.99821973,
    "Actual24h_Week":  0.000000336861277517596,
    "Estimate24h_Week":  0.000000495369901289149,
    "ErrorRatio":  0.877144013319242
}
