{
    "Live":  0.00000000266,
    "Minute":  0.00000000266,
    "Minute_Fluctuation":  0.015267175572519031,
    "Minute_5":  0.00000000264200725412,
    "Minute_5_Fluctuation":  0.023968740776698236,
    "Minute_10":  0.0000000025419568636061,
    "Minute_10_Fluctuation":  0.11692184421852372,
    "Hour":  0.00000000249443436513704,
    "Hour_Fluctuation":  0.16701690769221131,
    "Day":  0.00000000171998196317537,
    "Day_Fluctuation":  0.28405745695562418,
    "ThreeDay":  0.00000000163444594177658,
    "ThreeDay_Fluctuation":  0.25839527087183428,
    "Week":  0.00000000163444594177658,
    "Week_Fluctuation":  0.25839527087183428,
    "Duration":  "1.12:07:13.2212229",
    "Updated":  "\/Date(1640378867365)\/",
    "Failed":  0,
    "HashRate_Live":  13262,
    "HashRate_Average":  14599.994815315838,
    "BlockRate_Live":  22,
    "BlockRate_Average":  28.130099939276537,
    "Diff_Live":  0.00946702533,
    "Diff_Average":  0.010519306116918262,
    "Actual24h_Week":  0.00000104519594838185,
    "Estimate24h_Week":  0.00000100047217953905,
    "ErrorRatio":  1.01715590550194
}
