{
    "Live":  0.00000000000000000423226764,
    "Minute":  0.00000000000000000423226764,
    "Minute_Fluctuation":  5.1639287455326061E-05,
    "Minute_5":  0.0000000000000000042321693366,
    "Minute_5_Fluctuation":  0.0077506263465701632,
    "Minute_10":  0.000000000000000004260287048,
    "Minute_10_Fluctuation":  0.01968699708739307,
    "Hour":  0.0000000000000000043228335569,
    "Hour_Fluctuation":  0.072018384493942225,
    "Day":  0.0000000000000000048375223189,
    "Day_Fluctuation":  0.051252160440029865,
    "ThreeDay":  0.0000000000000000048375223189,
    "ThreeDay_Fluctuation":  0.051252160440029865,
    "Week":  0.0000000000000000048375223189,
    "Week_Fluctuation":  0.051252160440029865,
    "Duration":  "12:21:44.9711153",
    "Updated":  "\/Date(1640378868647)\/",
    "Failed":  0,
    "HashRate_Live":  4803575719738,
    "HashRate_Average":  14851227075541.121,
    "BlockRate_Live":  60,
    "BlockRate_Average":  57.824118409190888,
    "Diff_Live":  13613000.8,
    "Diff_Average":  13030431.11477972,
    "Actual24h_Week":  0.00418488839563313,
    "Estimate24h_Week":  0.0047963924913533,
    "ErrorRatio":  0.981926970247841
}
