{
    "Live":  0.00000000000001822259,
    "Minute":  0.00000000000001822259,
    "Minute_Fluctuation":  0.0042783230164188217,
    "Minute_5":  0.0000000000000181876705784334,
    "Minute_5_Fluctuation":  0.008119836822676578,
    "Minute_10":  0.0000000000000177860692226881,
    "Minute_10_Fluctuation":  0.084579055052869972,
    "Hour":  0.0000000000000145299968540956,
    "Hour_Fluctuation":  0.172043166730133,
    "Day":  0.0000000000000148123098727183,
    "Day_Fluctuation":  0.11341280517660686,
    "ThreeDay":  0.0000000000000148123098727183,
    "ThreeDay_Fluctuation":  0.11341280517660686,
    "Week":  0.0000000000000148123098727183,
    "Week_Fluctuation":  0.11341280517660686,
    "Duration":  "12:21:44.9711153",
    "Updated":  "\/Date(1640378869561)\/",
    "Failed":  0,
    "HashRate_Live":  0,
    "HashRate_Average":  1447134.2811310838,
    "BlockRate_Live":  0,
    "BlockRate_Average":  0.66848176760806044,
    "Diff_Live":  12288.4922,
    "Diff_Average":  16471.567697311628,
    "Actual24h_Week":  0.000181531410066656,
    "Estimate24h_Week":  0.0000156742469715248,
    "ErrorRatio":  1
}
