{
    "Live":  0.00000000661,
    "Minute":  0.00000000661,
    "Minute_Fluctuation":  0,
    "Minute_5":  0.00000000661,
    "Minute_5_Fluctuation":  0.041203212436739939,
    "Minute_10":  0.0000000064223627326804,
    "Minute_10_Fluctuation":  0.06412973910329732,
    "Hour":  0.0000000063533909126168,
    "Hour_Fluctuation":  0.075363982880460853,
    "Day":  0.00000000631358744234292,
    "Day_Fluctuation":  0.035468012501761181,
    "ThreeDay":  0.00000000631000670020931,
    "ThreeDay_Fluctuation":  0.030845698164323948,
    "Week":  0.00000000631000670020931,
    "Week_Fluctuation":  0.030845698164323948,
    "Duration":  "1.12:08:18.8643651",
    "Updated":  "\/Date(1640378710653)\/",
    "Failed":  0,
    "HashRate_Live":  194908,
    "HashRate_Average":  219660.00752334611,
    "BlockRate_Live":  1,
    "BlockRate_Average":  0.52589932632267133,
    "Diff_Live":  6.30396162,
    "Diff_Average":  6.4166671864948848,
    "Actual24h_Week":  0.00000479992024350613,
    "Estimate24h_Week":  0.00000247793187511531,
    "ErrorRatio":  1.3597855540474
}
