{
    "Live":  0.0000000042416,
    "Minute":  0.0000000042416,
    "Minute_Fluctuation":  0.053434166573532414,
    "Minute_5":  0.00000000414482151809795,
    "Minute_5_Fluctuation":  0.046922611445976391,
    "Minute_10":  0.00000000396973251150773,
    "Minute_10_Fluctuation":  0.11824321379410373,
    "Hour":  0.00000000361982975888303,
    "Hour_Fluctuation":  0.3190465009721048,
    "Day":  0.00000000380078620895003,
    "Day_Fluctuation":  0.35350436496978227,
    "ThreeDay":  0.00000000380078620895003,
    "ThreeDay_Fluctuation":  0.35350436496978233,
    "Week":  0.00000000380078620895003,
    "Week_Fluctuation":  0.35350436496978227,
    "Duration":  "12:21:44.9711153",
    "Updated":  "\/Date(1640378869813)\/",
    "Failed":  0,
    "HashRate_Live":  14586,
    "HashRate_Average":  10595.790884970538,
    "BlockRate_Live":  203,
    "BlockRate_Average":  237.62705370989462,
    "Diff_Live":  0.000716513921,
    "Diff_Average":  0.0009701929391509954,
    "Actual24h_Week":  0.00000337175283615283,
    "Estimate24h_Week":  0.0000039595537003128,
    "ErrorRatio":  0.978955903208087
}
