{
    "Live":  0.00000000000000084929,
    "Minute":  0.00000000000000084929,
    "Minute_Fluctuation":  0.055179165415122945,
    "Minute_5":  0.0000000000000008716010048912,
    "Minute_5_Fluctuation":  0.079236784135643668,
    "Minute_10":  0.0000000000000010383844065497,
    "Minute_10_Fluctuation":  0.37101101538499548,
    "Hour":  0.0000000000000026734270464859,
    "Hour_Fluctuation":  0.357426476184639,
    "Day":  0.0000000000000032955471075408,
    "Day_Fluctuation":  0.1997314673227373,
    "ThreeDay":  0.0000000000000032955471075408,
    "ThreeDay_Fluctuation":  0.1997314673227373,
    "Week":  0.0000000000000032955471075408,
    "Week_Fluctuation":  0.1997314673227373,
    "Duration":  "12:21:44.9711153",
    "Updated":  "\/Date(1640378869589)\/",
    "Failed":  0,
    "HashRate_Live":  11121789179,
    "HashRate_Average":  4175551713.47408,
    "BlockRate_Live":  234,
    "BlockRate_Average":  176.43168877936105,
    "Diff_Live":  378.746614,
    "Diff_Average":  201.14950702291597,
    "Actual24h_Week":  0.00000307232198191692,
    "Estimate24h_Week":  0.00000326585801164233,
    "ErrorRatio":  0.99159938974554
}
