{
    "Live":  0.00000033844051,
    "Minute":  0.00000033844051,
    "Minute_Fluctuation":  0,
    "Minute_5":  0.00000033844051,
    "Minute_5_Fluctuation":  0.001693789296335276,
    "Minute_10":  0.000000338433742456282,
    "Minute_10_Fluctuation":  0.0038547247268005233,
    "Hour":  0.000000351641214565491,
    "Hour_Fluctuation":  0.033478371946620358,
    "Day":  0.000000360473121882011,
    "Day_Fluctuation":  0.03426445816118999,
    "ThreeDay":  0.000000360473121882011,
    "ThreeDay_Fluctuation":  0.03426445816118999,
    "Week":  0.000000360473121882011,
    "Week_Fluctuation":  0.03426445816118999,
    "Duration":  "12:21:44.9711153",
    "Updated":  "\/Date(1640378867987)\/",
    "Failed":  0,
    "HashRate_Live":  98,
    "HashRate_Average":  582.18873173514044,
    "BlockRate_Live":  0,
    "BlockRate_Average":  0,
    "Diff_Live":  189142.75477265,
    "Diff_Average":  188512.07612318391,
    "Actual24h_Week":  0.000334985234213834,
    "Estimate24h_Week":  0.000363994801239179,
    "ErrorRatio":  0.988702239243326
}
