{
    "Live":  0.00000000000023379,
    "Minute":  0.00000000000023379,
    "Minute_Fluctuation":  0.0444680590182695,
    "Minute_5":  0.00000000000023868402687936,
    "Minute_5_Fluctuation":  0.17406106299291563,
    "Minute_10":  0.000000000000274531329389932,
    "Minute_10_Fluctuation":  0.30176227008823336,
    "Hour":  0.00000000000028174497623893,
    "Hour_Fluctuation":  0.32934841500421369,
    "Day":  0.000000000000203320709267497,
    "Day_Fluctuation":  0.25529855487041991,
    "ThreeDay":  0.000000000000195784588207808,
    "ThreeDay_Fluctuation":  0.21621359418038655,
    "Week":  0.000000000000195784588207808,
    "Week_Fluctuation":  0.21621359418038655,
    "Duration":  "1.12:07:13.2212229",
    "Updated":  "\/Date(1640378866394)\/",
    "Failed":  0,
    "HashRate_Live":  55519750,
    "HashRate_Average":  37525162.293260053,
    "BlockRate_Live":  782,
    "BlockRate_Average":  803.954349163432,
    "Diff_Live":  1.42331248,
    "Diff_Average":  1.1887042124481086,
    "Actual24h_Week":  0.0000684263436038313,
    "Estimate24h_Week":  0.000125872040730675,
    "ErrorRatio":  0.824850662630266
}
