{
    "Live":  0.00000000000000338157,
    "Minute":  0.00000000000000338157,
    "Minute_Fluctuation":  0.21207482279914441,
    "Minute_5":  0.00000000000000379098143794,
    "Minute_5_Fluctuation":  0.17386777182268892,
    "Minute_10":  0.0000000000000039525732441936,
    "Minute_10_Fluctuation":  0.11736737688165547,
    "Hour":  0.0000000000000041637965963384,
    "Hour_Fluctuation":  0.12773529970405179,
    "Day":  0.0000000000000038358326379338,
    "Day_Fluctuation":  0.185342098829394,
    "ThreeDay":  0.0000000000000038358326379338,
    "ThreeDay_Fluctuation":  0.185342098829394,
    "Week":  0.0000000000000038358326379338,
    "Week_Fluctuation":  0.185342098829394,
    "Duration":  "12:21:44.9711153",
    "Updated":  "\/Date(1640378869380)\/",
    "Failed":  0,
    "HashRate_Live":  241912188975,
    "HashRate_Average":  222889602943.0704,
    "BlockRate_Live":  0,
    "BlockRate_Average":  2.8050789109862526,
    "Diff_Live":  2035588.91,
    "Diff_Average":  1715656.265864173,
    "Actual24h_Week":  0.00000593275961302251,
    "Estimate24h_Week":  0.00000361237015886392,
    "ErrorRatio":  1
}
