{
    "Live":  0.00000000000000026932,
    "Minute":  0.00000000000000026932,
    "Minute_Fluctuation":  0,
    "Minute_5":  0.00000000000000026932,
    "Minute_5_Fluctuation":  0.16222446356719017,
    "Minute_10":  0.0000000000000003152436728579,
    "Minute_10_Fluctuation":  0.406518258409418,
    "Hour":  0.0000000000000002700839232892,
    "Hour_Fluctuation":  0.14379142717411802,
    "Day":  0.0000000000000002344002601223,
    "Day_Fluctuation":  0.091441272006790725,
    "ThreeDay":  0.0000000000000002344002601223,
    "ThreeDay_Fluctuation":  0.0914412720067907,
    "Week":  0.0000000000000002344002601223,
    "Week_Fluctuation":  0.0914412720067907,
    "Duration":  "11:25:59.7566772",
    "Updated":  "\/Date(1640378725932)\/",
    "Failed":  0,
    "HashRate_Live":  0,
    "HashRate_Average":  22613599300.096943,
    "BlockRate_Live":  90,
    "BlockRate_Average":  47.864022932504504,
    "Diff_Live":  8288.18007,
    "Diff_Average":  7848.021819125257,
    "Actual24h_Week":  0.0000000680665635829754,
    "Estimate24h_Week":  0.00000139075303107958,
    "ErrorRatio":  0.874956064044123
}
