{
    "Live":  0.00000000000000114,
    "Minute":  0.00000000000000114,
    "Minute_Fluctuation":  0.042016806722688933,
    "Minute_5":  0.00000000000000116249093235,
    "Minute_5_Fluctuation":  0.047783886678066871,
    "Minute_10":  0.0000000000000011718199538417,
    "Minute_10_Fluctuation":  0.037489227673877717,
    "Hour":  0.0000000000000012629247111949,
    "Hour_Fluctuation":  0.099104769654013533,
    "Day":  0.0000000000000011125221120813,
    "Day_Fluctuation":  0.090786579606989465,
    "ThreeDay":  0.0000000000000010962161613099,
    "ThreeDay_Fluctuation":  0.076853800350305118,
    "Week":  0.0000000000000010962161613099,
    "Week_Fluctuation":  0.076853800350305118,
    "Duration":  "1.12:08:18.8643651",
    "Updated":  "\/Date(1640378864717)\/",
    "Failed":  0,
    "HashRate_Live":  77458395153,
    "HashRate_Average":  90691925391.5914,
    "BlockRate_Live":  268,
    "BlockRate_Average":  266.8122993519255,
    "Diff_Live":  6972.18652,
    "Diff_Average":  6412.4606294716186,
    "Actual24h_Week":  0.000000454396663860783,
    "Estimate24h_Week":  0.000000494310548518497,
    "ErrorRatio":  0.968997468044983
}
