{
    "Live":  0.00000000000508795,
    "Minute":  0.00000000000508795,
    "Minute_Fluctuation":  1.5723177733018012E-05,
    "Minute_5":  0.00000000000508798598549176,
    "Minute_5_Fluctuation":  0.067427797643767343,
    "Minute_10":  0.00000000000486246735256709,
    "Minute_10_Fluctuation":  0.075617567126704616,
    "Hour":  0.00000000000453071049830166,
    "Hour_Fluctuation":  0.038036475169586428,
    "Day":  0.00000000000415720115008471,
    "Day_Fluctuation":  0.067422991882126915,
    "ThreeDay":  0.00000000000415720115008471,
    "ThreeDay_Fluctuation":  0.067422991882126915,
    "Week":  0.00000000000415720115008471,
    "Week_Fluctuation":  0.067422991882126915,
    "Duration":  "12:21:44.9711153",
    "Updated":  "\/Date(1640378869360)\/",
    "Failed":  0,
    "HashRate_Live":  18824866,
    "HashRate_Average":  15364030.618121389,
    "BlockRate_Live":  454,
    "BlockRate_Average":  427.55982143767233,
    "Diff_Live":  0.559994189,
    "Diff_Average":  0.6735678560506515,
    "Actual24h_Week":  0.00000411758846484562,
    "Estimate24h_Week":  0.00000400624454023762,
    "ErrorRatio":  1
}
