{
    "Live":  0.00000098342866,
    "Minute":  0.00000098342866,
    "Minute_Fluctuation":  0,
    "Minute_5":  0.00000098342866,
    "Minute_5_Fluctuation":  0.00026196766926024634,
    "Minute_10":  0.000000985771959365033,
    "Minute_10_Fluctuation":  0.013969095217514764,
    "Hour":  0.000000999873766157962,
    "Hour_Fluctuation":  0.039144060735907586,
    "Day":  0.0000010245410947785,
    "Day_Fluctuation":  0.052332707644620183,
    "ThreeDay":  0.0000010245410947785,
    "ThreeDay_Fluctuation":  0.05233270764462019,
    "Week":  0.0000010245410947785,
    "Week_Fluctuation":  0.05233270764462019,
    "Duration":  "12:21:44.9711153",
    "Updated":  "\/Date(1640378869971)\/",
    "Failed":  0,
    "HashRate_Live":  18024,
    "HashRate_Average":  14830.887593114825,
    "BlockRate_Live":  325,
    "BlockRate_Average":  319.72128976011163,
    "Diff_Live":  586.55073527805,
    "Diff_Average":  477.45217847527516,
    "Actual24h_Week":  0.000830498445607289,
    "Estimate24h_Week":  0.00106488886442294,
    "ErrorRatio":  0.96879803989764
}
