{
    "Live":  0.00000000000015336142,
    "Minute":  0.00000000000015336142,
    "Minute_Fluctuation":  0.054917906305123158,
    "Minute_5":  0.00000000000015737006883647,
    "Minute_5_Fluctuation":  0.066444115350375116,
    "Minute_10":  0.000000000000165354221464864,
    "Minute_10_Fluctuation":  0.10010626866183721,
    "Hour":  0.000000000000181887533276044,
    "Hour_Fluctuation":  0.13871331271762841,
    "Day":  0.000000000000173472674310733,
    "Day_Fluctuation":  0.16391245498806808,
    "ThreeDay":  0.000000000000173472674310733,
    "ThreeDay_Fluctuation":  0.16391245498806808,
    "Week":  0.000000000000173472674310733,
    "Week_Fluctuation":  0.16391245498806808,
    "Duration":  "12:21:44.9711153",
    "Updated":  "\/Date(1640378869245)\/",
    "Failed":  0,
    "HashRate_Live":  0,
    "HashRate_Average":  1278323.9750479511,
    "BlockRate_Live":  0,
    "BlockRate_Average":  0,
    "Diff_Live":  3201.56195,
    "Diff_Average":  3201.56195,
    "Actual24h_Week":  0,
    "Estimate24h_Week":  0.000175026911842223,
    "ErrorRatio":  0.858242414391074
}
