{
    "Live":  0.00000000003972,
    "Minute":  0.00000000003972,
    "Minute_Fluctuation":  0,
    "Minute_5":  0.00000000003972,
    "Minute_5_Fluctuation":  0.0976073542350398,
    "Minute_10":  0.0000000000425249124215552,
    "Minute_10_Fluctuation":  0.14051932549844318,
    "Hour":  0.0000000000428209508646192,
    "Hour_Fluctuation":  0.16854601809509362,
    "Day":  0.0000000000525020644417518,
    "Day_Fluctuation":  0.09340736330398014,
    "ThreeDay":  0.0000000000534751838170906,
    "ThreeDay_Fluctuation":  0.08152365986208851,
    "Week":  0.0000000000534751838170906,
    "Week_Fluctuation":  0.0815236598620885,
    "Duration":  "1.12:07:13.2212229",
    "Updated":  "\/Date(1640378712911)\/",
    "Failed":  0,
    "HashRate_Live":  306766250,
    "HashRate_Average":  228807362.61162525,
    "BlockRate_Live":  287,
    "BlockRate_Average":  233.85757381730247,
    "Diff_Live":  19.1123997,
    "Diff_Average":  19.061704740148222,
    "Actual24h_Week":  0.0000167409632362456,
    "Estimate24h_Week":  0.0000172258711653371,
    "ErrorRatio":  0.989196652178552
}
