{
    "Live":  0.00000000566148,
    "Minute":  0.00000000566148,
    "Minute_Fluctuation":  0.013334574313851155,
    "Minute_5":  0.0000000056279685107985,
    "Minute_5_Fluctuation":  0.032058641685851208,
    "Minute_10":  0.00000000549618466880768,
    "Minute_10_Fluctuation":  0.044092395726135984,
    "Hour":  0.00000000492852518859451,
    "Hour_Fluctuation":  0.0881451820982301,
    "Day":  0.00000000434602240991269,
    "Day_Fluctuation":  0.13421818219720072,
    "ThreeDay":  0.00000000434602240991269,
    "ThreeDay_Fluctuation":  0.13421818219720072,
    "Week":  0.00000000434602240991269,
    "Week_Fluctuation":  0.13421818219720072,
    "Duration":  "12:21:44.9711153",
    "Updated":  "\/Date(1640378868636)\/",
    "Failed":  0,
    "HashRate_Live":  16933,
    "HashRate_Average":  14575.631006314501,
    "BlockRate_Live":  52,
    "BlockRate_Average":  44.035467241283314,
    "Diff_Live":  0.00652768171,
    "Diff_Average":  0.0073050680776543192,
    "Actual24h_Week":  0.00000433857110615875,
    "Estimate24h_Week":  0.00000444556645665558,
    "ErrorRatio":  0.996588195743851
}
