{
    "Live":  0.00000000000201341,
    "Minute":  0.00000000000201341,
    "Minute_Fluctuation":  0.011179469150993118,
    "Minute_5":  0.00000000000200339703691778,
    "Minute_5_Fluctuation":  0.014442580953925706,
    "Minute_10":  0.0000000000019786300191532,
    "Minute_10_Fluctuation":  0.023895904945976647,
    "Hour":  0.00000000000192311163241008,
    "Hour_Fluctuation":  0.031810405782525482,
    "Day":  0.00000000000178261580516674,
    "Day_Fluctuation":  0.045833591176030836,
    "ThreeDay":  0.00000000000178261580516674,
    "ThreeDay_Fluctuation":  0.045833591176030836,
    "Week":  0.00000000000178261580516674,
    "Week_Fluctuation":  0.045833591176030836,
    "Duration":  "12:21:44.9711153",
    "Updated":  "\/Date(1640378869566)\/",
    "Failed":  0,
    "HashRate_Live":  199156867,
    "HashRate_Average":  277634654.26542181,
    "BlockRate_Live":  0,
    "BlockRate_Average":  0,
    "Diff_Live":  97057.7334,
    "Diff_Average":  98046.423457899553,
    "Actual24h_Week":  0,
    "Estimate24h_Week":  0.00000178725605967092,
    "ErrorRatio":  0.858242414391074
}
