{
    "Live":  0.00000000000000004381,
    "Minute":  0.00000000000000004381,
    "Minute_Fluctuation":  0.22067428252995286,
    "Minute_5":  0.0000000000000000402474363158,
    "Minute_5_Fluctuation":  0.37106575136141673,
    "Minute_10":  0.0000000000000000493232102915,
    "Minute_10_Fluctuation":  0.4086834698545132,
    "Hour":  0.0000000000000000395007417072,
    "Hour_Fluctuation":  0.38892646407757425,
    "Day":  0.0000000000000000300985699216,
    "Day_Fluctuation":  0.1159607482233599,
    "ThreeDay":  0.0000000000000000296083925872,
    "ThreeDay_Fluctuation":  0.098691242125761428,
    "Week":  0.0000000000000000296083925872,
    "Week_Fluctuation":  0.098691242125761428,
    "Duration":  "1.12:08:18.8643651",
    "Updated":  "\/Date(1640378864945)\/",
    "Failed":  0,
    "HashRate_Live":  7820231006076,
    "HashRate_Average":  6752959748510.6836,
    "BlockRate_Live":  16,
    "BlockRate_Average":  23.187953181902213,
    "Diff_Live":  4454307.2225,
    "Diff_Average":  5658160.7451340556,
    "Actual24h_Week":  0.0000116515383569137,
    "Estimate24h_Week":  0.0000127956856465795,
    "ErrorRatio":  0.96566860756724
}
