{
    "Live":  0.00000000000000000525223994,
    "Minute":  0.00000000000000000525223994,
    "Minute_Fluctuation":  4.1610645379313443E-05,
    "Minute_5":  0.0000000000000000052521416366,
    "Minute_5_Fluctuation":  0.00704355372694093,
    "Minute_10":  0.0000000000000000052445485616,
    "Minute_10_Fluctuation":  0.011045942781066895,
    "Hour":  0.0000000000000000056052158619,
    "Hour_Fluctuation":  0.055790957067521456,
    "Day":  0.0000000000000000055263271691,
    "Day_Fluctuation":  0.076152344404145089,
    "ThreeDay":  0.0000000000000000055263271691,
    "ThreeDay_Fluctuation":  0.076152344404145089,
    "Week":  0.0000000000000000055263271691,
    "Week_Fluctuation":  0.076152344404145089,
    "Duration":  "12:21:44.9711153",
    "Updated":  "\/Date(1640378869290)\/",
    "Failed":  0,
    "HashRate_Live":  810165994990000,
    "HashRate_Average":  994605015159579.5,
    "BlockRate_Live":  192,
    "BlockRate_Average":  183.93784087560431,
    "Diff_Live":  29615225.2,
    "Diff_Average":  29230808.938389663,
    "Actual24h_Week":  0.00206356214813007,
    "Estimate24h_Week":  0.00538284227003501,
    "ErrorRatio":  0.912586490103882
}
