{
    "Live":  0.00000000022596,
    "Minute":  0.00000000022596,
    "Minute_Fluctuation":  0,
    "Minute_5":  0.00000000022596,
    "Minute_5_Fluctuation":  0.045577814081279595,
    "Minute_10":  0.000000000237136566803106,
    "Minute_10_Fluctuation":  0.083738673663633523,
    "Hour":  0.000000000233559240207241,
    "Hour_Fluctuation":  0.1100784841829108,
    "Day":  0.000000000200495998420583,
    "Day_Fluctuation":  0.14393420388766462,
    "ThreeDay":  0.000000000200495998420583,
    "ThreeDay_Fluctuation":  0.14393420388766462,
    "Week":  0.000000000200495998420583,
    "Week_Fluctuation":  0.14393420388766462,
    "Duration":  "12:21:44.9711153",
    "Updated":  "\/Date(1640378869891)\/",
    "Failed":  0,
    "HashRate_Live":  482605,
    "HashRate_Average":  494984.94570749422,
    "BlockRate_Live":  18,
    "BlockRate_Average":  20.33208966590561,
    "Diff_Live":  0.384150952,
    "Diff_Average":  0.39545530513892574,
    "Actual24h_Week":  0.000000244355027588555,
    "Estimate24h_Week":  0.000000194785420898283,
    "ErrorRatio":  1
}
