{
    "Live":  0.00000000000000000425252662,
    "Minute":  0.00000000000000000425252662,
    "Minute_Fluctuation":  0,
    "Minute_5":  0.00000000000000000425252662,
    "Minute_5_Fluctuation":  0.00051529659553771218,
    "Minute_10":  0.0000000000000000042932031931,
    "Minute_10_Fluctuation":  0.033079939282279772,
    "Hour":  0.0000000000000000047572486363,
    "Hour_Fluctuation":  0.047932000921473719,
    "Day":  0.0000000000000000050246828079,
    "Day_Fluctuation":  0.018712010727409106,
    "ThreeDay":  0.0000000000000000050246828079,
    "ThreeDay_Fluctuation":  0.018712010727409106,
    "Week":  0.0000000000000000050246828079,
    "Week_Fluctuation":  0.018712010727409106,
    "Duration":  "12:21:44.9711153",
    "Updated":  "\/Date(1640378869486)\/",
    "Failed":  0,
    "HashRate_Live":  2745905679053,
    "HashRate_Average":  1048124936052673.4,
    "BlockRate_Live":  0,
    "BlockRate_Average":  7.087354494641418,
    "Diff_Live":  3209288890,
    "Diff_Average":  2928990384.9488835,
    "Actual24h_Week":  0.0034747573574396,
    "Estimate24h_Week":  0.0049568116116058,
    "ErrorRatio":  0.957615409002002
}
