{
    "Live":  0.00000000000000000192536334,
    "Minute":  0.00000000000000000192536334,
    "Minute_Fluctuation":  0.16619655956120263,
    "Minute_5":  0.0000000000000000020979902512,
    "Minute_5_Fluctuation":  0.10071588734430159,
    "Minute_10":  0.0000000000000000025113542871,
    "Minute_10_Fluctuation":  0.30586110425609792,
    "Hour":  0.0000000000000000045422041509,
    "Hour_Fluctuation":  0.24977934865065263,
    "Day":  0.0000000000000000052839466407,
    "Day_Fluctuation":  0.13519325114662262,
    "ThreeDay":  0.0000000000000000052839466407,
    "ThreeDay_Fluctuation":  0.13519325114662262,
    "Week":  0.0000000000000000052839466407,
    "Week_Fluctuation":  0.13519325114662262,
    "Duration":  "12:21:44.9711153",
    "Updated":  "\/Date(1640378868585)\/",
    "Failed":  0,
    "HashRate_Live":  773323031600900,
    "HashRate_Average":  4659138994650755,
    "BlockRate_Live":  77,
    "BlockRate_Average":  77.459343016181549,
    "Diff_Live":  3739679030,
    "Diff_Average":  1890314942.1633675,
    "Actual24h_Week":  0.00468584143810073,
    "Estimate24h_Week":  0.00524727098111717,
    "ErrorRatio":  0.984832706983509
}
