{
    "Live":  0.00000000000000000000163762,
    "Minute":  0.00000000000000000000163762,
    "Minute_Fluctuation":  0,
    "Minute_5":  0.00000000000000000000163762,
    "Minute_5_Fluctuation":  0.0016125799779771362,
    "Minute_10":  0.0000000000000000000018016691,
    "Minute_10_Fluctuation":  0.059679660434858804,
    "Hour":  0.000000000000000000004211713,
    "Hour_Fluctuation":  0.18311801433923222,
    "Day":  0.000000000000000000004975928,
    "Day_Fluctuation":  0.16758239269481803,
    "ThreeDay":  0.000000000000000000004975928,
    "ThreeDay_Fluctuation":  0.167582392694818,
    "Week":  0.000000000000000000004975928,
    "Week_Fluctuation":  0.16758239269481803,
    "Duration":  "12:21:44.9711153",
    "Updated":  "\/Date(1640378205598)\/",
    "Failed":  0,
    "HashRate_Live":  0,
    "HashRate_Average":  0,
    "BlockRate_Live":  2,
    "BlockRate_Average":  3.3223422452450171,
    "Diff_Live":  53006452500,
    "Diff_Average":  29122768465.783844,
    "Actual24h_Week":  0,
    "Estimate24h_Week":  0.00000296824191945491,
    "ErrorRatio":  0.858242414391074
}
