{
    "Live":  0.00000000000003836924,
    "Minute":  0.00000000000003836924,
    "Minute_Fluctuation":  0,
    "Minute_5":  0.00000000000003836924,
    "Minute_5_Fluctuation":  0.00027942665525334962,
    "Minute_10":  0.0000000000000396370077411949,
    "Minute_10_Fluctuation":  0.12632131751853842,
    "Hour":  0.0000000000000882244836015334,
    "Hour_Fluctuation":  0.47590809653689575,
    "Day":  0.0000000000000862964023396471,
    "Day_Fluctuation":  0.71208675843795455,
    "ThreeDay":  0.0000000000000862964023396471,
    "ThreeDay_Fluctuation":  0.71208675843795455,
    "Week":  0.0000000000000862964023396471,
    "Week_Fluctuation":  0.71208675843795455,
    "Duration":  "08:22:41.7761751",
    "Updated":  "\/Date(1640378869963)\/",
    "Failed":  0,
    "HashRate_Live":  1547803761,
    "HashRate_Average":  7442245839.7440176,
    "BlockRate_Live":  49,
    "BlockRate_Average":  58.053603825488949,
    "Diff_Live":  9700.9942,
    "Diff_Average":  7869.8056480798414,
    "Actual24h_Week":  0.0000840311021408662,
    "Estimate24h_Week":  0.0000932578335696555,
    "ErrorRatio":  0.990377872587632
}
