{
    "Live":  0.00000000000018673,
    "Minute":  0.00000000000018673,
    "Minute_Fluctuation":  0,
    "Minute_5":  0.00000000000018673,
    "Minute_5_Fluctuation":  0.034264375445082311,
    "Minute_10":  0.000000000000191740391417229,
    "Minute_10_Fluctuation":  0.044164681099107587,
    "Hour":  0.000000000000196183005611916,
    "Hour_Fluctuation":  0.05995031322102351,
    "Day":  0.000000000000234498517785366,
    "Day_Fluctuation":  0.14063019309723082,
    "ThreeDay":  0.000000000000234498517785366,
    "ThreeDay_Fluctuation":  0.14063019309723082,
    "Week":  0.000000000000234498517785366,
    "Week_Fluctuation":  0.14063019309723082,
    "Duration":  "12:21:44.9711153",
    "Updated":  "\/Date(1640378727626)\/",
    "Failed":  0,
    "HashRate_Live":  0,
    "HashRate_Average":  1498990.0420265323,
    "BlockRate_Live":  0,
    "BlockRate_Average":  0,
    "Diff_Live":  30.8727455,
    "Diff_Average":  29.534758712227283,
    "Actual24h_Week":  0,
    "Estimate24h_Week":  0.00000024390251275724,
    "ErrorRatio":  0.858242414391074
}
