{
    "Live":  0.00000000000016427,
    "Minute":  0.00000000000016427,
    "Minute_Fluctuation":  0,
    "Minute_5":  0.00000000000016427,
    "Minute_5_Fluctuation":  0.0029318510652215526,
    "Minute_10":  0.00000000000015539952227649,
    "Minute_10_Fluctuation":  0.27816090786003839,
    "Hour":  0.0000000000000573371986663945,
    "Hour_Fluctuation":  0.7858888816596733,
    "Day":  0.0000000000000069152700857636,
    "Day_Fluctuation":  0.49048550365459143,
    "ThreeDay":  0.0000000000000060589535653637,
    "ThreeDay_Fluctuation":  0.3516142360650365,
    "Week":  0.0000000000000060589535653637,
    "Week_Fluctuation":  0.35161423606503656,
    "Duration":  "1.12:07:13.2212229",
    "Updated":  "\/Date(1640377028369)\/",
    "Failed":  0,
    "HashRate_Live":  0,
    "HashRate_Average":  10878429271.563293,
    "BlockRate_Live":  1,
    "BlockRate_Average":  25.158086307628007,
    "Diff_Live":  3353.1605548895,
    "Diff_Average":  3230.975868810699,
    "Actual24h_Week":  0.0000012419567454319,
    "Estimate24h_Week":  0.00000385909569474851,
    "ErrorRatio":  0.739731564985441
}
