{
    "Live":  0.00000000000000028985,
    "Minute":  0.00000000000000028985,
    "Minute_Fluctuation":  0.053387120220962529,
    "Minute_5":  0.0000000000000002832421640756,
    "Minute_5_Fluctuation":  0.062194294603542061,
    "Minute_10":  0.0000000000000002779241041336,
    "Minute_10_Fluctuation":  0.085155042290092048,
    "Hour":  0.0000000000000003392477058538,
    "Hour_Fluctuation":  0.18442444575428024,
    "Day":  0.0000000000000003712892884603,
    "Day_Fluctuation":  0.2310032992284736,
    "ThreeDay":  0.0000000000000003712892884603,
    "ThreeDay_Fluctuation":  0.2310032992284736,
    "Week":  0.0000000000000003712892884603,
    "Week_Fluctuation":  0.2310032992284736,
    "Duration":  "12:21:44.9711153",
    "Updated":  "\/Date(1640378869522)\/",
    "Failed":  0,
    "HashRate_Live":  40168824801,
    "HashRate_Average":  66079686605.2495,
    "BlockRate_Live":  103,
    "BlockRate_Average":  79.486588557981278,
    "Diff_Live":  71714.3676,
    "Diff_Average":  66218.939908186119,
    "Actual24h_Week":  0.000000398306419121525,
    "Estimate24h_Week":  0.000000381730051495139,
    "ErrorRatio":  1
}
