{
    "Live":  0.00000000000005166892,
    "Minute":  0.00000000000005166892,
    "Minute_Fluctuation":  0,
    "Minute_5":  0.00000000000005166892,
    "Minute_5_Fluctuation":  0,
    "Minute_10":  0.00000000000005166892,
    "Minute_10_Fluctuation":  0,
    "Hour":  0.00000000000005166892,
    "Hour_Fluctuation":  0,
    "Day":  0.00000000000005166892,
    "Day_Fluctuation":  0,
    "ThreeDay":  0.00000000000005166892,
    "ThreeDay_Fluctuation":  0,
    "Week":  0.00000000000005166892,
    "Week_Fluctuation":  0,
    "Duration":  "00:28:17.9657982",
    "Updated":  "\/Date(1640097202880)\/",
    "Failed":  0,
    "HashRate_Live":  0,
    "HashRate_Average":  0,
    "BlockRate_Live":  0,
    "BlockRate_Average":  5.130369218055824,
    "Diff_Live":  8.08775698,
    "Diff_Average":  8.08775698,
    "Actual24h_Week":  0.00000265607173541839,
    "Estimate24h_Week":  0.0000527197299257095,
    "ErrorRatio":  0.994675406107871
}
