{
    "Live":  0.00000000000000002758,
    "Minute":  0.00000000000000002758,
    "Minute_Fluctuation":  0,
    "Minute_5":  0.00000000000000002758,
    "Minute_5_Fluctuation":  0.024146281713871513,
    "Minute_10":  0.0000000000000000264905733227,
    "Minute_10_Fluctuation":  0.29186501997026049,
    "Hour":  0.0000000000000000129602543616,
    "Hour_Fluctuation":  0.8271878952093521,
    "Day":  0.0000000000000000062597681714,
    "Day_Fluctuation":  0.31749895005149487,
    "ThreeDay":  0.0000000000000000062597681714,
    "ThreeDay_Fluctuation":  0.31749895005149487,
    "Week":  0.0000000000000000062597681714,
    "Week_Fluctuation":  0.31749895005149487,
    "Duration":  "12:21:44.9711153",
    "Updated":  "\/Date(1640378867638)\/",
    "Failed":  0,
    "HashRate_Live":  725120588441,
    "HashRate_Average":  814224020340.56055,
    "BlockRate_Live":  316,
    "BlockRate_Average":  195.93743516820842,
    "Diff_Live":  28843.234,
    "Diff_Average":  106390.27769219593,
    "Actual24h_Week":  0.000000000318054287113281,
    "Estimate24h_Week":  0.0000000103180542871133,
    "ErrorRatio":  0.862612095590567
}
