{
    "Live":  0.00000000000000336,
    "Minute":  0.00000000000000336,
    "Minute_Fluctuation":  0.16625310173697277,
    "Minute_5":  0.00000000000000366137849349,
    "Minute_5_Fluctuation":  0.11643415598327761,
    "Minute_10":  0.0000000000000038406183832437,
    "Minute_10_Fluctuation":  0.085439927318627554,
    "Hour":  0.0000000000000041447895690425,
    "Hour_Fluctuation":  0.13274438116982393,
    "Day":  0.0000000000000044533133007376,
    "Day_Fluctuation":  0.077422541184442167,
    "ThreeDay":  0.0000000000000044994076480122,
    "ThreeDay_Fluctuation":  0.067512678773595264,
    "Week":  0.0000000000000044994076480122,
    "Week_Fluctuation":  0.067512678773595264,
    "Duration":  "1.12:07:13.2212229",
    "Updated":  "\/Date(1640378865938)\/",
    "Failed":  0,
    "HashRate_Live":  274002718595,
    "HashRate_Average":  263420429338.30438,
    "BlockRate_Live":  467,
    "BlockRate_Average":  505.43010775892657,
    "Diff_Live":  359788.08628649992,
    "Diff_Average":  308147.92896559363,
    "Actual24h_Week":  0.00000210021863771055,
    "Estimate24h_Week":  0.00000145983686147131,
    "ErrorRatio":  1.1683506923138
}
