{
    "Live":  0.00000000000334352,
    "Minute":  0.00000000000334352,
    "Minute_Fluctuation":  0,
    "Minute_5":  0.00000000000334352,
    "Minute_5_Fluctuation":  0.00059183152335189331,
    "Minute_10":  0.00000000000331366008906219,
    "Minute_10_Fluctuation":  0.042356948488280831,
    "Hour":  0.000000000004035333068727,
    "Hour_Fluctuation":  0.30714711495935376,
    "Day":  0.0000000000057996287167281,
    "Day_Fluctuation":  0.24829738102045207,
    "ThreeDay":  0.0000000000057996287167281,
    "ThreeDay_Fluctuation":  0.24829738102045207,
    "Week":  0.0000000000057996287167281,
    "Week_Fluctuation":  0.24829738102045207,
    "Duration":  "12:21:44.9711153",
    "Updated":  "\/Date(1640378725413)\/",
    "Failed":  0,
    "HashRate_Live":  0,
    "HashRate_Average":  2568948.4696561154,
    "BlockRate_Live":  174,
    "BlockRate_Average":  217.721720891641,
    "Diff_Live":  2.62023809,
    "Diff_Average":  2.6413707652858753,
    "Actual24h_Week":  0.00000352237499135565,
    "Estimate24h_Week":  0.00000537469340037653,
    "ErrorRatio":  0.951145085704168
}
