{
    "Live":  0.00000000000000272,
    "Minute":  0.00000000000000272,
    "Minute_Fluctuation":  0,
    "Minute_5":  0.00000000000000272,
    "Minute_5_Fluctuation":  0.049732522296494573,
    "Minute_10":  0.0000000000000026551439433145,
    "Minute_10_Fluctuation":  0.080454400373768789,
    "Hour":  0.0000000000000026697802086975,
    "Hour_Fluctuation":  0.1451708760108788,
    "Day":  0.0000000000000029052421155831,
    "Day_Fluctuation":  0.067299981790656382,
    "ThreeDay":  0.0000000000000029246456182113,
    "ThreeDay_Fluctuation":  0.058224484262428468,
    "Week":  0.0000000000000029246456182113,
    "Week_Fluctuation":  0.058224484262428468,
    "Duration":  "1.12:08:18.8643651",
    "Updated":  "\/Date(1640378865643)\/",
    "Failed":  0,
    "HashRate_Live":  441653479912,
    "HashRate_Average":  388030203305.10803,
    "BlockRate_Live":  13,
    "BlockRate_Average":  11.996697268400153,
    "Diff_Live":  562206.771,
    "Diff_Average":  602979.55418334785,
    "Actual24h_Week":  0.00000100400648320106,
    "Estimate24h_Week":  0.00000102574854033115,
    "ErrorRatio":  0.991861717351859
}
