{
    "Live":  0.0000000000000031145,
    "Minute":  0.0000000000000031145,
    "Minute_Fluctuation":  0,
    "Minute_5":  0.0000000000000031145,
    "Minute_5_Fluctuation":  0.052478354165715918,
    "Minute_10":  0.0000000000000030213105843474,
    "Minute_10_Fluctuation":  0.10210676316258603,
    "Hour":  0.0000000000000030071361715709,
    "Hour_Fluctuation":  0.21033189511700384,
    "Day":  0.0000000000000027785828121793,
    "Day_Fluctuation":  0.23696813090174559,
    "ThreeDay":  0.0000000000000027785828121793,
    "ThreeDay_Fluctuation":  0.23696813090174554,
    "Week":  0.0000000000000027785828121793,
    "Week_Fluctuation":  0.23696813090174559,
    "Duration":  "12:21:44.9711153",
    "Updated":  "\/Date(1640378869954)\/",
    "Failed":  0,
    "HashRate_Live":  18728691657,
    "HashRate_Average":  33774170054.671516,
    "BlockRate_Live":  9,
    "BlockRate_Average":  6.8444076318271616,
    "Diff_Live":  119511.973,
    "Diff_Average":  130500.55389344499,
    "Actual24h_Week":  0.00000239714620209145,
    "Estimate24h_Week":  0.00000254449507546842,
    "ErrorRatio":  0.991790976239846
}
