{
    "Live":  0.0000000218,
    "Minute":  0.0000000218,
    "Minute_Fluctuation":  0.006928406466512764,
    "Minute_5":  0.00000002173252720295,
    "Minute_5_Fluctuation":  0.052207872716537283,
    "Minute_10":  0.0000000207491957882758,
    "Minute_10_Fluctuation":  0.1015229219101422,
    "Hour":  0.0000000201157903211812,
    "Hour_Fluctuation":  0.10449712048298122,
    "Day":  0.0000000216800892711437,
    "Day_Fluctuation":  0.046729014838229881,
    "ThreeDay":  0.0000000218185502834649,
    "ThreeDay_Fluctuation":  0.0383501266057049,
    "Week":  0.0000000218185502834649,
    "Week_Fluctuation":  0.0383501266057049,
    "Duration":  "1.12:08:18.8643651",
    "Updated":  "\/Date(1640378865103)\/",
    "Failed":  0,
    "HashRate_Live":  182803,
    "HashRate_Average":  234899.72186780814,
    "BlockRate_Live":  126,
    "BlockRate_Average":  110.57126601088594,
    "Diff_Live":  179182714.33333334,
    "Diff_Average":  178583105.98667359,
    "Actual24h_Week":  0.0000075442211502812,
    "Estimate24h_Week":  0.00000810663030727172,
    "ErrorRatio":  0.973363015420056
}
