{
    "Live":  0.00000000000001791,
    "Minute":  0.00000000000001791,
    "Minute_Fluctuation":  0.12854442344045372,
    "Minute_5":  0.00000000000001699236996012,
    "Minute_5_Fluctuation":  0.17878414991493935,
    "Minute_10":  0.0000000000000187375239801351,
    "Minute_10_Fluctuation":  0.23022096876566994,
    "Hour":  0.0000000000000182119018385505,
    "Hour_Fluctuation":  0.23131108988484736,
    "Day":  0.0000000000000236098813348275,
    "Day_Fluctuation":  0.12889441416160011,
    "ThreeDay":  0.0000000000000241445327402221,
    "ThreeDay_Fluctuation":  0.11521491946806331,
    "Week":  0.0000000000000241445327402221,
    "Week_Fluctuation":  0.11521491946806331,
    "Duration":  "1.12:07:13.2212229",
    "Updated":  "\/Date(1640378866642)\/",
    "Failed":  0,
    "HashRate_Live":  21245460406,
    "HashRate_Average":  20664241941.24971,
    "BlockRate_Live":  487,
    "BlockRate_Average":  597.61519521212085,
    "Diff_Live":  1081.369877,
    "Diff_Average":  1149.7633561088758,
    "Actual24h_Week":  0.000778126641175992,
    "Estimate24h_Week":  0.000838889434116519,
    "ErrorRatio":  0.972202017881463
}
