{
    "Live":  0.00000000000293988,
    "Minute":  0.00000000000293988,
    "Minute_Fluctuation":  0.08556763842475501,
    "Minute_5":  0.00000000000283564352493069,
    "Minute_5_Fluctuation":  0.064642111949906322,
    "Minute_10":  0.00000000000282248109064889,
    "Minute_10_Fluctuation":  0.0965747042115264,
    "Hour":  0.00000000000335861826304547,
    "Hour_Fluctuation":  0.16902477225367143,
    "Day":  0.00000000000380103841158748,
    "Day_Fluctuation":  0.20064931316685203,
    "ThreeDay":  0.00000000000380103841158748,
    "ThreeDay_Fluctuation":  0.20064931316685203,
    "Week":  0.00000000000380103841158748,
    "Week_Fluctuation":  0.20064931316685203,
    "Duration":  "12:21:44.9711153",
    "Updated":  "\/Date(1640378869056)\/",
    "Failed":  0,
    "HashRate_Live":  0,
    "HashRate_Average":  1527.4199136610844,
    "BlockRate_Live":  6,
    "BlockRate_Average":  16.876467975615423,
    "Diff_Live":  33.0807332,
    "Diff_Average":  31.691360733776477,
    "Actual24h_Week":  0.00000161135444372694,
    "Estimate24h_Week":  0.00000384285968949948,
    "ErrorRatio":  0.917682970112404
}
