{
    "Live":  0.0000000000000000440342,
    "Minute":  0.0000000000000000440342,
    "Minute_Fluctuation":  0.528160495423872,
    "Minute_5":  0.0000000000000000662059095508,
    "Minute_5_Fluctuation":  0.33194771526152533,
    "Minute_10":  0.0000000000000000718721831523,
    "Minute_10_Fluctuation":  0.4549246033025684,
    "Hour":  0.0000000000000000442916673899,
    "Hour_Fluctuation":  0.527207506374226,
    "Day":  0.0000000000000000351501759329,
    "Day_Fluctuation":  0.24044953632342392,
    "ThreeDay":  0.0000000000000000351501759329,
    "ThreeDay_Fluctuation":  0.24044953632342392,
    "Week":  0.0000000000000000351501759329,
    "Week_Fluctuation":  0.24044953632342389,
    "Duration":  "12:21:44.9711153",
    "Updated":  "\/Date(1640378869948)\/",
    "Failed":  0,
    "HashRate_Live":  6963468089465,
    "HashRate_Average":  5739690461468.833,
    "BlockRate_Live":  16,
    "BlockRate_Average":  13.291481855397713,
    "Diff_Live":  8452971.05,
    "Diff_Average":  11076945.92875601,
    "Actual24h_Week":  0.0000285293735109202,
    "Estimate24h_Week":  0.0000319143070554136,
    "ErrorRatio":  0.984964736790904
}
