{
    "Live":  0.00000000033456,
    "Minute":  0.00000000033456,
    "Minute_Fluctuation":  2.9890898221748147E-05,
    "Minute_5":  0.00000000033455550181353,
    "Minute_5_Fluctuation":  0.0077895859344638,
    "Minute_10":  0.000000000335471280420678,
    "Minute_10_Fluctuation":  0.015238451378774418,
    "Hour":  0.00000000030661908916448,
    "Hour_Fluctuation":  0.090868763384815074,
    "Day":  0.000000000252139653357012,
    "Day_Fluctuation":  0.063760157264576373,
    "ThreeDay":  0.000000000249200315903651,
    "ThreeDay_Fluctuation":  0.054342257100163389,
    "Week":  0.000000000249200315903651,
    "Week_Fluctuation":  0.054342257100163389,
    "Duration":  "1.12:08:18.8643651",
    "Updated":  "\/Date(1640378864574)\/",
    "Failed":  0,
    "HashRate_Live":  32907502,
    "HashRate_Average":  25502634.231835157,
    "BlockRate_Live":  1047,
    "BlockRate_Average":  1041.9986970365146,
    "Diff_Live":  0.352395548,
    "Diff_Average":  0.39979112632280694,
    "Actual24h_Week":  0.0000595736515065862,
    "Estimate24h_Week":  0.000104768462934126,
    "ErrorRatio":  0.834373032457296
}
