{
    "Live":  0.00000000000000324484,
    "Minute":  0.00000000000000324484,
    "Minute_Fluctuation":  0.10969224613469501,
    "Minute_5":  0.0000000000000031005606689747,
    "Minute_5_Fluctuation":  0.087532593100479811,
    "Minute_10":  0.0000000000000031154748651024,
    "Minute_10_Fluctuation":  0.14496863702521323,
    "Hour":  0.0000000000000033737727519514,
    "Hour_Fluctuation":  0.28901584636632593,
    "Day":  0.0000000000000039491696017182,
    "Day_Fluctuation":  0.25935890602637213,
    "ThreeDay":  0.0000000000000039491696017182,
    "ThreeDay_Fluctuation":  0.25935890602637213,
    "Week":  0.0000000000000039491696017182,
    "Week_Fluctuation":  0.25935890602637213,
    "Duration":  "12:21:44.9711153",
    "Updated":  "\/Date(1640378869940)\/",
    "Failed":  0,
    "HashRate_Live":  0,
    "HashRate_Average":  114082.81487745619,
    "BlockRate_Live":  0,
    "BlockRate_Average":  0,
    "Diff_Live":  114711.193,
    "Diff_Average":  120021.89774690267,
    "Actual24h_Week":  0,
    "Estimate24h_Week":  0.00000386854359615346,
    "ErrorRatio":  0.858242414391074
}
