{
    "Live":  0.00000000000198,
    "Minute":  0.00000000000198,
    "Minute_Fluctuation":  0,
    "Minute_5":  0.00000000000198,
    "Minute_5_Fluctuation":  0.0094102048802209137,
    "Minute_10":  0.00000000000195975255287703,
    "Minute_10_Fluctuation":  0.021834995036118694,
    "Hour":  0.0000000000019126003078807,
    "Hour_Fluctuation":  0.030934362257198159,
    "Day":  0.00000000000183585783134816,
    "Day_Fluctuation":  0.023697714444855321,
    "ThreeDay":  0.00000000000183885226902872,
    "ThreeDay_Fluctuation":  0.020286898782962359,
    "Week":  0.00000000000183885226902872,
    "Week_Fluctuation":  0.020286898782962359,
    "Duration":  "1.12:07:13.2212229",
    "Updated":  "\/Date(1640378711472)\/",
    "Failed":  0,
    "HashRate_Live":  198223310,
    "HashRate_Average":  271644510.08025074,
    "BlockRate_Live":  0,
    "BlockRate_Average":  0,
    "Diff_Live":  97057.7334,
    "Diff_Average":  98052.370036453256,
    "Actual24h_Week":  0,
    "Estimate24h_Week":  0.000000709040495211944,
    "ErrorRatio":  0.616221829832197
}
