{
    "Live":  0.00000000000000000000507167,
    "Minute":  0.00000000000000000000507167,
    "Minute_Fluctuation":  0.021834000000000037,
    "Minute_5":  0.0000000000000000000049734566,
    "Minute_5_Fluctuation":  0.032880996031051872,
    "Minute_10":  0.000000000000000000005618201,
    "Minute_10_Fluctuation":  0.21234396773290448,
    "Hour":  0.0000000000000000000125425119,
    "Hour_Fluctuation":  0.32119265758756582,
    "Day":  0.0000000000000000000191226007,
    "Day_Fluctuation":  0.31357399165714656,
    "ThreeDay":  0.0000000000000000000191226007,
    "ThreeDay_Fluctuation":  0.31357399165714656,
    "Week":  0.0000000000000000000191226007,
    "Week_Fluctuation":  0.31357399165714656,
    "Duration":  "06:00:35.8956126",
    "Updated":  "\/Date(1640378869764)\/",
    "Failed":  0,
    "HashRate_Live":  0,
    "HashRate_Average":  0,
    "BlockRate_Live":  16,
    "BlockRate_Average":  38.901247690490614,
    "Diff_Live":  5597062610,
    "Diff_Average":  3167693014.3739672,
    "Actual24h_Week":  0,
    "Estimate24h_Week":  0.0000115393984858014,
    "ErrorRatio":  0.929732479247694
}
