{
    "Live":  0.0000000000002501701,
    "Minute":  0.0000000000002501701,
    "Minute_Fluctuation":  0.018423628292004144,
    "Minute_5":  0.000000000000252282245947921,
    "Minute_5_Fluctuation":  0.011840995357613949,
    "Minute_10":  0.000000000000253771248927679,
    "Minute_10_Fluctuation":  0.01199248085271741,
    "Hour":  0.000000000000267405501856407,
    "Hour_Fluctuation":  0.048612047098669994,
    "Day":  0.00000000000029292621183628,
    "Day_Fluctuation":  0.056100865848626121,
    "ThreeDay":  0.00000000000029292621183628,
    "ThreeDay_Fluctuation":  0.056100865848626121,
    "Week":  0.00000000000029292621183628,
    "Week_Fluctuation":  0.056100865848626121,
    "Duration":  "12:21:44.9711153",
    "Updated":  "\/Date(1640378869389)\/",
    "Failed":  0,
    "HashRate_Live":  0,
    "HashRate_Average":  0,
    "BlockRate_Live":  0,
    "BlockRate_Average":  0.00062342266745661287,
    "Diff_Live":  14200754837,
    "Diff_Average":  13319912720.40181,
    "Actual24h_Week":  0.00000460454322886471,
    "Estimate24h_Week":  0.000291762658221689,
    "ErrorRatio":  0.860479605863534
}
