{
    "Live":  0.00000097654,
    "Minute":  0.00000097654,
    "Minute_Fluctuation":  0.0003582798472703385,
    "Minute_5":  0.00000097669743652645,
    "Minute_5_Fluctuation":  0.0031018051330692748,
    "Minute_10":  0.000000981039171406755,
    "Minute_10_Fluctuation":  0.014433949476317553,
    "Hour":  0.000000972932200713454,
    "Hour_Fluctuation":  0.041612383486680588,
    "Day":  0.00000105946495666593,
    "Day_Fluctuation":  0.040390914657191516,
    "ThreeDay":  0.00000106929700045597,
    "ThreeDay_Fluctuation":  0.034572665060638164,
    "Week":  0.00000106929700045597,
    "Week_Fluctuation":  0.034572665060638164,
    "Duration":  "1.12:08:18.8643651",
    "Updated":  "\/Date(1640378865444)\/",
    "Failed":  0,
    "HashRate_Live":  18395,
    "HashRate_Average":  16696.445273507448,
    "BlockRate_Live":  365,
    "BlockRate_Average":  335.69262014623149,
    "Diff_Live":  11436.733775618979,
    "Diff_Average":  11783.256633572895,
    "Actual24h_Week":  0.00033357343039207,
    "Estimate24h_Week":  0.000403911960888987,
    "ErrorRatio":  0.933137960302039
}
