{
    "Live":  0.00000000000007726433,
    "Minute":  0.00000000000007726433,
    "Minute_Fluctuation":  0.047237723059232115,
    "Minute_5":  0.0000000000000756966400442215,
    "Minute_5_Fluctuation":  0.042498598994590936,
    "Minute_10":  0.0000000000000801983203211038,
    "Minute_10_Fluctuation":  0.16798026938638227,
    "Hour":  0.000000000000127705386237326,
    "Hour_Fluctuation":  0.2166817406020233,
    "Day":  0.000000000000161544193530227,
    "Day_Fluctuation":  0.37260830241091214,
    "ThreeDay":  0.000000000000161544193530227,
    "ThreeDay_Fluctuation":  0.37260830241091214,
    "Week":  0.000000000000161544193530227,
    "Week_Fluctuation":  0.37260830241091214,
    "Duration":  "12:21:44.9711153",
    "Updated":  "\/Date(1640378869445)\/",
    "Failed":  0,
    "HashRate_Live":  59520460983,
    "HashRate_Average":  133342487650.07257,
    "BlockRate_Live":  28,
    "BlockRate_Average":  47.994105790201317,
    "Diff_Live":  37313.2277,
    "Diff_Average":  49698.258086157613,
    "Actual24h_Week":  0.000125567837989828,
    "Estimate24h_Week":  0.000101818695059286,
    "ErrorRatio":  1
}
