{
    "Live":  0.00000000000000010932193,
    "Minute":  0.00000000000000010932193,
    "Minute_Fluctuation":  0,
    "Minute_5":  0.00000000000000010932193,
    "Minute_5_Fluctuation":  0.0023872105099471247,
    "Minute_10":  0.0000000000000001105326570422,
    "Minute_10_Fluctuation":  0.042317676454158057,
    "Hour":  0.0000000000000001267016931975,
    "Hour_Fluctuation":  0.060298408134576015,
    "Day":  0.0000000000000001377665789983,
    "Day_Fluctuation":  0.02759352054001294,
    "ThreeDay":  0.0000000000000001377665789983,
    "ThreeDay_Fluctuation":  0.02759352054001294,
    "Week":  0.0000000000000001377665789983,
    "Week_Fluctuation":  0.02759352054001294,
    "Duration":  "12:21:44.9711153",
    "Updated":  "\/Date(1640378869653)\/",
    "Failed":  0,
    "HashRate_Live":  256035484553,
    "HashRate_Average":  194961749421.38358,
    "BlockRate_Live":  125,
    "BlockRate_Average":  150.15654899220019,
    "Diff_Live":  32232.150034897,
    "Diff_Average":  28106.467621524309,
    "Actual24h_Week":  0.000131673169049987,
    "Estimate24h_Week":  0.000127954591403978,
    "ErrorRatio":  1
}
