{
    "Live":  0.00000000008455,
    "Minute":  0.00000000008455,
    "Minute_Fluctuation":  0,
    "Minute_5":  0.00000000008455,
    "Minute_5_Fluctuation":  0.00056503757415000424,
    "Minute_10":  0.0000000000852577958957249,
    "Minute_10_Fluctuation":  0.033574842692435547,
    "Hour":  0.0000000000921200638509887,
    "Hour_Fluctuation":  0.068431505033095516,
    "Day":  0.0000000000979338145344916,
    "Day_Fluctuation":  0.1950287278618909,
    "ThreeDay":  0.0000000000979338145344916,
    "ThreeDay_Fluctuation":  0.1950287278618909,
    "Week":  0.0000000000979338145344916,
    "Week_Fluctuation":  0.1950287278618909,
    "Duration":  "12:21:44.9711153",
    "Updated":  "\/Date(1640378867947)\/",
    "Failed":  0,
    "HashRate_Live":  5430,
    "HashRate_Average":  1892.0537448104837,
    "BlockRate_Live":  0,
    "BlockRate_Average":  0.0014217076096936512,
    "Diff_Live":  2.10617947,
    "Diff_Average":  1.796573664953047,
    "Actual24h_Week":  0.0000000698103069103262,
    "Estimate24h_Week":  0.0000000916222085638897,
    "ErrorRatio":  0.966252696104871
}
