{
    "Live":  0.00000000000000021479,
    "Minute":  0.00000000000000021479,
    "Minute_Fluctuation":  0,
    "Minute_5":  0.00000000000000021479,
    "Minute_5_Fluctuation":  0.0020909082269012038,
    "Minute_10":  0.0000000000000002240159868879,
    "Minute_10_Fluctuation":  0.12958300115863036,
    "Hour":  0.0000000000000003377656625268,
    "Hour_Fluctuation":  0.2108466288687538,
    "Day":  0.0000000000000003477198865797,
    "Day_Fluctuation":  0.286051319468865,
    "ThreeDay":  0.0000000000000003477198865797,
    "ThreeDay_Fluctuation":  0.28605131946886492,
    "Week":  0.0000000000000003477198865797,
    "Week_Fluctuation":  0.286051319468865,
    "Duration":  "12:21:44.9711153",
    "Updated":  "\/Date(1640378204719)\/",
    "Failed":  0,
    "HashRate_Live":  0,
    "HashRate_Average":  11217339289.823084,
    "BlockRate_Live":  49,
    "BlockRate_Average":  46.830819666645553,
    "Diff_Live":  85889.4463,
    "Diff_Average":  58358.291101571231,
    "Actual24h_Week":  0.000000117193618857766,
    "Estimate24h_Week":  0.000000342913196477248,
    "ErrorRatio":  0.906689323488525
}
