{
    "Live":  0.00000000000000716055,
    "Minute":  0.00000000000000716055,
    "Minute_Fluctuation":  0.12952584065128889,
    "Minute_5":  0.0000000000000067911949125754,
    "Minute_5_Fluctuation":  0.10250319393319854,
    "Minute_10":  0.000000000000006021077637411,
    "Minute_10_Fluctuation":  0.36089937877293421,
    "Hour":  0.0000000000000039982680061129,
    "Hour_Fluctuation":  0.3602328796046611,
    "Day":  0.0000000000000037252074927725,
    "Day_Fluctuation":  0.29359149516143496,
    "ThreeDay":  0.0000000000000037252074927725,
    "ThreeDay_Fluctuation":  0.29359149516143496,
    "Week":  0.0000000000000037252074927725,
    "Week_Fluctuation":  0.29359149516143496,
    "Duration":  "12:21:44.9711153",
    "Updated":  "\/Date(1640378868447)\/",
    "Failed":  0,
    "HashRate_Live":  400433338743,
    "HashRate_Average":  309404338358.90967,
    "BlockRate_Live":  5,
    "BlockRate_Average":  2.3263633342601198,
    "Diff_Live":  1002129.91,
    "Diff_Average":  2079377.3023205558,
    "Actual24h_Week":  0.00000264341011033173,
    "Estimate24h_Week":  0.00000358248999544388,
    "ErrorRatio":  0.962841013547364
}
