{
    "Live":  0.00000000000042439,
    "Minute":  0.00000000000042439,
    "Minute_Fluctuation":  0.044112581803867679,
    "Minute_5":  0.00000000000041632475165929,
    "Minute_5_Fluctuation":  0.18492895337980822,
    "Minute_10":  0.00000000000040106506303478,
    "Minute_10_Fluctuation":  0.16568959648072984,
    "Hour":  0.00000000000060383375089679,
    "Hour_Fluctuation":  0.25599372747992327,
    "Day":  0.000000000000477935072442765,
    "Day_Fluctuation":  0.14154947247621985,
    "ThreeDay":  0.000000000000470299061155144,
    "ThreeDay_Fluctuation":  0.11691121977392425,
    "Week":  0.000000000000470299061155144,
    "Week_Fluctuation":  0.11691121977392424,
    "Duration":  "1.12:07:13.2212229",
    "Updated":  "\/Date(1640378865980)\/",
    "Failed":  0,
    "HashRate_Live":  4802391912,
    "HashRate_Average":  5383896059.490448,
    "BlockRate_Live":  637,
    "BlockRate_Average":  1040.9681793251632,
    "Diff_Live":  318.78933889,
    "Diff_Average":  333.48548915790479,
    "Actual24h_Week":  0.000146636841965845,
    "Estimate24h_Week":  0.000191008372119752,
    "ErrorRatio":  0.910847757817989
}
