{
    "Live":  0.00000000000059964,
    "Minute":  0.00000000000059964,
    "Minute_Fluctuation":  0,
    "Minute_5":  0.00000000000059964,
    "Minute_5_Fluctuation":  0.00047940014791069871,
    "Minute_10":  0.000000000000606182734266556,
    "Minute_10_Fluctuation":  0.044068226041793473,
    "Hour":  0.000000000000670852771933719,
    "Hour_Fluctuation":  0.10050714571967161,
    "Day":  0.000000000000816141102225104,
    "Day_Fluctuation":  0.25387209740891786,
    "ThreeDay":  0.000000000000816141102225104,
    "ThreeDay_Fluctuation":  0.25387209740891786,
    "Week":  0.000000000000816141102225104,
    "Week_Fluctuation":  0.25387209740891786,
    "Duration":  "12:21:44.9711153",
    "Updated":  "\/Date(1640377029710)\/",
    "Failed":  0,
    "HashRate_Live":  0,
    "HashRate_Average":  227686.17224858791,
    "BlockRate_Live":  7,
    "BlockRate_Average":  8.3393181235809859,
    "Diff_Live":  9.40512196,
    "Diff_Average":  8.7346119686631347,
    "Actual24h_Week":  0.000000434806245317242,
    "Estimate24h_Week":  0.00000107879317016665,
    "ErrorRatio":  0.915377632937492
}
