{
    "Live":  0.00000000000737,
    "Minute":  0.00000000000737,
    "Minute_Fluctuation":  0.0095890410958903438,
    "Minute_5":  0.00000000000733851269471,
    "Minute_5_Fluctuation":  0.068135619823030943,
    "Minute_10":  0.00000000000761012577373427,
    "Minute_10_Fluctuation":  0.099160279719503655,
    "Hour":  0.0000000000079646723363439,
    "Hour_Fluctuation":  0.10839929163603214,
    "Day":  0.00000000000621231745119575,
    "Day_Fluctuation":  0.14670494300897974,
    "ThreeDay":  0.00000000000603152439075204,
    "ThreeDay_Fluctuation":  0.13013428730462565,
    "Week":  0.00000000000603152439075204,
    "Week_Fluctuation":  0.13013428730462565,
    "Duration":  "1.12:07:13.2212229",
    "Updated":  "\/Date(1640378866251)\/",
    "Failed":  0,
    "HashRate_Live":  151118961,
    "HashRate_Average":  161091053.86439413,
    "BlockRate_Live":  639,
    "BlockRate_Average":  701.677041427687,
    "Diff_Live":  5.4516853072999982,
    "Diff_Average":  5.1376217885046387,
    "Actual24h_Week":  0.00000255152976058264,
    "Estimate24h_Week":  0.00000302385261795258,
    "ErrorRatio":  0.940054220614562
}
