{
    "Live":  0.00000000000000151495,
    "Minute":  0.00000000000000151495,
    "Minute_Fluctuation":  0,
    "Minute_5":  0.00000000000000151495,
    "Minute_5_Fluctuation":  1.8034167199881965E-05,
    "Minute_10":  0.0000000000000015144434808796,
    "Minute_10_Fluctuation":  0.00123220209505788,
    "Hour":  0.0000000000000015088587120905,
    "Hour_Fluctuation":  0.001771504944900577,
    "Day":  0.0000000000000015927406323479,
    "Day_Fluctuation":  0.14102865400016859,
    "ThreeDay":  0.0000000000000015927406323479,
    "ThreeDay_Fluctuation":  0.14102865400016859,
    "Week":  0.0000000000000015927406323479,
    "Week_Fluctuation":  0.14102865400016859,
    "Duration":  "12:21:44.9711153",
    "Updated":  "\/Date(1640377031422)\/",
    "Failed":  0,
    "HashRate_Live":  0,
    "HashRate_Average":  25363.439177056578,
    "BlockRate_Live":  10,
    "BlockRate_Average":  9.3590255552528419,
    "Diff_Live":  474.313986,
    "Diff_Average":  476.22603248000189,
    "Actual24h_Week":  0.000000149506320970907,
    "Estimate24h_Week":  0.00000157853737178185,
    "ErrorRatio":  0.871668548908362
}
