{
    "Live":  0.00000000043091441,
    "Minute":  0.00000000043091441,
    "Minute_Fluctuation":  0,
    "Minute_5":  0.00000000043063036221862,
    "Minute_5_Fluctuation":  0.0011499434579839672,
    "Minute_10":  0.000000000430269957265331,
    "Minute_10_Fluctuation":  0.0011883616156133021,
    "Hour":  0.000000000429033687087981,
    "Hour_Fluctuation":  0.0022068341373179283,
    "Day":  0.0000000004287870707324,
    "Day_Fluctuation":  0.0020801620373812678,
    "ThreeDay":  0.0000000004287870707324,
    "ThreeDay_Fluctuation":  0.0020801620373812678,
    "Week":  0.0000000004287870707324,
    "Week_Fluctuation":  0.0020801620373812678,
    "Duration":  "01:51:02.0111518",
    "Updated":  "\/Date(1640101956873)\/",
    "Failed":  0,
    "HashRate_Live":  0,
    "HashRate_Average":  0,
    "BlockRate_Live":  0,
    "BlockRate_Average":  0,
    "Diff_Live":  1,
    "Diff_Average":  1,
    "Actual24h_Week":  0,
    "Estimate24h_Week":  0.000408167906922327,
    "ErrorRatio":  0.978090875135625
}
