{
    "Live":  0.00000000000000103737,
    "Minute":  0.00000000000000103737,
    "Minute_Fluctuation":  0.031753143113152138,
    "Minute_5":  0.0000000000000010526728303709,
    "Minute_5_Fluctuation":  0.4100733815442687,
    "Minute_10":  0.0000000000000009123276086129,
    "Minute_10_Fluctuation":  0.42442093119114954,
    "Hour":  0.0000000000000006433533955553,
    "Hour_Fluctuation":  0.41239759357204536,
    "Day":  0.0000000000000005532117172446,
    "Day_Fluctuation":  0.32320680210758068,
    "ThreeDay":  0.0000000000000005532117172446,
    "ThreeDay_Fluctuation":  0.32320680210758068,
    "Week":  0.0000000000000005532117172446,
    "Week_Fluctuation":  0.32320680210758068,
    "Duration":  "12:21:44.9711153",
    "Updated":  "\/Date(1640378868593)\/",
    "Failed":  0,
    "HashRate_Live":  0,
    "HashRate_Average":  0,
    "BlockRate_Live":  0,
    "BlockRate_Average":  0,
    "Diff_Live":  6917280.7,
    "Diff_Average":  13872328.897288691,
    "Actual24h_Week":  0,
    "Estimate24h_Week":  0.000000578330179967639,
    "ErrorRatio":  0.858242414391074
}
