{
    "Live":  0.00000000000332719,
    "Minute":  0.00000000000332719,
    "Minute_Fluctuation":  0.02131532499424442,
    "Minute_5":  0.00000000000329595459315232,
    "Minute_5_Fluctuation":  0.024463269040950867,
    "Minute_10":  0.00000000000327960395396575,
    "Minute_10_Fluctuation":  0.030762797618180859,
    "Hour":  0.00000000000350839633516686,
    "Hour_Fluctuation":  0.097856635148894366,
    "Day":  0.0000000000033733782213566,
    "Day_Fluctuation":  0.1130224580918258,
    "ThreeDay":  0.0000000000033733782213566,
    "ThreeDay_Fluctuation":  0.1130224580918258,
    "Week":  0.0000000000033733782213566,
    "Week_Fluctuation":  0.1130224580918258,
    "Duration":  "12:21:44.9711153",
    "Updated":  "\/Date(1640378869138)\/",
    "Failed":  0,
    "HashRate_Live":  194282107,
    "HashRate_Average":  424291688.4564774,
    "BlockRate_Live":  740,
    "BlockRate_Average":  743.02295886774527,
    "Diff_Live":  13.6053932,
    "Diff_Average":  13.102526898382662,
    "Actual24h_Week":  0.00000341773481434513,
    "Estimate24h_Week":  0.00000339929056631027,
    "ErrorRatio":  1
}
