{
    "Live":  0.00000000017920136,
    "Minute":  0.00000000017920136,
    "Minute_Fluctuation":  0.0059005898148964675,
    "Minute_5":  0.000000000179679818600254,
    "Minute_5_Fluctuation":  0.013742424518310148,
    "Minute_10":  0.000000000180308742369829,
    "Minute_10_Fluctuation":  0.05644420799649684,
    "Hour":  0.000000000164228462579399,
    "Hour_Fluctuation":  0.18237269917133433,
    "Day":  0.000000000136153566958388,
    "Day_Fluctuation":  0.16582080986568495,
    "ThreeDay":  0.000000000136153566958388,
    "ThreeDay_Fluctuation":  0.16582080986568495,
    "Week":  0.000000000136153566958388,
    "Week_Fluctuation":  0.16582080986568495,
    "Duration":  "10:37:53.9738653",
    "Updated":  "\/Date(1640378868357)\/",
    "Failed":  0,
    "HashRate_Live":  220582,
    "HashRate_Average":  151870.57743339142,
    "BlockRate_Live":  65,
    "BlockRate_Average":  50.914638693867524,
    "Diff_Live":  0.0407960887,
    "Diff_Average":  0.063632773964920925,
    "Actual24h_Week":  0.00012229057104596,
    "Estimate24h_Week":  0.000106833637026238,
    "ErrorRatio":  1
}
