{
    "Live":  0.00000000125764,
    "Minute":  0.00000000125764,
    "Minute_Fluctuation":  0,
    "Minute_5":  0.00000000125764,
    "Minute_5_Fluctuation":  0.0084298032528956623,
    "Minute_10":  0.00000000124962671579596,
    "Minute_10_Fluctuation":  0.018772535324359688,
    "Hour":  0.00000000127583539700442,
    "Hour_Fluctuation":  0.026189624199817983,
    "Day":  0.000000001290977601588,
    "Day_Fluctuation":  0.03758128799366469,
    "ThreeDay":  0.000000001290977601588,
    "ThreeDay_Fluctuation":  0.03758128799366469,
    "Week":  0.000000001290977601588,
    "Week_Fluctuation":  0.037581287993664683,
    "Duration":  "12:21:44.9711153",
    "Updated":  "\/Date(1640378869993)\/",
    "Failed":  0,
    "HashRate_Live":  956109,
    "HashRate_Average":  7052250.0905299159,
    "BlockRate_Live":  5,
    "BlockRate_Average":  1.6580974647376421,
    "Diff_Live":  47429195.150315,
    "Diff_Average":  44775490.761110142,
    "Actual24h_Week":  0.000000829258805435627,
    "Estimate24h_Week":  0.00000128495153321488,
    "ErrorRatio":  0.949727363873475
}
