{
    "Live":  0.00000000000000261466,
    "Minute":  0.00000000000000261466,
    "Minute_Fluctuation":  0,
    "Minute_5":  0.00000000000000261466,
    "Minute_5_Fluctuation":  0.19992659640197769,
    "Minute_10":  0.0000000000000031925525214571,
    "Minute_10_Fluctuation":  0.28763462044799071,
    "Hour":  0.0000000000000034605605170208,
    "Hour_Fluctuation":  0.25928716170677069,
    "Day":  0.0000000000000055323098694296,
    "Day_Fluctuation":  0.39034697570280646,
    "ThreeDay":  0.0000000000000055323098694296,
    "ThreeDay_Fluctuation":  0.39034697570280646,
    "Week":  0.0000000000000055323098694296,
    "Week_Fluctuation":  0.39034697570280646,
    "Duration":  "08:09:48.1026357",
    "Updated":  "\/Date(1640378867603)\/",
    "Failed":  0,
    "HashRate_Live":  1959879477,
    "HashRate_Average":  2832473277.3509755,
    "BlockRate_Live":  467,
    "BlockRate_Average":  505.48119853901341,
    "Diff_Live":  237.264319,
    "Diff_Average":  193.68512078231248,
    "Actual24h_Week":  0.000002447723957118,
    "Estimate24h_Week":  0.00000398444637841445,
    "ErrorRatio":  0.963429119860886
}
