{
    "Live":  0.00000000000089004,
    "Minute":  0.00000000000089004,
    "Minute_Fluctuation":  0.013926280453351963,
    "Minute_5":  0.00000000000089569422039279,
    "Minute_5_Fluctuation":  0.012561365337044014,
    "Minute_10":  0.000000000000877716678026086,
    "Minute_10_Fluctuation":  0.085355139127389235,
    "Hour":  0.00000000000069137442656399,
    "Hour_Fluctuation":  0.14210032981860476,
    "Day":  0.000000000000603643891127439,
    "Day_Fluctuation":  0.05287954847877982,
    "ThreeDay":  0.000000000000603643891127439,
    "ThreeDay_Fluctuation":  0.05287954847877982,
    "Week":  0.000000000000603643891127439,
    "Week_Fluctuation":  0.05287954847877982,
    "Duration":  "12:21:44.9711153",
    "Updated":  "\/Date(1640378869547)\/",
    "Failed":  0,
    "HashRate_Live":  11338714,
    "HashRate_Average":  27573528.883015268,
    "BlockRate_Live":  31,
    "BlockRate_Average":  12.944730148481371,
    "Diff_Live":  15.9613661,
    "Diff_Average":  17.671274107381837,
    "Actual24h_Week":  0.000000614181325260249,
    "Estimate24h_Week":  0.000000634146813338182,
    "ErrorRatio":  0.995536901982472
}
