{
    "Live":  0.00000002190939,
    "Minute":  0.00000002190939,
    "Minute_Fluctuation":  0.010784599234702576,
    "Minute_5":  0.0000000220168336820224,
    "Minute_5_Fluctuation":  0.044691734377132045,
    "Minute_10":  0.0000000212559821492887,
    "Minute_10_Fluctuation":  0.081539224598543555,
    "Hour":  0.0000000204610874554851,
    "Hour_Fluctuation":  0.10315693663141035,
    "Day":  0.0000000209867981153952,
    "Day_Fluctuation":  0.10405205828165322,
    "ThreeDay":  0.0000000209867981153952,
    "ThreeDay_Fluctuation":  0.10405205828165322,
    "Week":  0.0000000209867981153952,
    "Week_Fluctuation":  0.10405205828165322,
    "Duration":  "12:21:44.9711153",
    "Updated":  "\/Date(1640378869870)\/",
    "Failed":  0,
    "HashRate_Live":  175184,
    "HashRate_Average":  168100.18396020008,
    "BlockRate_Live":  126,
    "BlockRate_Average":  110.60710754208068,
    "Diff_Live":  120858507,
    "Diff_Average":  125147729.98004761,
    "Actual24h_Week":  0.0000201975116705464,
    "Estimate24h_Week":  0.0000207604718790993,
    "ErrorRatio":  0.996155969843889
}
