{
    "Live":  0.00000000000050795873,
    "Minute":  0.00000000000050795873,
    "Minute_Fluctuation":  0.011842800674366917,
    "Minute_5":  0.000000000000510697113468274,
    "Minute_5_Fluctuation":  0.0093905945663900654,
    "Minute_10":  0.000000000000511396457981338,
    "Minute_10_Fluctuation":  0.016999830966791449,
    "Hour":  0.000000000000483799775537744,
    "Hour_Fluctuation":  0.039440169731561614,
    "Day":  0.000000000000467282293719199,
    "Day_Fluctuation":  0.039741010845463838,
    "ThreeDay":  0.000000000000467282293719199,
    "ThreeDay_Fluctuation":  0.039741010845463838,
    "Week":  0.000000000000467282293719199,
    "Week_Fluctuation":  0.039741010845463838,
    "Duration":  "12:21:44.9711153",
    "Updated":  "\/Date(1640378869770)\/",
    "Failed":  0,
    "HashRate_Live":  3800237071,
    "HashRate_Average":  4690668994.5877314,
    "BlockRate_Live":  165,
    "BlockRate_Average":  162.57831341212898,
    "Diff_Live":  1199147491449,
    "Diff_Average":  1270090663412.6621,
    "Actual24h_Week":  0.000278316192608151,
    "Estimate24h_Week":  0.000456197872474422,
    "ErrorRatio":  0.944725569794681
}
