{
    "Live":  0.00000000000231189,
    "Minute":  0.00000000000231189,
    "Minute_Fluctuation":  0,
    "Minute_5":  0.00000000000231189,
    "Minute_5_Fluctuation":  0.001202254168291303,
    "Minute_10":  0.00000000000228102902194027,
    "Minute_10_Fluctuation":  0.047145214365939242,
    "Hour":  0.00000000000211904956940196,
    "Hour_Fluctuation":  0.070398732010478485,
    "Day":  0.00000000000208551089510966,
    "Day_Fluctuation":  0.098408882282187166,
    "ThreeDay":  0.00000000000208551089510966,
    "ThreeDay_Fluctuation":  0.098408882282187166,
    "Week":  0.00000000000208551089510966,
    "Week_Fluctuation":  0.098408882282187166,
    "Duration":  "12:21:44.9711153",
    "Updated":  "\/Date(1640378867928)\/",
    "Failed":  0,
    "HashRate_Live":  1580548,
    "HashRate_Average":  348545.65228993993,
    "BlockRate_Live":  36,
    "BlockRate_Average":  28.526123406247983,
    "Diff_Live":  0.550566234,
    "Diff_Average":  0.61463910628481444,
    "Actual24h_Week":  0.00000223236330873089,
    "Estimate24h_Week":  0.00000210631175437974,
    "ErrorRatio":  1
}
