{
    "Live":  0.00000000914666,
    "Minute":  0.00000000914666,
    "Minute_Fluctuation":  0.12772061769873311,
    "Minute_5":  0.00000000868068836538623,
    "Minute_5_Fluctuation":  0.14763883277735995,
    "Minute_10":  0.00000000793953915348841,
    "Minute_10_Fluctuation":  0.17284226108743592,
    "Hour":  0.00000000720685136771986,
    "Hour_Fluctuation":  0.1441338573458823,
    "Day":  0.00000000733420754110964,
    "Day_Fluctuation":  0.18641390179331385,
    "ThreeDay":  0.00000000733420754110964,
    "ThreeDay_Fluctuation":  0.18641390179331385,
    "Week":  0.00000000733420754110964,
    "Week_Fluctuation":  0.18641390179331377,
    "Duration":  "12:21:44.9711153",
    "Updated":  "\/Date(1640378869535)\/",
    "Failed":  0,
    "HashRate_Live":  713454,
    "HashRate_Average":  610941.38601113728,
    "BlockRate_Live":  342,
    "BlockRate_Average":  282.89536807944296,
    "Diff_Live":  0.0391548269,
    "Diff_Average":  0.044346025879034662,
    "Actual24h_Week":  0.00000622711072494941,
    "Estimate24h_Week":  0.00000725885535397106,
    "ErrorRatio":  0.979851144506541
}
