{
    "Live":  0.00000000000536255,
    "Minute":  0.00000000000536255,
    "Minute_Fluctuation":  0,
    "Minute_5":  0.00000000000536255,
    "Minute_5_Fluctuation":  0.03361604210887701,
    "Minute_10":  0.00000000000557058727389516,
    "Minute_10_Fluctuation":  0.078705555360841908,
    "Hour":  0.00000000000667857549958244,
    "Hour_Fluctuation":  0.17223840363727139,
    "Day":  0.00000000000700475972279974,
    "Day_Fluctuation":  0.18079284680037869,
    "ThreeDay":  0.00000000000700475972279974,
    "ThreeDay_Fluctuation":  0.18079284680037869,
    "Week":  0.00000000000700475972279974,
    "Week_Fluctuation":  0.18079284680037869,
    "Duration":  "12:21:44.9711153",
    "Updated":  "\/Date(1640378869795)\/",
    "Failed":  0,
    "HashRate_Live":  1995370,
    "HashRate_Average":  12148065.055844,
    "BlockRate_Live":  248,
    "BlockRate_Average":  248.77959361352364,
    "Diff_Live":  4.24178511,
    "Diff_Average":  3.3518444752037033,
    "Actual24h_Week":  0.00000624154408163053,
    "Estimate24h_Week":  0.00000671614552896259,
    "ErrorRatio":  0.989982594181415
}
