{
    "Live":  0.00000000000000028724,
    "Minute":  0.00000000000000028724,
    "Minute_Fluctuation":  0,
    "Minute_5":  0.00000000000000028724,
    "Minute_5_Fluctuation":  0.001701286441235619,
    "Minute_10":  0.0000000000000002788599613886,
    "Minute_10_Fluctuation":  0.13587289863023733,
    "Hour":  0.000000000000000194711565042,
    "Hour_Fluctuation":  0.28526141232121149,
    "Day":  0.0000000000000001807840773254,
    "Day_Fluctuation":  0.18691841709566129,
    "ThreeDay":  0.0000000000000001807840773254,
    "ThreeDay_Fluctuation":  0.18691841709566129,
    "Week":  0.0000000000000001807840773254,
    "Week_Fluctuation":  0.18691841709566129,
    "Duration":  "12:21:44.9711153",
    "Updated":  "\/Date(1640378205586)\/",
    "Failed":  0,
    "HashRate_Live":  0,
    "HashRate_Average":  908299774867.658,
    "BlockRate_Live":  11,
    "BlockRate_Average":  24.249730037478322,
    "Diff_Live":  302201.74,
    "Diff_Average":  519034.99938502582,
    "Actual24h_Week":  0.0000000566780770803409,
    "Estimate24h_Week":  0.000000160307417084425,
    "ErrorRatio":  0.908362037737225
}
