{
    "Live":  0.00000000000000007931,
    "Minute":  0.00000000000000007931,
    "Minute_Fluctuation":  0.098852403136007377,
    "Minute_5":  0.0000000000000000832234222289,
    "Minute_5_Fluctuation":  0.067263256480918479,
    "Minute_10":  0.0000000000000000851568549653,
    "Minute_10_Fluctuation":  0.0509681443434595,
    "Hour":  0.0000000000000000936485498493,
    "Hour_Fluctuation":  0.096869298637123707,
    "Day":  0.0000000000000000881907668001,
    "Day_Fluctuation":  0.12247698134585992,
    "ThreeDay":  0.0000000000000000881907668001,
    "ThreeDay_Fluctuation":  0.12247698134585988,
    "Week":  0.0000000000000000881907668001,
    "Week_Fluctuation":  0.12247698134585988,
    "Duration":  "12:21:44.9711153",
    "Updated":  "\/Date(1640378869413)\/",
    "Failed":  0,
    "HashRate_Live":  0,
    "HashRate_Average":  0,
    "BlockRate_Live":  51,
    "BlockRate_Average":  59.069138846085927,
    "Diff_Live":  19105.5199,
    "Diff_Average":  16591.091891100521,
    "Actual24h_Week":  0,
    "Estimate24h_Week":  0.0000000952925784239824,
    "ErrorRatio":  0.858242414391074
}
