{
    "Live":  0.00000000000019,
    "Minute":  0.00000000000019,
    "Minute_Fluctuation":  0,
    "Minute_5":  0.00000000000019,
    "Minute_5_Fluctuation":  0.02253353626321964,
    "Minute_10":  0.000000000000192999629913287,
    "Minute_10_Fluctuation":  0.031504232139967864,
    "Hour":  0.000000000000194792653192204,
    "Hour_Fluctuation":  0.059366394170129157,
    "Day":  0.000000000000242521517228885,
    "Day_Fluctuation":  0.058905953273242724,
    "ThreeDay":  0.000000000000244260931770967,
    "ThreeDay_Fluctuation":  0.049791907017784749,
    "Week":  0.000000000000244260931770967,
    "Week_Fluctuation":  0.049791907017784749,
    "Duration":  "1.12:07:13.2212229",
    "Updated":  "\/Date(1640378717723)\/",
    "Failed":  0,
    "HashRate_Live":  0,
    "HashRate_Average":  1131523.9908015092,
    "BlockRate_Live":  0,
    "BlockRate_Average":  0,
    "Diff_Live":  30.8727455,
    "Diff_Average":  29.534574483096453,
    "Actual24h_Week":  0,
    "Estimate24h_Week":  0.0000000975366149680774,
    "ErrorRatio":  0.616221829832197
}
