{
    "Live":  0.00000000000025280569,
    "Minute":  0.00000000000025280569,
    "Minute_Fluctuation":  0.037977421975274782,
    "Minute_5":  0.000000000000257294844111568,
    "Minute_5_Fluctuation":  0.046786408984254832,
    "Minute_10":  0.00000000000026731995997138,
    "Minute_10_Fluctuation":  0.073118631556067,
    "Hour":  0.000000000000295390995146781,
    "Hour_Fluctuation":  0.098526779692328981,
    "Day":  0.000000000000303413573020938,
    "Day_Fluctuation":  0.09313002071019727,
    "ThreeDay":  0.000000000000303413573020938,
    "ThreeDay_Fluctuation":  0.09313002071019727,
    "Week":  0.000000000000303413573020938,
    "Week_Fluctuation":  0.09313002071019727,
    "Duration":  "12:21:44.9711153",
    "Updated":  "\/Date(1640378869119)\/",
    "Failed":  0,
    "HashRate_Live":  35545874117,
    "HashRate_Average":  30635069720.577469,
    "BlockRate_Live":  175,
    "BlockRate_Average":  208.8002073255285,
    "Diff_Live":  3262.63875,
    "Diff_Average":  3219.0933745169314,
    "Actual24h_Week":  0.000158218813178208,
    "Estimate24h_Week":  0.000323461943424448,
    "ErrorRatio":  0.927581999495284
}
