{
    "Live":  0.00000000008573,
    "Minute":  0.00000000008573,
    "Minute_Fluctuation":  0.014676293052432246,
    "Minute_5":  0.00000000008517222487772,
    "Minute_5_Fluctuation":  0.01974285451098659,
    "Minute_10":  0.0000000000853592989546786,
    "Minute_10_Fluctuation":  0.030541883833564008,
    "Hour":  0.0000000000755231245470578,
    "Hour_Fluctuation":  0.10435727922168868,
    "Day":  0.0000000000700309196846856,
    "Day_Fluctuation":  0.13695768124790772,
    "ThreeDay":  0.0000000000700309196846856,
    "ThreeDay_Fluctuation":  0.13695768124790772,
    "Week":  0.0000000000700309196846856,
    "Week_Fluctuation":  0.13695768124790772,
    "Duration":  "12:21:44.9711153",
    "Updated":  "\/Date(1640378869800)\/",
    "Failed":  0,
    "HashRate_Live":  3665732,
    "HashRate_Average":  3207276.1986485519,
    "BlockRate_Live":  52,
    "BlockRate_Average":  56.277530571898424,
    "Diff_Live":  4053567382,
    "Diff_Average":  4761681993.9292946,
    "Actual24h_Week":  0.000000080546681378037,
    "Estimate24h_Week":  0.0000000798392224412811,
    "ErrorRatio":  1
}
