{
    "Live":  0.00000000000000206,
    "Minute":  0.00000000000000206,
    "Minute_Fluctuation":  0.024875621890547477,
    "Minute_5":  0.00000000000000203750906765,
    "Minute_5_Fluctuation":  0.019219133382407376,
    "Minute_10":  0.0000000000000021087235044129,
    "Minute_10_Fluctuation":  0.13016172623331337,
    "Hour":  0.0000000000000032351489386691,
    "Hour_Fluctuation":  0.20970928124285404,
    "Day":  0.000000000000002641982205748,
    "Day_Fluctuation":  0.11088136574880747,
    "ThreeDay":  0.0000000000000025742336716792,
    "ThreeDay_Fluctuation":  0.087907883147807911,
    "Week":  0.0000000000000025742336716792,
    "Week_Fluctuation":  0.087907883147807911,
    "Duration":  "1.12:07:13.2212229",
    "Updated":  "\/Date(1640378866462)\/",
    "Failed":  0,
    "HashRate_Live":  36122622011,
    "HashRate_Average":  53341720713.805756,
    "BlockRate_Live":  176,
    "BlockRate_Average":  262.74709171108168,
    "Diff_Live":  5446.90605,
    "Diff_Average":  4138.2842421140358,
    "Actual24h_Week":  0.00000089276009467346,
    "Estimate24h_Week":  0.00000098033315573957,
    "ErrorRatio":  0.965717135103331
}
