{
    "Live":  0.00000000295102,
    "Minute":  0.00000000295102,
    "Minute_Fluctuation":  0.11468610712397079,
    "Minute_5":  0.00000000281444606239786,
    "Minute_5_Fluctuation":  0.0778084609480625,
    "Minute_10":  0.00000000268692889832591,
    "Minute_10_Fluctuation":  0.198951510073768,
    "Hour":  0.0000000015836118065777,
    "Hour_Fluctuation":  0.56156363139990007,
    "Day":  0.00000000125658944219375,
    "Day_Fluctuation":  0.21341756219816393,
    "ThreeDay":  0.00000000125658944219375,
    "ThreeDay_Fluctuation":  0.21341756219816393,
    "Week":  0.00000000125658944219375,
    "Week_Fluctuation":  0.21341756219816393,
    "Duration":  "12:21:44.9711153",
    "Updated":  "\/Date(1640378869694)\/",
    "Failed":  0,
    "HashRate_Live":  816,
    "HashRate_Average":  911.24555914124437,
    "BlockRate_Live":  60,
    "BlockRate_Average":  19.847469174113396,
    "Diff_Live":  0.000878823779,
    "Diff_Average":  0.0022404762936428322,
    "Actual24h_Week":  0.000000281086756602559,
    "Estimate24h_Week":  0.00000133266215404945,
    "ErrorRatio":  0.888142100400424
}
