{
    "Live":  0.00000036166,
    "Minute":  0.00000036166,
    "Minute_Fluctuation":  0.012032684128050163,
    "Minute_5":  0.0000003597257798179,
    "Minute_5_Fluctuation":  0.02410362091220479,
    "Minute_10":  0.000000354548995655134,
    "Minute_10_Fluctuation":  0.0359602378083968,
    "Hour":  0.00000036860854928145,
    "Hour_Fluctuation":  0.096405024239896414,
    "Day":  0.000000380130836563008,
    "Day_Fluctuation":  0.042010112975041404,
    "ThreeDay":  0.000000380087726268243,
    "ThreeDay_Fluctuation":  0.034521786213668984,
    "Week":  0.000000380087726268243,
    "Week_Fluctuation":  0.034521786213668984,
    "Duration":  "1.12:08:18.8643651",
    "Updated":  "\/Date(1640378865405)\/",
    "Failed":  0,
    "HashRate_Live":  2509,
    "HashRate_Average":  2636.2149923580896,
    "BlockRate_Live":  155,
    "BlockRate_Average":  174.44082949901369,
    "Diff_Live":  47696.533868287668,
    "Diff_Average":  47621.066173420681,
    "Actual24h_Week":  0.000139864597671105,
    "Estimate24h_Week":  0.000151770023485546,
    "ErrorRatio":  0.96988159450766
}
