{
    "Live":  0.00000000000006390116,
    "Minute":  0.00000000000006390116,
    "Minute_Fluctuation":  0.0073800679835201131,
    "Minute_5":  0.0000000000000636905818985934,
    "Minute_5_Fluctuation":  0.004404021087182429,
    "Minute_10":  0.0000000000000637541166377036,
    "Minute_10_Fluctuation":  0.010337994751862695,
    "Hour":  0.0000000000000644664303188762,
    "Hour_Fluctuation":  0.026162651953167269,
    "Day":  0.0000000000000629629425543528,
    "Day_Fluctuation":  0.067717542275196135,
    "ThreeDay":  0.0000000000000629629425543528,
    "ThreeDay_Fluctuation":  0.067717542275196121,
    "Week":  0.0000000000000629629425543528,
    "Week_Fluctuation":  0.067717542275196135,
    "Duration":  "12:21:44.9711153",
    "Updated":  "\/Date(1640378869307)\/",
    "Failed":  0,
    "HashRate_Live":  813501255,
    "HashRate_Average":  419195200.56676042,
    "BlockRate_Live":  174,
    "BlockRate_Average":  337.36122262437544,
    "Diff_Live":  16.9949371,
    "Diff_Average":  16.872970335228786,
    "Actual24h_Week":  0.0000516356940336899,
    "Estimate24h_Week":  0.0000590046157378535,
    "ErrorRatio":  0.982296290955196
}
