{
    "Live":  0.00000000000000712,
    "Minute":  0.00000000000000712,
    "Minute_Fluctuation":  0.12836767036450084,
    "Minute_5":  0.00000000000000675564689593,
    "Minute_5_Fluctuation":  0.14455352558473297,
    "Minute_10":  0.0000000000000058939782938955,
    "Minute_10_Fluctuation":  0.37475444407391378,
    "Hour":  0.0000000000000039735743301085,
    "Hour_Fluctuation":  0.34778912028192871,
    "Day":  0.0000000000000027581319303385,
    "Day_Fluctuation":  0.22202629056149134,
    "ThreeDay":  0.0000000000000026590687513297,
    "ThreeDay_Fluctuation":  0.19790261998248573,
    "Week":  0.0000000000000026590687513297,
    "Week_Fluctuation":  0.19790261998248573,
    "Duration":  "1.12:07:13.2212229",
    "Updated":  "\/Date(1640378866493)\/",
    "Failed":  0,
    "HashRate_Live":  504661176994,
    "HashRate_Average":  316219537955.53931,
    "BlockRate_Live":  1034,
    "BlockRate_Average":  467.18422561097464,
    "Diff_Live":  501074.5944381,
    "Diff_Average":  1039808.8556948839,
    "Actual24h_Week":  0.00000104921747289041,
    "Estimate24h_Week":  0.00000141431546019603,
    "ErrorRatio":  0.90092971374245
}
