{
    "Live":  0.0000000000000000048120303,
    "Minute":  0.0000000000000000048120303,
    "Minute_Fluctuation":  4.5417404275174822E-05,
    "Minute_5":  0.0000000000000000048119319966,
    "Minute_5_Fluctuation":  0.00011017188066100392,
    "Minute_10":  0.0000000000000000049122987488,
    "Minute_10_Fluctuation":  0.069400039598039448,
    "Hour":  0.0000000000000000056513480076,
    "Hour_Fluctuation":  0.12393601494809722,
    "Day":  0.0000000000000000054208369244,
    "Day_Fluctuation":  0.084406878154675236,
    "ThreeDay":  0.0000000000000000054208369244,
    "ThreeDay_Fluctuation":  0.084406878154675249,
    "Week":  0.0000000000000000054208369244,
    "Week_Fluctuation":  0.084406878154675236,
    "Duration":  "12:21:44.9711153",
    "Updated":  "\/Date(1640378867722)\/",
    "Failed":  0,
    "HashRate_Live":  307338480867580,
    "HashRate_Average":  211147433114586.66,
    "BlockRate_Live":  90,
    "BlockRate_Average":  71.875407167981848,
    "Diff_Live":  44645436.6,
    "Diff_Average":  38181887.417698547,
    "Actual24h_Week":  0.00394783661905524,
    "Estimate24h_Week":  0.00510451446925573,
    "ErrorRatio":  0.967877873525618
}
