{
    "Live":  0.00000000009998,
    "Minute":  0.00000000009998,
    "Minute_Fluctuation":  0.024910302409021146,
    "Minute_5":  0.00000000009888694068779,
    "Minute_5_Fluctuation":  0.07138668027300446,
    "Minute_10":  0.000000000102466360900472,
    "Minute_10_Fluctuation":  0.21200151923388239,
    "Hour":  0.000000000173271398521625,
    "Hour_Fluctuation":  0.40498417611249493,
    "Day":  0.000000000227940460291502,
    "Day_Fluctuation":  0.14590930499183694,
    "ThreeDay":  0.000000000228447230219346,
    "ThreeDay_Fluctuation":  0.124230207638155,
    "Week":  0.000000000228447230219346,
    "Week_Fluctuation":  0.124230207638155,
    "Duration":  "1.12:08:18.8643651",
    "Updated":  "\/Date(1640378865283)\/",
    "Failed":  0,
    "HashRate_Live":  36253998,
    "HashRate_Average":  30593868.331615105,
    "BlockRate_Live":  230,
    "BlockRate_Average":  238.59807880146872,
    "Diff_Live":  3.62166711,
    "Diff_Average":  2.8235780503193686,
    "Actual24h_Week":  0.000087609047052974,
    "Estimate24h_Week":  0.000100294331762144,
    "ErrorRatio":  0.951437965399246
}
