{
    "Live":  0.00000000000000024766,
    "Minute":  0.00000000000000024766,
    "Minute_Fluctuation":  0,
    "Minute_5":  0.00000000000000024766,
    "Minute_5_Fluctuation":  0.073809084831391661,
    "Minute_10":  0.0000000000000002288387761243,
    "Minute_10_Fluctuation":  0.22406257126412227,
    "Hour":  0.0000000000000001534290954503,
    "Hour_Fluctuation":  0.31114675204547843,
    "Day":  0.0000000000000001421089415887,
    "Day_Fluctuation":  0.199749743484045,
    "ThreeDay":  0.0000000000000001421089415887,
    "ThreeDay_Fluctuation":  0.199749743484045,
    "Week":  0.0000000000000001421089415887,
    "Week_Fluctuation":  0.199749743484045,
    "Duration":  "11:36:28.1950541",
    "Updated":  "\/Date(1640378726683)\/",
    "Failed":  0,
    "HashRate_Live":  0,
    "HashRate_Average":  3744000444.6973524,
    "BlockRate_Live":  17,
    "BlockRate_Average":  7.73549653246299,
    "Diff_Live":  27577.9151,
    "Diff_Average":  53427.5860145448,
    "Actual24h_Week":  0.0000000194562236103359,
    "Estimate24h_Week":  0.000000158388848412859,
    "ErrorRatio":  0.882973949375334
}
