{
    "Live":  0.0000000000022434,
    "Minute":  0.0000000000022434,
    "Minute_Fluctuation":  0,
    "Minute_5":  0.0000000000022434,
    "Minute_5_Fluctuation":  0.0085902603358833617,
    "Minute_10":  0.00000000000220046193304764,
    "Minute_10_Fluctuation":  0.064793124624270212,
    "Hour":  0.00000000000179699553800424,
    "Hour_Fluctuation":  0.13168869437500183,
    "Day":  0.00000000000159706599872499,
    "Day_Fluctuation":  0.072542676676859125,
    "ThreeDay":  0.00000000000159706599872499,
    "ThreeDay_Fluctuation":  0.072542676676859125,
    "Week":  0.00000000000159706599872499,
    "Week_Fluctuation":  0.072542676676859125,
    "Duration":  "12:21:44.9711153",
    "Updated":  "\/Date(1640378869012)\/",
    "Failed":  0,
    "HashRate_Live":  413416372,
    "HashRate_Average":  287061016.01534593,
    "BlockRate_Live":  0,
    "BlockRate_Average":  0.6687477789708155,
    "Diff_Live":  7324.44675,
    "Diff_Average":  7834.810471300535,
    "Actual24h_Week":  0.0000010701282592613,
    "Estimate24h_Week":  0.00000177710703995099,
    "ErrorRatio":  0.943605194974594
}
