{
    "Live":  0.00000000000039939464,
    "Minute":  0.00000000000039939464,
    "Minute_Fluctuation":  0.040763487577144021,
    "Minute_5":  0.000000000000407029222971699,
    "Minute_5_Fluctuation":  0.0389426359476897,
    "Minute_10":  0.000000000000404485552457435,
    "Minute_10_Fluctuation":  0.057156141637134644,
    "Hour":  0.000000000000456944049224503,
    "Hour_Fluctuation":  0.19575529957823623,
    "Day":  0.000000000000583124501646637,
    "Day_Fluctuation":  0.2630743298009417,
    "ThreeDay":  0.000000000000583124501646637,
    "ThreeDay_Fluctuation":  0.2630743298009417,
    "Week":  0.000000000000583124501646637,
    "Week_Fluctuation":  0.2630743298009417,
    "Duration":  "08:47:34.5241870",
    "Updated":  "\/Date(1640378869106)\/",
    "Failed":  0,
    "HashRate_Live":  473500101,
    "HashRate_Average":  469720530.71833235,
    "BlockRate_Live":  373,
    "BlockRate_Average":  308.48093626689052,
    "Diff_Live":  21.796752,
    "Diff_Average":  20.377220561438687,
    "Actual24h_Week":  0.000370116439328584,
    "Estimate24h_Week":  0.000329851551940292,
    "ErrorRatio":  1
}
