{
    "Live":  0.00000000000151164,
    "Minute":  0.00000000000151164,
    "Minute_Fluctuation":  0.011475486620853924,
    "Minute_5":  0.00000000000150392561020395,
    "Minute_5_Fluctuation":  0.013855991883542897,
    "Minute_10":  0.00000000000146372542618868,
    "Minute_10_Fluctuation":  0.12151775294281981,
    "Hour":  0.00000000000104266270587921,
    "Hour_Fluctuation":  0.26695734539479821,
    "Day":  0.000000000000740724415334134,
    "Day_Fluctuation":  0.064463270264381686,
    "ThreeDay":  0.000000000000731551888500282,
    "ThreeDay_Fluctuation":  0.051007471774593673,
    "Week":  0.000000000000731551888500282,
    "Week_Fluctuation":  0.051007471774593673,
    "Duration":  "1.12:07:13.2212229",
    "Updated":  "\/Date(1640378867001)\/",
    "Failed":  0,
    "HashRate_Live":  2516278173,
    "HashRate_Average":  1074020346.2956977,
    "BlockRate_Live":  66,
    "BlockRate_Average":  28.4355589614095,
    "Diff_Live":  979.606333,
    "Diff_Average":  735.38868717832474,
    "Actual24h_Week":  0.000289455607394832,
    "Estimate24h_Week":  0.000314396328054725,
    "ErrorRatio":  0.969555292847269
}
