{
    "Live":  0.00000000000010410654,
    "Minute":  0.00000000000010410654,
    "Minute_Fluctuation":  0.097629890432632108,
    "Minute_5":  0.0000000000000999412778052041,
    "Minute_5_Fluctuation":  0.055878687819137553,
    "Minute_10":  0.000000000000100885764028923,
    "Minute_10_Fluctuation":  0.10983594400924822,
    "Hour":  0.000000000000116335359369742,
    "Hour_Fluctuation":  0.25418061279127585,
    "Day":  0.0000000000000917268289921944,
    "Day_Fluctuation":  0.26318377124718656,
    "ThreeDay":  0.0000000000000917268289921944,
    "ThreeDay_Fluctuation":  0.26318377124718656,
    "Week":  0.0000000000000917268289921944,
    "Week_Fluctuation":  0.26318377124718656,
    "Duration":  "12:21:44.9711153",
    "Updated":  "\/Date(1640378869844)\/",
    "Failed":  0,
    "HashRate_Live":  584578156,
    "HashRate_Average":  514874543.12065852,
    "BlockRate_Live":  211,
    "BlockRate_Average":  148.05563849797747,
    "Diff_Live":  47.3014137,
    "Diff_Average":  45.39143544646052,
    "Actual24h_Week":  0.0000716254010676531,
    "Estimate24h_Week":  0.0000799745446509384,
    "ErrorRatio":  0.985200860580894
}
