{
    "Live":  0.0000000000000008208,
    "Minute":  0.0000000000000008208,
    "Minute_Fluctuation":  0.0012411476965758503,
    "Minute_5":  0.0000000000000008212588150199,
    "Minute_5_Fluctuation":  0.00094899817289114936,
    "Minute_10":  0.000000000000000819617502172,
    "Minute_10_Fluctuation":  0.009585825023812878,
    "Hour":  0.0000000000000008000006116469,
    "Hour_Fluctuation":  0.017690149240238633,
    "Day":  0.0000000000000008236772547552,
    "Day_Fluctuation":  0.039229594746715758,
    "ThreeDay":  0.0000000000000008236772547552,
    "ThreeDay_Fluctuation":  0.039229594746715758,
    "Week":  0.0000000000000008236772547552,
    "Week_Fluctuation":  0.039229594746715758,
    "Duration":  "12:21:44.9711153",
    "Updated":  "\/Date(1640378867618)\/",
    "Failed":  0,
    "HashRate_Live":  2208421577508,
    "HashRate_Average":  2194530640357.959,
    "BlockRate_Live":  211,
    "BlockRate_Average":  219.60986119702196,
    "Diff_Live":  825415871088957,
    "Diff_Average":  831144383232506.88,
    "Actual24h_Week":  0.000000824280118280233,
    "Estimate24h_Week":  0.000000850847861935638,
    "ErrorRatio":  0.995573616196086
}
