{
    "Live":  0.00000000000000108,
    "Minute":  0.00000000000000108,
    "Minute_Fluctuation":  0.092436974789915985,
    "Minute_5":  0.00000000000000112948005117,
    "Minute_5_Fluctuation":  0.10048142514824443,
    "Minute_10":  0.0000000000000012792681508412,
    "Minute_10_Fluctuation":  0.21951135004852859,
    "Hour":  0.0000000000000024286408097495,
    "Hour_Fluctuation":  0.29663753401682874,
    "Day":  0.0000000000000036308193046535,
    "Day_Fluctuation":  0.20359792329472454,
    "ThreeDay":  0.0000000000000036308193046535,
    "ThreeDay_Fluctuation":  0.20359792329472454,
    "Week":  0.0000000000000036308193046535,
    "Week_Fluctuation":  0.20359792329472454,
    "Duration":  "08:17:41.8463754",
    "Updated":  "\/Date(1640378864989)\/",
    "Failed":  0,
    "HashRate_Live":  22049445838,
    "HashRate_Average":  15840897180.684608,
    "BlockRate_Live":  57,
    "BlockRate_Average":  67.617161105254155,
    "Diff_Live":  7131.93596,
    "Diff_Average":  4532.0958058790193,
    "Actual24h_Week":  0.00000255388248111797,
    "Estimate24h_Week":  0.00000376710953559572,
    "ErrorRatio":  0.968982088321506
}
