{
    "Live":  0.00000000000000000027,
    "Minute":  0.00000000000000000027,
    "Minute_Fluctuation":  0.038461538461538443,
    "Minute_5":  0.0000000000000000002655018135,
    "Minute_5_Fluctuation":  0.044497460482266209,
    "Minute_10":  0.0000000000000000002728368009,
    "Minute_10_Fluctuation":  0.065566286153002015,
    "Hour":  0.0000000000000000002959839459,
    "Hour_Fluctuation":  0.066350783105384753,
    "Day":  0.0000000000000000002937579059,
    "Day_Fluctuation":  0.10164325401946595,
    "ThreeDay":  0.0000000000000000002937579059,
    "ThreeDay_Fluctuation":  0.10164325401946595,
    "Week":  0.0000000000000000002937579059,
    "Week_Fluctuation":  0.10164325401946595,
    "Duration":  "12:21:44.9711153",
    "Updated":  "\/Date(1640378869823)\/",
    "Failed":  0,
    "HashRate_Live":  0,
    "HashRate_Average":  0,
    "BlockRate_Live":  4,
    "BlockRate_Average":  1.9946957760720219,
    "Diff_Live":  329895.894,
    "Diff_Average":  313901.17080331175,
    "Actual24h_Week":  0,
    "Estimate24h_Week":  0,
    "ErrorRatio":  1
}
