{
    "Live":  0.00000000000151923542,
    "Minute":  0.00000000000151923542,
    "Minute_Fluctuation":  0.01147704069224003,
    "Minute_5":  0.00000000000151148123025006,
    "Minute_5_Fluctuation":  0.012012860312329491,
    "Minute_10":  0.00000000000146642988387148,
    "Minute_10_Fluctuation":  0.1162702768458644,
    "Hour":  0.00000000000104957085271266,
    "Hour_Fluctuation":  0.26502478959687936,
    "Day":  0.00000000000077539561169293,
    "Day_Fluctuation":  0.142172051439289,
    "ThreeDay":  0.00000000000077539561169293,
    "ThreeDay_Fluctuation":  0.142172051439289,
    "Week":  0.00000000000077539561169293,
    "Week_Fluctuation":  0.142172051439289,
    "Duration":  "12:21:44.9711153",
    "Updated":  "\/Date(1640378867707)\/",
    "Failed":  0,
    "HashRate_Live":  2516278173,
    "HashRate_Average":  1305718543.5535433,
    "BlockRate_Live":  66,
    "BlockRate_Average":  28.435326052582671,
    "Diff_Live":  979.606333,
    "Diff_Average":  735.45092100077147,
    "Actual24h_Week":  0.00072263507203188,
    "Estimate24h_Week":  0.000787221996052194,
    "ErrorRatio":  0.988369625776539
}
