{
    "Live":  0.00000036853797,
    "Minute":  0.00000036853797,
    "Minute_Fluctuation":  0.0013736289489487755,
    "Minute_5":  0.000000368310568681196,
    "Minute_5_Fluctuation":  0.0076165969417399219,
    "Minute_10":  0.000000372685222054424,
    "Minute_10_Fluctuation":  0.048949284076452763,
    "Hour":  0.000000393300921706818,
    "Hour_Fluctuation":  0.19656003669924574,
    "Day":  0.000000372507203953352,
    "Day_Fluctuation":  0.18270937408143714,
    "ThreeDay":  0.000000372507203953352,
    "ThreeDay_Fluctuation":  0.18270937408143714,
    "Week":  0.000000372507203953352,
    "Week_Fluctuation":  0.18270937408143714,
    "Duration":  "12:21:44.9711153",
    "Updated":  "\/Date(1640378869705)\/",
    "Failed":  0,
    "HashRate_Live":  1390,
    "HashRate_Average":  909.37351185595321,
    "BlockRate_Live":  155,
    "BlockRate_Average":  174.48402964710991,
    "Diff_Live":  48.866041102569,
    "Diff_Average":  37.705545986986216,
    "Actual24h_Week":  0.000285387435363213,
    "Estimate24h_Week":  0.000323316247959205,
    "ErrorRatio":  0.983370161776405
}
