{
    "Live":  0.00000000002656,
    "Minute":  0.00000000002656,
    "Minute_Fluctuation":  0,
    "Minute_5":  0.00000000002656,
    "Minute_5_Fluctuation":  6.0607083179419377E-05,
    "Minute_10":  0.0000000000266118511804998,
    "Minute_10_Fluctuation":  0.0077886472965542622,
    "Hour":  0.0000000000268285505649868,
    "Hour_Fluctuation":  0.017780689501805041,
    "Day":  0.0000000000269423425841655,
    "Day_Fluctuation":  0.0088805960712131718,
    "ThreeDay":  0.0000000000269583208370595,
    "ThreeDay_Fluctuation":  0.0074448438684147182,
    "Week":  0.0000000000269583208370595,
    "Week_Fluctuation":  0.0074448438684147182,
    "Duration":  "1.12:07:13.2212229",
    "Updated":  "\/Date(1640378716658)\/",
    "Failed":  0,
    "HashRate_Live":  494804127,
    "HashRate_Average":  497266631.91974485,
    "BlockRate_Live":  75,
    "BlockRate_Average":  85.873476424248224,
    "Diff_Live":  93.3848397,
    "Diff_Average":  92.286459314297431,
    "Actual24h_Week":  0.00000982152129210695,
    "Estimate24h_Week":  0.0000107837702249238,
    "ErrorRatio":  0.965755007109773
}
