{
    "Live":  0.00000000000021586,
    "Minute":  0.00000000000021586,
    "Minute_Fluctuation":  0.016448717364560064,
    "Minute_5":  0.00000000000021748384531567,
    "Minute_5_Fluctuation":  0.03780748718702736,
    "Minute_10":  0.00000000000022314913798217,
    "Minute_10_Fluctuation":  0.0681013628048528,
    "Hour":  0.00000000000023919466276565,
    "Hour_Fluctuation":  0.12182561677971186,
    "Day":  0.000000000000235998549942002,
    "Day_Fluctuation":  0.048927114305306059,
    "ThreeDay":  0.000000000000236058263438487,
    "ThreeDay_Fluctuation":  0.041051577256620016,
    "Week":  0.000000000000236058263438487,
    "Week_Fluctuation":  0.041051577256620016,
    "Duration":  "1.12:07:13.2212229",
    "Updated":  "\/Date(1640378866554)\/",
    "Failed":  0,
    "HashRate_Live":  108385179226,
    "HashRate_Average":  110870224541.37926,
    "BlockRate_Live":  377,
    "BlockRate_Average":  405.71562345408887,
    "Diff_Live":  1467302.639279604,
    "Diff_Average":  1389140.9094132211,
    "Actual24h_Week":  0.0000381388254171431,
    "Estimate24h_Week":  0.0000896882321234006,
    "ErrorRatio":  0.779418809908712
}
