{
    "Live":  0.00000000000000044143,
    "Minute":  0.00000000000000044143,
    "Minute_Fluctuation":  0,
    "Minute_5":  0.00000000000000044143,
    "Minute_5_Fluctuation":  0.007529764514273448,
    "Minute_10":  0.0000000000000004453403168545,
    "Minute_10_Fluctuation":  0.026168716165680644,
    "Hour":  0.0000000000000005026782666754,
    "Hour_Fluctuation":  0.13259668283764831,
    "Day":  0.000000000000000512805228359,
    "Day_Fluctuation":  0.19683104707674134,
    "ThreeDay":  0.000000000000000512805228359,
    "ThreeDay_Fluctuation":  0.19683104707674126,
    "Week":  0.000000000000000512805228359,
    "Week_Fluctuation":  0.19683104707674132,
    "Duration":  "12:21:44.9711153",
    "Updated":  "\/Date(1640378869582)\/",
    "Failed":  0,
    "HashRate_Live":  7501278809029,
    "HashRate_Average":  4620562157308.83,
    "BlockRate_Live":  92,
    "BlockRate_Average":  54.260625298815064,
    "Diff_Live":  1818555.22,
    "Diff_Average":  1640768.8207860317,
    "Actual24h_Week":  0.000000478765372214429,
    "Estimate24h_Week":  0.000000487236257593412,
    "ErrorRatio":  0.9975354620257
}
