{
    "Live":  0.00000000246,
    "Minute":  0.00000000246,
    "Minute_Fluctuation":  0.0040816326530613012,
    "Minute_5":  0.00000000245550181353,
    "Minute_5_Fluctuation":  0.046570974615128324,
    "Minute_10":  0.00000000232833206411719,
    "Minute_10_Fluctuation":  0.15550145534052792,
    "Hour":  0.00000000163100597177579,
    "Hour_Fluctuation":  0.2494847189901637,
    "Day":  0.00000000140357287364181,
    "Day_Fluctuation":  0.053223790230492757,
    "ThreeDay":  0.0000000014049818020231,
    "ThreeDay_Fluctuation":  0.0435122532387564,
    "Week":  0.0000000014049818020231,
    "Week_Fluctuation":  0.043512253238756383,
    "Duration":  "1.12:08:18.8643651",
    "Updated":  "\/Date(1640378865059)\/",
    "Failed":  0,
    "HashRate_Live":  13277,
    "HashRate_Average":  51818.886276405319,
    "BlockRate_Live":  73,
    "BlockRate_Average":  180.23691078278694,
    "Diff_Live":  0.00373613295,
    "Diff_Average":  0.004743555975265012,
    "Actual24h_Week":  0.000000466043596039313,
    "Estimate24h_Week":  0.000000617959857085408,
    "ErrorRatio":  0.905611943649142
}
