{
    "Live":  0.00000000000033813,
    "Minute":  0.00000000000033813,
    "Minute_Fluctuation":  0,
    "Minute_5":  0.000000000000347411165846358,
    "Minute_5_Fluctuation":  0.08341737186306708,
    "Minute_10":  0.000000000000396591046717371,
    "Minute_10_Fluctuation":  0.233369061313168,
    "Hour":  0.000000000000441732716183143,
    "Hour_Fluctuation":  0.46075850583866779,
    "Day":  0.000000000000145320050317533,
    "Day_Fluctuation":  0.52766262218933635,
    "ThreeDay":  0.000000000000133035272659074,
    "ThreeDay_Fluctuation":  0.45457920971347771,
    "Week":  0.000000000000133035272659074,
    "Week_Fluctuation":  0.45457920971347771,
    "Duration":  "1.11:43:44.0285476",
    "Updated":  "\/Date(1640192780576)\/",
    "Failed":  0,
    "HashRate_Live":  0,
    "HashRate_Average":  66626405.838020816,
    "BlockRate_Live":  401,
    "BlockRate_Average":  406.35405597312604,
    "Diff_Live":  1.79739996,
    "Diff_Average":  1.690199618435003,
    "Actual24h_Week":  0.0000268492258474994,
    "Estimate24h_Week":  0.000157410742158688,
    "ErrorRatio":  0.684720740560955
}
