{
    "Live":  0.00000000000000273839,
    "Minute":  0.00000000000000273839,
    "Minute_Fluctuation":  0.076385777065006391,
    "Minute_5":  0.0000000000000026509767423285,
    "Minute_5_Fluctuation":  0.057243028810249279,
    "Minute_10":  0.0000000000000026015059997136,
    "Minute_10_Fluctuation":  0.064509821811492091,
    "Hour":  0.0000000000000026795135328656,
    "Hour_Fluctuation":  0.1448015684464784,
    "Day":  0.0000000000000027265670826186,
    "Day_Fluctuation":  0.17477619073531134,
    "ThreeDay":  0.0000000000000027265670826186,
    "ThreeDay_Fluctuation":  0.17477619073531131,
    "Week":  0.0000000000000027265670826186,
    "Week_Fluctuation":  0.17477619073531131,
    "Duration":  "12:21:44.9711153",
    "Updated":  "\/Date(1640378869160)\/",
    "Failed":  0,
    "HashRate_Live":  441653479912,
    "HashRate_Average":  387206613070.50983,
    "BlockRate_Live":  13,
    "BlockRate_Average":  11.980725615222527,
    "Diff_Live":  562206.771,
    "Diff_Average":  602781.968391906,
    "Actual24h_Week":  0.00000251981533454052,
    "Estimate24h_Week":  0.00000258422700866307,
    "ErrorRatio":  0.996466702275755
}
