{
    "Live":  0.00000000121177,
    "Minute":  0.00000000121177,
    "Minute_Fluctuation":  0,
    "Minute_5":  0.00000000121177,
    "Minute_5_Fluctuation":  0.026171761225155438,
    "Minute_10":  0.00000000118791182532234,
    "Minute_10_Fluctuation":  0.048586878034012147,
    "Hour":  0.00000000118963471525279,
    "Hour_Fluctuation":  0.068610680106720667,
    "Day":  0.00000000129920199429849,
    "Day_Fluctuation":  0.0957787836331909,
    "ThreeDay":  0.00000000129920199429849,
    "ThreeDay_Fluctuation":  0.0957787836331909,
    "Week":  0.00000000129920199429849,
    "Week_Fluctuation":  0.0957787836331909,
    "Duration":  "12:05:33.8457820",
    "Updated":  "\/Date(1640378867650)\/",
    "Failed":  0,
    "HashRate_Live":  1630334,
    "HashRate_Average":  2918598.8825950245,
    "BlockRate_Live":  6,
    "BlockRate_Average":  7.4450241127213186,
    "Diff_Live":  1967652570.4819,
    "Diff_Average":  1952252898.9362948,
    "Actual24h_Week":  0.000000805758369532542,
    "Estimate24h_Week":  0.00000129845120906946,
    "ErrorRatio":  0.947340434084454
}
