{
    "Live":  0.00000000000000441679,
    "Minute":  0.00000000000000441679,
    "Minute_Fluctuation":  0.10833435799120232,
    "Minute_5":  0.0000000000000042225942937172,
    "Minute_5_Fluctuation":  0.11209489858278381,
    "Minute_10":  0.0000000000000037047341735615,
    "Minute_10_Fluctuation":  0.34952735641751936,
    "Hour":  0.0000000000000014830304996077,
    "Hour_Fluctuation":  0.10504132861121786,
    "Day":  0.0000000000000006443260397019,
    "Day_Fluctuation":  0.4426122586139119,
    "ThreeDay":  0.0000000000000006443260397019,
    "ThreeDay_Fluctuation":  0.4426122586139119,
    "Week":  0.0000000000000006443260397019,
    "Week_Fluctuation":  0.442612258613912,
    "Duration":  "12:21:44.9711153",
    "Updated":  "\/Date(1640378869605)\/",
    "Failed":  0,
    "HashRate_Live":  1501199876,
    "HashRate_Average":  2044911345.8919978,
    "BlockRate_Live":  1034,
    "BlockRate_Average":  467.18983960799005,
    "Diff_Live":  19.2788762,
    "Diff_Average":  122.81210778790849,
    "Actual24h_Week":  0.000000494312702376214,
    "Estimate24h_Week":  0.000000680482065656076,
    "ErrorRatio":  0.961217318155975
}
