{
    "Live":  0.00000000000012767931,
    "Minute":  0.00000000000012767931,
    "Minute_Fluctuation":  0.062921272117669125,
    "Minute_5":  0.000000000000131535686228087,
    "Minute_5_Fluctuation":  0.077108359720681974,
    "Minute_10":  0.00000000000013886163719445,
    "Minute_10_Fluctuation":  0.111284142222382,
    "Hour":  0.000000000000154326738638626,
    "Hour_Fluctuation":  0.15751761766121608,
    "Day":  0.000000000000144434172938441,
    "Day_Fluctuation":  0.20707470664643957,
    "ThreeDay":  0.000000000000144434172938441,
    "ThreeDay_Fluctuation":  0.20707470664643957,
    "Week":  0.000000000000144434172938441,
    "Week_Fluctuation":  0.20707470664643957,
    "Duration":  "12:21:44.9711153",
    "Updated":  "\/Date(1640378868642)\/",
    "Failed":  0,
    "HashRate_Live":  0,
    "HashRate_Average":  0,
    "BlockRate_Live":  0,
    "BlockRate_Average":  0,
    "Diff_Live":  6119489.79,
    "Diff_Average":  5099400.6973882886,
    "Actual24h_Week":  0,
    "Estimate24h_Week":  0.000144387472507294,
    "ErrorRatio":  0.858242414391074
}
