{
    "Live":  0.00000000000000026946,
    "Minute":  0.00000000000000026946,
    "Minute_Fluctuation":  0,
    "Minute_5":  0.00000000000000026946,
    "Minute_5_Fluctuation":  1.1104832289623786E-07,
    "Minute_10":  0.0000000000000002694594452145,
    "Minute_10_Fluctuation":  7.5705486052497856E-06,
    "Hour":  0.0000000000000002695585009977,
    "Hour_Fluctuation":  0.0030495240985600348,
    "Day":  0.0000000000000004737991805772,
    "Day_Fluctuation":  0.55821458848420624,
    "ThreeDay":  0.0000000000000004737991805772,
    "ThreeDay_Fluctuation":  0.55821458848420624,
    "Week":  0.0000000000000004737991805772,
    "Week_Fluctuation":  0.55821458848420624,
    "Duration":  "12:21:44.9711153",
    "Updated":  "\/Date(1640377030047)\/",
    "Failed":  0,
    "HashRate_Live":  0,
    "HashRate_Average":  633790834.38210845,
    "BlockRate_Live":  0,
    "BlockRate_Average":  0.00855063252627038,
    "Diff_Live":  31007.4344,
    "Diff_Average":  31005.208473082723,
    "Actual24h_Week":  0.000000447944968069,
    "Estimate24h_Week":  0.000000822458642762454,
    "ErrorRatio":  0.935449454183188
}
