{
    "Live":  0.00000000000001948,
    "Minute":  0.00000000000001948,
    "Minute_Fluctuation":  0,
    "Minute_5":  0.00000000000001948,
    "Minute_5_Fluctuation":  0.14158044333743719,
    "Minute_10":  0.0000000000000174519974261299,
    "Minute_10_Fluctuation":  0.33071321140516291,
    "Hour":  0.000000000000013478333577605,
    "Hour_Fluctuation":  0.36630938040117972,
    "Day":  0.0000000000000088931456649188,
    "Day_Fluctuation":  0.21966655226913967,
    "ThreeDay":  0.0000000000000085748575778727,
    "ThreeDay_Fluctuation":  0.18979130278216325,
    "Week":  0.0000000000000085748575778727,
    "Week_Fluctuation":  0.18979130278216325,
    "Duration":  "1.12:07:13.2212229",
    "Updated":  "\/Date(1640378866326)\/",
    "Failed":  0,
    "HashRate_Live":  328387473,
    "HashRate_Average":  324195781.27227777,
    "BlockRate_Live":  0,
    "BlockRate_Average":  0,
    "Diff_Live":  368449.593,
    "Diff_Average":  643511.50525964843,
    "Actual24h_Week":  0,
    "Estimate24h_Week":  0.00000423800610960376,
    "ErrorRatio":  0.616221829832197
}
