{
    "Live":  0.00000000403881,
    "Minute":  0.00000000403881,
    "Minute_Fluctuation":  0.015513777592271854,
    "Minute_5":  0.0000000040110561894801,
    "Minute_5_Fluctuation":  0.029260888490591226,
    "Minute_10":  0.00000000400935210324924,
    "Minute_10_Fluctuation":  0.054322307531396594,
    "Hour":  0.00000000322271889409265,
    "Hour_Fluctuation":  0.16417305369490812,
    "Day":  0.00000000252933979728508,
    "Day_Fluctuation":  0.1301619190703478,
    "ThreeDay":  0.00000000252933979728508,
    "ThreeDay_Fluctuation":  0.13016191907034785,
    "Week":  0.00000000252933979728508,
    "Week_Fluctuation":  0.13016191907034785,
    "Duration":  "12:21:44.9711153",
    "Updated":  "\/Date(1640378869345)\/",
    "Failed":  0,
    "HashRate_Live":  38680,
    "HashRate_Average":  31781.133891668647,
    "BlockRate_Live":  106,
    "BlockRate_Average":  86.435343511797839,
    "Diff_Live":  0.00476324973,
    "Diff_Average":  0.00666018276198134,
    "Actual24h_Week":  0.00000235883804688172,
    "Estimate24h_Week":  0.00000256670752832747,
    "ErrorRatio":  0.988519503883354
}
