{
    "Live":  0.00000000000034513369,
    "Minute":  0.00000000000034513369,
    "Minute_Fluctuation":  0.0021992510983333477,
    "Minute_5":  0.000000000000344793010851322,
    "Minute_5_Fluctuation":  0.023217536973208275,
    "Minute_10":  0.000000000000516578714173013,
    "Minute_10_Fluctuation":  0.56755949710074027,
    "Hour":  0.00000000000272358723212297,
    "Hour_Fluctuation":  0.39509647892002531,
    "Day":  0.00000000000351397887579839,
    "Day_Fluctuation":  0.21618162266097904,
    "ThreeDay":  0.00000000000351397887579839,
    "ThreeDay_Fluctuation":  0.21618162266097904,
    "Week":  0.00000000000351397887579839,
    "Week_Fluctuation":  0.21618162266097904,
    "Duration":  "08:19:29.9684795",
    "Updated":  "\/Date(1640378868021)\/",
    "Failed":  0,
    "HashRate_Live":  528132085,
    "HashRate_Average":  284963817.75093305,
    "BlockRate_Live":  558,
    "BlockRate_Average":  351.459423347031,
    "Diff_Live":  13.1814236,
    "Diff_Average":  5.7401358374823639,
    "Actual24h_Week":  0.000605055788964422,
    "Estimate24h_Week":  0.00192008000412769,
    "ErrorRatio":  0.933805338309329
}
