{
    "Live":  0.00000000083502,
    "Minute":  0.00000000083502,
    "Minute_Fluctuation":  0,
    "Minute_5":  0.00000000083502,
    "Minute_5_Fluctuation":  0.00046869515556197214,
    "Minute_10":  0.000000000835623615682051,
    "Minute_10_Fluctuation":  0.0037045143290178406,
    "Hour":  0.000000000850685927921205,
    "Hour_Fluctuation":  0.012136765193632612,
    "Day":  0.000000000849538841987275,
    "Day_Fluctuation":  0.012905897208953269,
    "ThreeDay":  0.000000000849538841987275,
    "ThreeDay_Fluctuation":  0.012905897208953269,
    "Week":  0.000000000849538841987275,
    "Week_Fluctuation":  0.012905897208953269,
    "Duration":  "12:21:44.9711153",
    "Updated":  "\/Date(1640378869884)\/",
    "Failed":  0,
    "HashRate_Live":  623719,
    "HashRate_Average":  317222.21801935433,
    "BlockRate_Live":  0,
    "BlockRate_Average":  0,
    "Diff_Live":  344926882161,
    "Diff_Average":  334889578582.99377,
    "Actual24h_Week":  0,
    "Estimate24h_Week":  0.000000839530946189465,
    "ErrorRatio":  0.858242414391074
}
