{
    "Live":  0.00000000054,
    "Minute":  0.00000000054,
    "Minute_Fluctuation":  0,
    "Minute_5":  0.00000000054,
    "Minute_5_Fluctuation":  0.024029000263060509,
    "Minute_10":  0.000000000554732265022153,
    "Minute_10_Fluctuation":  0.054621621294647073,
    "Hour":  0.000000000653951452028117,
    "Hour_Fluctuation":  0.10406691999097789,
    "Day":  0.000000000562965268605223,
    "Day_Fluctuation":  0.0850924469713764,
    "ThreeDay":  0.000000000551792953966933,
    "ThreeDay_Fluctuation":  0.070882604676549707,
    "Week":  0.000000000551792953966933,
    "Week_Fluctuation":  0.0708826046765497,
    "Duration":  "1.12:08:18.8643651",
    "Updated":  "\/Date(1640378864657)\/",
    "Failed":  0,
    "HashRate_Live":  94847,
    "HashRate_Average":  177872.74265226509,
    "BlockRate_Live":  30,
    "BlockRate_Average":  25.602946645284234,
    "Diff_Live":  0.159091792,
    "Diff_Average":  0.13995892358077694,
    "Actual24h_Week":  0.000000230499283426821,
    "Estimate24h_Week":  0.000000225592019153691,
    "ErrorRatio":  1.00835196680683
}
