{
    "Live":  0.00000001761058,
    "Minute":  0.00000001761058,
    "Minute_Fluctuation":  0,
    "Minute_5":  0.00000001761058,
    "Minute_5_Fluctuation":  0.015577027809382707,
    "Minute_10":  0.0000000177172114209327,
    "Minute_10_Fluctuation":  0.021258337976573255,
    "Hour":  0.0000000172153155382222,
    "Hour_Fluctuation":  0.048857709971015413,
    "Day":  0.0000000160233973328791,
    "Day_Fluctuation":  0.10235404237391883,
    "ThreeDay":  0.0000000160233973328791,
    "ThreeDay_Fluctuation":  0.10235404237391883,
    "Week":  0.0000000160233973328791,
    "Week_Fluctuation":  0.10235404237391883,
    "Duration":  "12:21:44.9711153",
    "Updated":  "\/Date(1640378723582)\/",
    "Failed":  0,
    "HashRate_Live":  0,
    "HashRate_Average":  5479.3012509852033,
    "BlockRate_Live":  13,
    "BlockRate_Average":  16.38205980797661,
    "Diff_Live":  194000000,
    "Diff_Average":  201747819.56944844,
    "Actual24h_Week":  0.0000183321609455739,
    "Estimate24h_Week":  0.000018549552727239,
    "ErrorRatio":  0.998338669694454
}
