{
    "Live":  0.00000000000027245456,
    "Minute":  0.00000000000027245456,
    "Minute_Fluctuation":  0.0073579342205723442,
    "Minute_5":  0.000000000000271559393903351,
    "Minute_5_Fluctuation":  0.0085896460220615256,
    "Minute_10":  0.000000000000263848306507033,
    "Minute_10_Fluctuation":  0.11422461146363605,
    "Hour":  0.000000000000190543844315071,
    "Hour_Fluctuation":  0.20076462258424801,
    "Day":  0.000000000000175939881995663,
    "Day_Fluctuation":  0.17074440844687344,
    "ThreeDay":  0.000000000000175939881995663,
    "ThreeDay_Fluctuation":  0.17074440844687344,
    "Week":  0.000000000000175939881995663,
    "Week_Fluctuation":  0.17074440844687344,
    "Duration":  "12:21:44.9711153",
    "Updated":  "\/Date(1640378868699)\/",
    "Failed":  0,
    "HashRate_Live":  114363981,
    "HashRate_Average":  96847234.934558034,
    "BlockRate_Live":  2929,
    "BlockRate_Average":  2402.1438315204186,
    "Diff_Live":  5856856550,
    "Diff_Average":  8593829305.3017864,
    "Actual24h_Week":  0.000192511478103669,
    "Estimate24h_Week":  0.000214450188627183,
    "ErrorRatio":  0.985497897413402
}
