{
    "Live":  0.00000000000017583379,
    "Minute":  0.00000000000017583379,
    "Minute_Fluctuation":  0.05248851524761159,
    "Minute_5":  0.000000000000180215257527476,
    "Minute_5_Fluctuation":  0.046063291062662617,
    "Minute_10":  0.000000000000187833338683559,
    "Minute_10_Fluctuation":  0.085242897823709057,
    "Hour":  0.000000000000216118591801101,
    "Hour_Fluctuation":  0.12507181826729918,
    "Day":  0.000000000000215448779965491,
    "Day_Fluctuation":  0.134430031515683,
    "ThreeDay":  0.000000000000215448779965491,
    "ThreeDay_Fluctuation":  0.134430031515683,
    "Week":  0.000000000000215448779965491,
    "Week_Fluctuation":  0.134430031515683,
    "Duration":  "12:21:44.9711153",
    "Updated":  "\/Date(1640378869732)\/",
    "Failed":  0,
    "HashRate_Live":  0,
    "HashRate_Average":  829983238.87112558,
    "BlockRate_Live":  377,
    "BlockRate_Average":  271.07486998575672,
    "Diff_Live":  50.0033083,
    "Diff_Average":  55.525747444164253,
    "Actual24h_Week":  0.0000693646605777322,
    "Estimate24h_Week":  0.000219761800055814,
    "ErrorRatio":  0.902986163339184
}
