{
    "Live":  0.00000000000000032159581,
    "Minute":  0.00000000000000032159581,
    "Minute_Fluctuation":  0,
    "Minute_5":  0.00000000000000032159581,
    "Minute_5_Fluctuation":  0.000873176500473282,
    "Minute_10":  0.0000000000000003268473826911,
    "Minute_10_Fluctuation":  0.054299409096687207,
    "Hour":  0.0000000000000003852385804039,
    "Hour_Fluctuation":  0.069248420795324353,
    "Day":  0.0000000000000004270181206091,
    "Day_Fluctuation":  0.0836374301152396,
    "ThreeDay":  0.0000000000000004270181206091,
    "ThreeDay_Fluctuation":  0.0836374301152396,
    "Week":  0.0000000000000004270181206091,
    "Week_Fluctuation":  0.0836374301152396,
    "Duration":  "12:21:44.9711153",
    "Updated":  "\/Date(1640378723289)\/",
    "Failed":  0,
    "HashRate_Live":  0,
    "HashRate_Average":  0,
    "BlockRate_Live":  0,
    "BlockRate_Average":  0,
    "Diff_Live":  3717548.98,
    "Diff_Average":  3150066.2311483463,
    "Actual24h_Week":  0.000131673169049987,
    "Estimate24h_Week":  0.000127954591403978,
    "ErrorRatio":  1
}
