{
    "Live":  0.00000000000331,
    "Minute":  0.00000000000331,
    "Minute_Fluctuation":  0.027950310559006156,
    "Minute_5":  0.00000000000326951632177,
    "Minute_5_Fluctuation":  0.02476908915617565,
    "Minute_10":  0.00000000000325181386573111,
    "Minute_10_Fluctuation":  0.033378923915071024,
    "Hour":  0.00000000000348591578667836,
    "Hour_Fluctuation":  0.10262176454149306,
    "Day":  0.00000000000342883317176967,
    "Day_Fluctuation":  0.04345699831596353,
    "ThreeDay":  0.00000000000342684732068022,
    "ThreeDay_Fluctuation":  0.036745052312419133,
    "Week":  0.00000000000342684732068022,
    "Week_Fluctuation":  0.036745052312419133,
    "Duration":  "1.12:08:18.8643651",
    "Updated":  "\/Date(1640378864519)\/",
    "Failed":  0,
    "HashRate_Live":  228887407,
    "HashRate_Average":  426011417.69460434,
    "BlockRate_Live":  740,
    "BlockRate_Average":  742.97970124342544,
    "Diff_Live":  13.6053932,
    "Diff_Average":  13.143502535402213,
    "Actual24h_Week":  0.00000135111996911349,
    "Estimate24h_Week":  0.00000135264803071371,
    "ErrorRatio":  0.999566260372898
}
