{
    "Live":  0.00000000000537392,
    "Minute":  0.00000000000537392,
    "Minute_Fluctuation":  0.21136681821250267,
    "Minute_5":  0.0000000000060217937972741,
    "Minute_5_Fluctuation":  0.26287212426398815,
    "Minute_10":  0.00000000000605976003524405,
    "Minute_10_Fluctuation":  0.17641605408578911,
    "Hour":  0.00000000000630901432579905,
    "Hour_Fluctuation":  0.14723387285691097,
    "Day":  0.00000000000578532156353086,
    "Day_Fluctuation":  0.25989140008573985,
    "ThreeDay":  0.00000000000578532156353086,
    "ThreeDay_Fluctuation":  0.25989140008573985,
    "Week":  0.00000000000578532156353086,
    "Week_Fluctuation":  0.25989140008573985,
    "Duration":  "12:21:44.9711153",
    "Updated":  "\/Date(1640378868615)\/",
    "Failed":  0,
    "HashRate_Live":  1339314,
    "HashRate_Average":  3303739.8700982989,
    "BlockRate_Live":  167,
    "BlockRate_Average":  172.98035485338193,
    "Diff_Live":  0.394235802,
    "Diff_Average":  0.39438740800722849,
    "Actual24h_Week":  0.00000524165291762981,
    "Estimate24h_Week":  0.00000522345635193934,
    "ErrorRatio":  1
}
