{
    "Live":  0.00000000000070052,
    "Minute":  0.00000000000070052,
    "Minute_Fluctuation":  0,
    "Minute_5":  0.00000000000070052,
    "Minute_5_Fluctuation":  0.0026737195271910779,
    "Minute_10":  0.000000000000735444049688155,
    "Minute_10_Fluctuation":  0.14118222081389095,
    "Hour":  0.00000000000122796017921404,
    "Hour_Fluctuation":  0.31531528014675847,
    "Day":  0.00000000000149416422353353,
    "Day_Fluctuation":  0.18163309609364248,
    "ThreeDay":  0.00000000000149416422353353,
    "ThreeDay_Fluctuation":  0.18163309609364248,
    "Week":  0.00000000000149416422353353,
    "Week_Fluctuation":  0.18163309609364245,
    "Duration":  "12:21:44.9711153",
    "Updated":  "\/Date(1640377030326)\/",
    "Failed":  0,
    "HashRate_Live":  0,
    "HashRate_Average":  2730454.8132590572,
    "BlockRate_Live":  3,
    "BlockRate_Average":  2.4157230732744628,
    "Diff_Live":  13.5403767,
    "Diff_Average":  2446.6841164761868,
    "Actual24h_Week":  0.0000000667814763352926,
    "Estimate24h_Week":  0.00000147429980295552,
    "ErrorRatio":  0.864663619107857
}
