{
    "Live":  0.00000000000007688,
    "Minute":  0.00000000000007688,
    "Minute_Fluctuation":  0,
    "Minute_5":  0.00000000000007688,
    "Minute_5_Fluctuation":  0.0028442981786386185,
    "Minute_10":  0.0000000000000816477633367145,
    "Minute_10_Fluctuation":  0.16910994671954702,
    "Hour":  0.00000000000012834419844917,
    "Hour_Fluctuation":  0.20967691578657377,
    "Day":  0.000000000000159425845422992,
    "Day_Fluctuation":  0.14489466825959826,
    "ThreeDay":  0.000000000000159314803300223,
    "ThreeDay_Fluctuation":  0.12619895084197946,
    "Week":  0.000000000000159314803300223,
    "Week_Fluctuation":  0.12619895084197946,
    "Duration":  "1.12:07:13.2212229",
    "Updated":  "\/Date(1640378865694)\/",
    "Failed":  0,
    "HashRate_Live":  60697666397,
    "HashRate_Average":  137655906228.11411,
    "BlockRate_Live":  28,
    "BlockRate_Average":  47.995702861262096,
    "Diff_Live":  230699.48035,
    "Diff_Average":  236885.53746900163,
    "Actual24h_Week":  0.0000515316409672664,
    "Estimate24h_Week":  0.0000916136797712054,
    "ErrorRatio":  0.83209263565019
}
