{
    "Live":  0.00000000000019803064,
    "Minute":  0.00000000000019803064,
    "Minute_Fluctuation":  0.042907363804316666,
    "Minute_5":  0.000000000000202024084966201,
    "Minute_5_Fluctuation":  0.04130579030707264,
    "Minute_10":  0.000000000000209029648181257,
    "Minute_10_Fluctuation":  0.072564446115411962,
    "Hour":  0.000000000000225967392599057,
    "Hour_Fluctuation":  0.11358900711383545,
    "Day":  0.00000000000021565793741166,
    "Day_Fluctuation":  0.13473228010220592,
    "ThreeDay":  0.00000000000021565793741166,
    "ThreeDay_Fluctuation":  0.13473228010220592,
    "Week":  0.00000000000021565793741166,
    "Week_Fluctuation":  0.13473228010220592,
    "Duration":  "12:21:44.9711153",
    "Updated":  "\/Date(1640378869324)\/",
    "Failed":  0,
    "HashRate_Live":  60339816,
    "HashRate_Average":  81650254.830835372,
    "BlockRate_Live":  0,
    "BlockRate_Average":  0,
    "Diff_Live":  11463101.6,
    "Diff_Average":  11463117.059479455,
    "Actual24h_Week":  0,
    "Estimate24h_Week":  0.000215250764418026,
    "ErrorRatio":  0.858242414391074
}
