{
    "Live":  0.00000000000000129728,
    "Minute":  0.00000000000000129728,
    "Minute_Fluctuation":  0,
    "Minute_5":  0.00000000000000129728,
    "Minute_5_Fluctuation":  0.12372621521111674,
    "Minute_10":  0.0000000000000014245718824777,
    "Minute_10_Fluctuation":  0.16661225278793343,
    "Hour":  0.0000000000000015765987131665,
    "Hour_Fluctuation":  0.15078474972493908,
    "Day":  0.0000000000000015462269226842,
    "Day_Fluctuation":  0.26460013777928437,
    "ThreeDay":  0.0000000000000015462269226842,
    "ThreeDay_Fluctuation":  0.26460013777928437,
    "Week":  0.0000000000000015462269226842,
    "Week_Fluctuation":  0.26460013777928437,
    "Duration":  "12:21:44.9711153",
    "Updated":  "\/Date(1640378726670)\/",
    "Failed":  0,
    "HashRate_Live":  0,
    "HashRate_Average":  108532512.27087907,
    "BlockRate_Live":  1,
    "BlockRate_Average":  1.8897306953528694,
    "Diff_Live":  5264.72134,
    "Diff_Average":  4750.0040949988515,
    "Actual24h_Week":  0.000000198655490061991,
    "Estimate24h_Week":  0.00000127126410342468,
    "ErrorRatio":  0.880394320169962
}
