{
    "Live":  0.00000000000005506,
    "Minute":  0.00000000000005506,
    "Minute_Fluctuation":  0,
    "Minute_5":  0.00000000000005506,
    "Minute_5_Fluctuation":  0.015189502490522248,
    "Minute_10":  0.0000000000000588322808272604,
    "Minute_10_Fluctuation":  0.21292340524188555,
    "Hour":  0.000000000000137756630132518,
    "Hour_Fluctuation":  0.34142085165412489,
    "Day":  0.000000000000204132746982419,
    "Day_Fluctuation":  0.078691666934253085,
    "ThreeDay":  0.000000000000206191851469983,
    "ThreeDay_Fluctuation":  0.069919982975879147,
    "Week":  0.000000000000206191851469983,
    "Week_Fluctuation":  0.069919982975879147,
    "Duration":  "1.12:07:13.2212229",
    "Updated":  "\/Date(1640378867094)\/",
    "Failed":  0,
    "HashRate_Live":  16455677,
    "HashRate_Average":  10549390.622208575,
    "BlockRate_Live":  27,
    "BlockRate_Average":  11.392556765980686,
    "Diff_Live":  57359.18464338,
    "Diff_Average":  46844.48092189154,
    "Actual24h_Week":  0.000138363941057411,
    "Estimate24h_Week":  0.0000883511587216506,
    "ErrorRatio":  1.217244622114
}
