{
    "Live":  0.00000000000000000492972,
    "Minute":  0.00000000000000000492972,
    "Minute_Fluctuation":  0.00038932282161719366,
    "Minute_5":  0.0000000000000000049305836518,
    "Minute_5_Fluctuation":  0.011921023173194436,
    "Minute_10":  0.0000000000000000050046834331,
    "Minute_10_Fluctuation":  0.044887927942973818,
    "Hour":  0.000000000000000005354444347,
    "Hour_Fluctuation":  0.082388532582161486,
    "Day":  0.000000000000000005322471687,
    "Day_Fluctuation":  0.029975857569074258,
    "ThreeDay":  0.0000000000000000053132640573,
    "ThreeDay_Fluctuation":  0.025280570129335336,
    "Week":  0.0000000000000000053132640573,
    "Week_Fluctuation":  0.025280570129335336,
    "Duration":  "1.12:07:13.2212229",
    "Updated":  "\/Date(1640378866615)\/",
    "Failed":  0,
    "HashRate_Live":  8075469348363920,
    "HashRate_Average":  9135781421917732,
    "BlockRate_Live":  218,
    "BlockRate_Average":  227.35868822694519,
    "Diff_Live":  20831757799.232185,
    "Diff_Average":  22627012579.991524,
    "Actual24h_Week":  0.00185587327153859,
    "Estimate24h_Week":  0.00610347760486465,
    "ErrorRatio":  0.73291655607265
}
