{
    "Live":  0.00000000033624141,
    "Minute":  0.00000000033624141,
    "Minute_Fluctuation":  4.303640868290326E-05,
    "Minute_5":  0.000000000336234901124178,
    "Minute_5_Fluctuation":  0.007754261632793082,
    "Minute_10":  0.000000000336850225605649,
    "Minute_10_Fluctuation":  0.015681563781502247,
    "Hour":  0.000000000306644420326583,
    "Hour_Fluctuation":  0.089211603120459337,
    "Day":  0.000000000272412915238971,
    "Day_Fluctuation":  0.11431369121163282,
    "ThreeDay":  0.000000000272412915238971,
    "ThreeDay_Fluctuation":  0.1143136912116328,
    "Week":  0.000000000272412915238971,
    "Week_Fluctuation":  0.1143136912116328,
    "Duration":  "12:21:44.9711153",
    "Updated":  "\/Date(1640378868657)\/",
    "Failed":  0,
    "HashRate_Live":  32856947,
    "HashRate_Average":  25295473.974913087,
    "BlockRate_Live":  1047,
    "BlockRate_Average":  1041.7727476786215,
    "Diff_Live":  0.352395548,
    "Diff_Average":  0.4001322327718877,
    "Actual24h_Week":  0.000149390763459481,
    "Estimate24h_Week":  0.000262797223391671,
    "ErrorRatio":  0.938826499972251
}
