{
    "Live":  0.00000000000043252615,
    "Minute":  0.00000000000043252615,
    "Minute_Fluctuation":  0,
    "Minute_5":  0.00000000000043252615,
    "Minute_5_Fluctuation":  0.00436190681962471,
    "Minute_10":  0.000000000000430063686822483,
    "Minute_10_Fluctuation":  0.017062982330654709,
    "Hour":  0.000000000000425685845579347,
    "Hour_Fluctuation":  0.0441338293998741,
    "Day":  0.000000000000423332779032658,
    "Day_Fluctuation":  0.055644355853294233,
    "ThreeDay":  0.000000000000423332779032658,
    "ThreeDay_Fluctuation":  0.055644355853294233,
    "Week":  0.000000000000423332779032658,
    "Week_Fluctuation":  0.055644355853294233,
    "Duration":  "12:21:44.9711153",
    "Updated":  "\/Date(1640378868692)\/",
    "Failed":  0,
    "HashRate_Live":  271114597,
    "HashRate_Average":  279255030.09996045,
    "BlockRate_Live":  422,
    "BlockRate_Average":  617.07094198542165,
    "Diff_Live":  61602131049,
    "Diff_Average":  64617460203.957138,
    "Actual24h_Week":  0.000407490614550513,
    "Estimate24h_Week":  0.000429546448056744,
    "ErrorRatio":  0.992721202280731
}
