{
    "Live":  0.00000000000028909974,
    "Minute":  0.00000000000028909974,
    "Minute_Fluctuation":  0.018451565379333026,
    "Minute_5":  0.000000000000291544333415359,
    "Minute_5_Fluctuation":  0.016243307770558692,
    "Minute_10":  0.000000000000293673351698367,
    "Minute_10_Fluctuation":  0.018452392630801884,
    "Hour":  0.000000000000275015423920898,
    "Hour_Fluctuation":  0.068580639341500008,
    "Day":  0.000000000000290681853611165,
    "Day_Fluctuation":  0.1235814681008902,
    "ThreeDay":  0.000000000000290681853611165,
    "ThreeDay_Fluctuation":  0.1235814681008902,
    "Week":  0.000000000000290681853611165,
    "Week_Fluctuation":  0.1235814681008902,
    "Duration":  "12:21:44.9711153",
    "Updated":  "\/Date(1640378869790)\/",
    "Failed":  0,
    "HashRate_Live":  490969752,
    "HashRate_Average":  488894533.8653723,
    "BlockRate_Live":  15,
    "BlockRate_Average":  12.320544102290727,
    "Diff_Live":  4178092510639,
    "Diff_Average":  3928686434316.2725,
    "Actual24h_Week":  0.000224259311299381,
    "Estimate24h_Week":  0.000310003814569605,
    "ErrorRatio":  0.96079101871795
}
