{
    "Live":  0.00000000000082664,
    "Minute":  0.00000000000082664,
    "Minute_Fluctuation":  0.048022663933482292,
    "Minute_5":  0.0000000000008453974375799,
    "Minute_5_Fluctuation":  0.045874823094634525,
    "Minute_10":  0.00000000000082987322158423,
    "Minute_10_Fluctuation":  0.080245379072291234,
    "Hour":  0.000000000000655025287631109,
    "Hour_Fluctuation":  0.2529950339799138,
    "Day":  0.000000000000347397528523643,
    "Day_Fluctuation":  0.49300630763551062,
    "ThreeDay":  0.000000000000347397528523643,
    "ThreeDay_Fluctuation":  0.49300630763551079,
    "Week":  0.000000000000347397528523643,
    "Week_Fluctuation":  0.49300630763551079,
    "Duration":  "12:21:44.9711153",
    "Updated":  "\/Date(1640378869191)\/",
    "Failed":  0,
    "HashRate_Live":  687195,
    "HashRate_Average":  4970478.905574359,
    "BlockRate_Live":  98,
    "BlockRate_Average":  40.643630315626893,
    "Diff_Live":  4.31629845,
    "Diff_Average":  5.4830589418384887,
    "Actual24h_Week":  0.000000120167677214941,
    "Estimate24h_Week":  0.000000355034104278898,
    "ErrorRatio":  0.906222818484426
}
