{
    "Live":  0.00000000000085717,
    "Minute":  0.00000000000085717,
    "Minute_Fluctuation":  0.0051415970287836728,
    "Minute_5":  0.00000000000085916269660621,
    "Minute_5_Fluctuation":  0.0040355136483159965,
    "Minute_10":  0.00000000000085583657383042,
    "Minute_10_Fluctuation":  0.017666200135831027,
    "Hour":  0.000000000000811517473071218,
    "Hour_Fluctuation":  0.091373035790073082,
    "Day":  0.000000000000615891396269175,
    "Day_Fluctuation":  0.16388916551929067,
    "ThreeDay":  0.000000000000615891396269175,
    "ThreeDay_Fluctuation":  0.16388916551929067,
    "Week":  0.000000000000615891396269175,
    "Week_Fluctuation":  0.16388916551929067,
    "Duration":  "12:21:44.9711153",
    "Updated":  "\/Date(1640378869046)\/",
    "Failed":  0,
    "HashRate_Live":  885908588,
    "HashRate_Average":  873783571.72608709,
    "BlockRate_Live":  460,
    "BlockRate_Average":  466.84301641581533,
    "Diff_Live":  39.5873486,
    "Diff_Average":  40.214598650439427,
    "Actual24h_Week":  0.000000569146231211677,
    "Estimate24h_Week":  0.000000567785699158331,
    "ErrorRatio":  1
}
