{
    "Live":  0.00000000000363126731,
    "Minute":  0.00000000000363126731,
    "Minute_Fluctuation":  0.034543031280705731,
    "Minute_5":  0.00000000000357672826096185,
    "Minute_5_Fluctuation":  0.031400218564490587,
    "Minute_10":  0.00000000000336322139884647,
    "Minute_10_Fluctuation":  0.28182692406991222,
    "Hour":  0.00000000000166514684783648,
    "Hour_Fluctuation":  0.68066841927789523,
    "Day":  0.000000000000816765443999867,
    "Day_Fluctuation":  0.32600180837843012,
    "ThreeDay":  0.000000000000816765443999867,
    "ThreeDay_Fluctuation":  0.32600180837843007,
    "Week":  0.000000000000816765443999867,
    "Week_Fluctuation":  0.32600180837843007,
    "Duration":  "12:21:44.9711153",
    "Updated":  "\/Date(1640378869747)\/",
    "Failed":  0,
    "HashRate_Live":  76278619,
    "HashRate_Average":  407503557.78005439,
    "BlockRate_Live":  637,
    "BlockRate_Average":  1040.9990599978876,
    "Diff_Live":  1.75758307,
    "Diff_Average":  6.1369054061698369,
    "Actual24h_Week":  0.000627426282005107,
    "Estimate24h_Week":  0.000741672795022605,
    "ErrorRatio":  0.978163807600486
}
