{
    "Live":  0.00000000085,
    "Minute":  0.00000000085,
    "Minute_Fluctuation":  0.024096385542168714,
    "Minute_5":  0.00000000084100362706,
    "Minute_5_Fluctuation":  0.01408998535716211,
    "Minute_10":  0.00000000083727363169712,
    "Minute_10_Fluctuation":  0.012119905198555277,
    "Hour":  0.00000000084975897236759,
    "Hour_Fluctuation":  0.012780226659051748,
    "Day":  0.000000000831068557620772,
    "Day_Fluctuation":  0.010939553922042383,
    "ThreeDay":  0.000000000828929398866455,
    "ThreeDay_Fluctuation":  0.0092294173226308927,
    "Week":  0.000000000828929398866455,
    "Week_Fluctuation":  0.0092294173226308927,
    "Duration":  "1.12:07:13.2212229",
    "Updated":  "\/Date(1640378866523)\/",
    "Failed":  0,
    "HashRate_Live":  624707,
    "HashRate_Average":  305935.26432984654,
    "BlockRate_Live":  0,
    "BlockRate_Average":  0,
    "Diff_Live":  344926882161,
    "Diff_Average":  334896024675.71423,
    "Actual24h_Week":  0,
    "Estimate24h_Week":  0.000000333308723223123,
    "ErrorRatio":  0.616221829832197
}
