{
    "Live":  0.00000000000585,
    "Minute":  0.00000000000585,
    "Minute_Fluctuation":  0,
    "Minute_5":  0.00000000000585,
    "Minute_5_Fluctuation":  0.016257317105438845,
    "Minute_10":  0.00000000000573551289190751,
    "Minute_10_Fluctuation":  0.066188964352256741,
    "Hour":  0.00000000000537774105328293,
    "Hour_Fluctuation":  0.1637407091072921,
    "Day":  0.00000000000712705766775692,
    "Day_Fluctuation":  0.085340965610031017,
    "ThreeDay":  0.00000000000725962312490113,
    "ThreeDay_Fluctuation":  0.073047098555017481,
    "Week":  0.00000000000725962312490113,
    "Week_Fluctuation":  0.073047098555017481,
    "Duration":  "1.12:07:13.2212229",
    "Updated":  "\/Date(1640378867159)\/",
    "Failed":  0,
    "HashRate_Live":  18908941,
    "HashRate_Average":  40602942.223929338,
    "BlockRate_Live":  532,
    "BlockRate_Average":  510.4620940276676,
    "Diff_Live":  2.273114072,
    "Diff_Average":  2.0845727460080492,
    "Actual24h_Week":  0.0000021547767362394,
    "Estimate24h_Week":  0.00000245609708417752,
    "ErrorRatio":  0.952917100667156
}
