{
    "Live":  0.00000094224065,
    "Minute":  0.00000094224065,
    "Minute_Fluctuation":  0.0027169868051877266,
    "Minute_5":  0.000000943395347961408,
    "Minute_5_Fluctuation":  0.014755564090831447,
    "Minute_10":  0.00000093136930409646,
    "Minute_10_Fluctuation":  0.029443332238506214,
    "Hour":  0.000000874487374008782,
    "Hour_Fluctuation":  0.065486935966157789,
    "Day":  0.000000857117538015144,
    "Day_Fluctuation":  0.078012804298208782,
    "ThreeDay":  0.000000857117538015144,
    "ThreeDay_Fluctuation":  0.078012804298208782,
    "Week":  0.000000857117538015144,
    "Week_Fluctuation":  0.078012804298208782,
    "Duration":  "12:21:44.9711153",
    "Updated":  "\/Date(1640378869999)\/",
    "Failed":  0,
    "HashRate_Live":  180,
    "HashRate_Average":  1490.8807720351406,
    "BlockRate_Live":  253,
    "BlockRate_Average":  234.23809127814309,
    "Diff_Live":  33697.441524344,
    "Diff_Average":  34814.40979274916,
    "Actual24h_Week":  0.000874796678822686,
    "Estimate24h_Week":  0.000892353669928799,
    "ErrorRatio":  0.997210930202194
}
