{
    "Live":  0.00000000000000042309,
    "Minute":  0.00000000000000042309,
    "Minute_Fluctuation":  0,
    "Minute_5":  0.00000000000000042309,
    "Minute_5_Fluctuation":  0.10336644839345241,
    "Minute_10":  0.0000000000000004453467761494,
    "Minute_10_Fluctuation":  0.16990004370802864,
    "Hour":  0.0000000000000004329279609165,
    "Hour_Fluctuation":  0.20378065443321855,
    "Day":  0.0000000000000003979681982878,
    "Day_Fluctuation":  0.40776246997565069,
    "ThreeDay":  0.0000000000000003979681982878,
    "ThreeDay_Fluctuation":  0.40776246997565069,
    "Week":  0.0000000000000003979681982878,
    "Week_Fluctuation":  0.40776246997565069,
    "Duration":  "12:21:44.9711153",
    "Updated":  "\/Date(1640378867643)\/",
    "Failed":  0,
    "HashRate_Live":  19087521858,
    "HashRate_Average":  110446894621.68665,
    "BlockRate_Live":  573,
    "BlockRate_Average":  576.21681511830445,
    "Diff_Live":  4309.96941,
    "Diff_Average":  3851.2035101393926,
    "Actual24h_Week":  0.000000511713793630248,
    "Estimate24h_Week":  0.000000376348463518063,
    "ErrorRatio":  1
}
