{
    "Live":  0.00000000000000000492034731,
    "Minute":  0.00000000000000000492034731,
    "Minute_Fluctuation":  5.1505114566969453E-05,
    "Minute_5":  0.0000000000000000049202333215,
    "Minute_5_Fluctuation":  0.00042558490745974467,
    "Minute_10":  0.0000000000000000049051011043,
    "Minute_10_Fluctuation":  0.012907550690663155,
    "Hour":  0.0000000000000000047234511459,
    "Hour_Fluctuation":  0.02161234760784125,
    "Day":  0.0000000000000000047746183205,
    "Day_Fluctuation":  0.021007617991158828,
    "ThreeDay":  0.0000000000000000047746183205,
    "ThreeDay_Fluctuation":  0.021007617991158828,
    "Week":  0.0000000000000000047746183205,
    "Week_Fluctuation":  0.021007617991158828,
    "Duration":  "12:21:44.9711153",
    "Updated":  "\/Date(1640378869861)\/",
    "Failed":  0,
    "HashRate_Live":  7214092851642300,
    "HashRate_Average":  1850862890743841,
    "BlockRate_Live":  0,
    "BlockRate_Average":  0.66839428432951165,
    "Diff_Live":  51066629100,
    "Diff_Average":  52942625518.8401,
    "Actual24h_Week":  0.00405030032125228,
    "Estimate24h_Week":  0.00486716359319519,
    "ErrorRatio":  0.976208614527539
}
