{
    "Live":  0.00000000000000000429205169,
    "Minute":  0.00000000000000000429205169,
    "Minute_Fluctuation":  5.0919966448360466E-05,
    "Minute_5":  0.0000000000000000042919533866,
    "Minute_5_Fluctuation":  0.16657960204956751,
    "Minute_10":  0.0000000000000000035845548139,
    "Minute_10_Fluctuation":  0.63103039150020246,
    "Hour":  0.0000000000000000021796113345,
    "Hour_Fluctuation":  0.95197298624785,
    "Day":  0.0000000000000000032151081603,
    "Day_Fluctuation":  0.7695584567556033,
    "ThreeDay":  0.0000000000000000032151081603,
    "ThreeDay_Fluctuation":  0.7695584567556033,
    "Week":  0.0000000000000000032151081603,
    "Week_Fluctuation":  0.7695584567556033,
    "Duration":  "06:41:24.5628986",
    "Updated":  "\/Date(1640378868184)\/",
    "Failed":  0,
    "HashRate_Live":  39652171617602,
    "HashRate_Average":  55175742874562.227,
    "BlockRate_Live":  218,
    "BlockRate_Average":  194.98452092195862,
    "Diff_Live":  9748072.55,
    "Diff_Average":  57860294116.151474,
    "Actual24h_Week":  0.00455570708007787,
    "Estimate24h_Week":  33.9772287248531,
    "ErrorRatio":  0.921951567948954
}
