{
    "Live":  0.00000000000484936,
    "Minute":  0.00000000000484936,
    "Minute_Fluctuation":  0,
    "Minute_5":  0.00000000000484936,
    "Minute_5_Fluctuation":  0.020624331041030421,
    "Minute_10":  0.00000000000457854876880328,
    "Minute_10_Fluctuation":  0.26151017350940542,
    "Hour":  0.00000000000317979979457341,
    "Hour_Fluctuation":  0.387891896036408,
    "Day":  0.000000000003315801835113,
    "Day_Fluctuation":  0.32412238293566387,
    "ThreeDay":  0.000000000003315801835113,
    "ThreeDay_Fluctuation":  0.32412238293566387,
    "Week":  0.000000000003315801835113,
    "Week_Fluctuation":  0.32412238293566392,
    "Duration":  "12:21:44.9711153",
    "Updated":  "\/Date(1640378726728)\/",
    "Failed":  0,
    "HashRate_Live":  0,
    "HashRate_Average":  8866758.33717294,
    "BlockRate_Live":  620,
    "BlockRate_Average":  283.70779062668265,
    "Diff_Live":  0.100274498,
    "Diff_Average":  0.18278861970059673,
    "Actual24h_Week":  0.00000353950617744808,
    "Estimate24h_Week":  0.00000385463354034958,
    "ErrorRatio":  0.988410910231385
}
