{
    "Live":  0.00000000000068121591,
    "Minute":  0.00000000000068121591,
    "Minute_Fluctuation":  0.0008490269049468359,
    "Minute_5":  0.000000000000680955968800272,
    "Minute_5_Fluctuation":  0.00057039870120299721,
    "Minute_10":  0.000000000000680700086821774,
    "Minute_10_Fluctuation":  0.0010082816374581043,
    "Hour":  0.00000000000068399040366372,
    "Hour_Fluctuation":  0.0062751156164518439,
    "Day":  0.000000000000676279151052161,
    "Day_Fluctuation":  0.015569179164907004,
    "ThreeDay":  0.000000000000676279151052161,
    "ThreeDay_Fluctuation":  0.015569179164907004,
    "Week":  0.000000000000676279151052161,
    "Week_Fluctuation":  0.015569179164907004,
    "Duration":  "12:21:44.9711153",
    "Updated":  "\/Date(1640378868738)\/",
    "Failed":  0,
    "HashRate_Live":  613447452,
    "HashRate_Average":  309004285.67418265,
    "BlockRate_Live":  0,
    "BlockRate_Average":  0,
    "Diff_Live":  312247739701879,
    "Diff_Average":  308940401784535.06,
    "Actual24h_Week":  0,
    "Estimate24h_Week":  0.000665865904224754,
    "ErrorRatio":  0.858242414391074
}
