{
    "Live":  0.00000000000020107286,
    "Minute":  0.00000000000020107286,
    "Minute_Fluctuation":  0.022733290614873655,
    "Minute_5":  0.000000000000203176832743105,
    "Minute_5_Fluctuation":  0.053620061627212237,
    "Minute_10":  0.000000000000212304643027553,
    "Minute_10_Fluctuation":  0.0872684248006151,
    "Hour":  0.00000000000023325082391882,
    "Hour_Fluctuation":  0.10993328760352995,
    "Day":  0.000000000000228270838833755,
    "Day_Fluctuation":  0.13014781411645371,
    "ThreeDay":  0.000000000000228270838833755,
    "ThreeDay_Fluctuation":  0.13014781411645371,
    "Week":  0.000000000000228270838833755,
    "Week_Fluctuation":  0.13014781411645371,
    "Duration":  "12:21:44.9711153",
    "Updated":  "\/Date(1640378869025)\/",
    "Failed":  0,
    "HashRate_Live":  1097037100,
    "HashRate_Average":  2425497326.8673868,
    "BlockRate_Live":  279,
    "BlockRate_Average":  291.39667639377132,
    "Diff_Live":  192.962827,
    "Diff_Average":  183.61449497340791,
    "Actual24h_Week":  0.0000782776540607756,
    "Estimate24h_Week":  0.000225821813039905,
    "ErrorRatio":  0.907380498517719
}
