{
    "Live":  0.0000000000001650976,
    "Minute":  0.0000000000001650976,
    "Minute_Fluctuation":  0,
    "Minute_5":  0.0000000000001650976,
    "Minute_5_Fluctuation":  0,
    "Minute_10":  0.0000000000001650976,
    "Minute_10_Fluctuation":  0,
    "Hour":  0.0000000000001650976,
    "Hour_Fluctuation":  0,
    "Day":  0.0000000000001650976,
    "Day_Fluctuation":  0,
    "ThreeDay":  0.0000000000001650976,
    "ThreeDay_Fluctuation":  0,
    "Week":  0.0000000000001650976,
    "Week_Fluctuation":  0,
    "Duration":  "00:19:30.4701514",
    "Updated":  "\/Date(1640377991105)\/",
    "Failed":  0,
    "HashRate_Live":  0,
    "HashRate_Average":  0,
    "BlockRate_Live":  1,
    "BlockRate_Average":  1,
    "Diff_Live":  0.220899779,
    "Diff_Average":  0.220899779,
    "Actual24h_Week":  0,
    "Estimate24h_Week":  0.00013910665695572,
    "ErrorRatio":  0.99613314303813
}
