{
    "Live":  0.00000000092977,
    "Minute":  0.00000000092977,
    "Minute_Fluctuation":  0.007165128993678313,
    "Minute_5":  0.00000000093278828312137,
    "Minute_5_Fluctuation":  0.021865796940499296,
    "Minute_10":  0.000000000944964099176748,
    "Minute_10_Fluctuation":  0.030216663873200305,
    "Hour":  0.000000000864208444313397,
    "Hour_Fluctuation":  0.11143598270171945,
    "Day":  0.000000000936272400127343,
    "Day_Fluctuation":  0.10327717419102177,
    "ThreeDay":  0.000000000936272400127343,
    "ThreeDay_Fluctuation":  0.10327717419102175,
    "Week":  0.000000000936272400127343,
    "Week_Fluctuation":  0.10327717419102177,
    "Duration":  "12:21:44.9711153",
    "Updated":  "\/Date(1640378869257)\/",
    "Failed":  0,
    "HashRate_Live":  12659982,
    "HashRate_Average":  4897389.6599909784,
    "BlockRate_Live":  62,
    "BlockRate_Average":  44.786546842772992,
    "Diff_Live":  283026795.85511,
    "Diff_Average":  266506378.51371482,
    "Actual24h_Week":  0.000000896194882672834,
    "Estimate24h_Week":  0.00000100433264630996,
    "ErrorRatio":  0.984736781839494
}
