{
    "Live":  0.00000000179522,
    "Minute":  0.00000000179522,
    "Minute_Fluctuation":  0.053384499835703786,
    "Minute_5":  0.00000000175429549949594,
    "Minute_5_Fluctuation":  0.064096234397421473,
    "Minute_10":  0.00000000179983480593738,
    "Minute_10_Fluctuation":  0.15657442864432747,
    "Hour":  0.00000000304819772161826,
    "Hour_Fluctuation":  0.26642337860430404,
    "Day":  0.00000000419736632574366,
    "Day_Fluctuation":  0.28400519744443026,
    "ThreeDay":  0.00000000419736632574366,
    "ThreeDay_Fluctuation":  0.28400519744443031,
    "Week":  0.00000000419736632574366,
    "Week_Fluctuation":  0.28400519744443026,
    "Duration":  "12:21:44.9711153",
    "Updated":  "\/Date(1640378869505)\/",
    "Failed":  0,
    "HashRate_Live":  146,
    "HashRate_Average":  5044.8171730808781,
    "BlockRate_Live":  30,
    "BlockRate_Average":  36.616864446267293,
    "Diff_Live":  0.0115787119,
    "Diff_Average":  0.0085919249678338989,
    "Actual24h_Week":  0.0000030533168100233,
    "Estimate24h_Week":  0.00000423445026255789,
    "ErrorRatio":  0.960458945995012
}
