{
    "Live":  0.00000000000067781,
    "Minute":  0.00000000000067781,
    "Minute_Fluctuation":  0,
    "Minute_5":  0.00000000000067781,
    "Minute_5_Fluctuation":  0.0004753305545507502,
    "Minute_10":  0.000000000000677493315342496,
    "Minute_10_Fluctuation":  0.0013233000404667282,
    "Hour":  0.000000000000680283211829175,
    "Hour_Fluctuation":  0.0058702228660268254,
    "Day":  0.000000000000662194362253814,
    "Day_Fluctuation":  0.010504884825168944,
    "ThreeDay":  0.000000000000660484081556047,
    "ThreeDay_Fluctuation":  0.0087137284573736238,
    "Week":  0.000000000000660484081556047,
    "Week_Fluctuation":  0.0087137284573736255,
    "Duration":  "1.12:08:18.8643651",
    "Updated":  "\/Date(1640378710341)\/",
    "Failed":  0,
    "HashRate_Live":  570087887,
    "HashRate_Average":  307967369.345868,
    "BlockRate_Live":  0,
    "BlockRate_Average":  0,
    "Diff_Live":  312247739701879,
    "Diff_Average":  308965996441491.88,
    "Actual24h_Week":  0,
    "Estimate24h_Week":  0.000264182670049101,
    "ErrorRatio":  0.616051439052679
}
