{
    "Live":  0.00000000000003154,
    "Minute":  0.00000000000003154,
    "Minute_Fluctuation":  0.27875600274411155,
    "Minute_5":  0.00000000000003702328930693,
    "Minute_5_Fluctuation":  0.24806925327372004,
    "Minute_10":  0.0000000000000355562345481671,
    "Minute_10_Fluctuation":  0.3922764164679613,
    "Hour":  0.0000000000000195653155069405,
    "Hour_Fluctuation":  0.5457413860201269,
    "Day":  0.0000000000000203177119563241,
    "Day_Fluctuation":  0.16837992243001962,
    "ThreeDay":  0.0000000000000209033381714393,
    "ThreeDay_Fluctuation":  0.1438265066831306,
    "Week":  0.0000000000000209033381714393,
    "Week_Fluctuation":  0.1438265066831306,
    "Duration":  "1.12:07:13.2212229",
    "Updated":  "\/Date(1640378866786)\/",
    "Failed":  0,
    "HashRate_Live":  8869765170,
    "HashRate_Average":  9279134404.6077976,
    "BlockRate_Live":  1862,
    "BlockRate_Average":  1130.8540827836673,
    "Diff_Live":  113.221666,
    "Diff_Average":  246.86884564198905,
    "Actual24h_Week":  0.00000590443445772138,
    "Estimate24h_Week":  0.00000588322402689767,
    "ErrorRatio":  1.00138361216448
}
