{
    "Live":  0.00000000000386417,
    "Minute":  0.00000000000386417,
    "Minute_Fluctuation":  0.0075101260848458246,
    "Minute_5":  0.00000000000387732269723828,
    "Minute_5_Fluctuation":  0.18147414074997134,
    "Minute_10":  0.00000000000502496780685336,
    "Minute_10_Fluctuation":  0.52016980796384993,
    "Hour":  0.0000000000056039553427236,
    "Hour_Fluctuation":  0.38585512304967956,
    "Day":  0.00000000000527151880938297,
    "Day_Fluctuation":  0.38040440500669359,
    "ThreeDay":  0.00000000000527151880938297,
    "ThreeDay_Fluctuation":  0.38040440500669359,
    "Week":  0.00000000000527151880938297,
    "Week_Fluctuation":  0.38040440500669359,
    "Duration":  "12:21:44.9711153",
    "Updated":  "\/Date(1640378869171)\/",
    "Failed":  0,
    "HashRate_Live":  0,
    "HashRate_Average":  2656391.3117805989,
    "BlockRate_Live":  240,
    "BlockRate_Average":  227.62486616545618,
    "Diff_Live":  0.385142044,
    "Diff_Average":  0.31629024437782632,
    "Actual24h_Week":  0.000000886187424908727,
    "Estimate24h_Week":  0.00000621240117520568,
    "ErrorRatio":  0.878463869221362
}
