{
    "Live":  0.00000000000009136366,
    "Minute":  0.00000000000009136366,
    "Minute_Fluctuation":  0.008521867081568768,
    "Minute_5":  0.0000000000000910163955063295,
    "Minute_5_Fluctuation":  0.23613278107152647,
    "Minute_10":  0.000000000000133105091618609,
    "Minute_10_Fluctuation":  0.4790204601439419,
    "Hour":  0.000000000000280831496337785,
    "Hour_Fluctuation":  0.30620929000888103,
    "Day":  0.000000000000234277711376325,
    "Day_Fluctuation":  0.72488763943758061,
    "ThreeDay":  0.000000000000234277711376325,
    "ThreeDay_Fluctuation":  0.72488763943758061,
    "Week":  0.000000000000234277711376325,
    "Week_Fluctuation":  0.72488763943758061,
    "Duration":  "07:52:34.9878029",
    "Updated":  "\/Date(1640378868792)\/",
    "Failed":  0,
    "HashRate_Live":  158856523,
    "HashRate_Average":  91904223.8601597,
    "BlockRate_Live":  286,
    "BlockRate_Average":  245.08682519303835,
    "Diff_Live":  24.8969513,
    "Diff_Average":  38.321821868950167,
    "Actual24h_Week":  0.000180316704961205,
    "Estimate24h_Week":  0.000504470456213418,
    "ErrorRatio":  0.941161552900534
}
