{
    "Live":  0.00000000000000114423,
    "Minute":  0.00000000000000114423,
    "Minute_Fluctuation":  0.0061149860588741237,
    "Minute_5":  0.0000000000000011473967232749,
    "Minute_5_Fluctuation":  0.0099203138770772858,
    "Minute_10":  0.0000000000000011613049898297,
    "Minute_10_Fluctuation":  0.040665602083041888,
    "Hour":  0.0000000000000012712223360276,
    "Hour_Fluctuation":  0.10701110811301753,
    "Day":  0.0000000000000012392612275635,
    "Day_Fluctuation":  0.1853378766401664,
    "ThreeDay":  0.0000000000000012392612275635,
    "ThreeDay_Fluctuation":  0.1853378766401664,
    "Week":  0.0000000000000012392612275635,
    "Week_Fluctuation":  0.1853378766401664,
    "Duration":  "12:21:44.9711153",
    "Updated":  "\/Date(1640378869759)\/",
    "Failed":  0,
    "HashRate_Live":  87515261509,
    "HashRate_Average":  89966789508.917435,
    "BlockRate_Live":  268,
    "BlockRate_Average":  266.84808999896791,
    "Diff_Live":  6972.18652,
    "Diff_Average":  6413.2627978007449,
    "Actual24h_Week":  0.00000114491151705888,
    "Estimate24h_Week":  0.00000124312468990321,
    "ErrorRatio":  0.988800429779502
}
