{
    "Live":  0.00000000003992265,
    "Minute":  0.00000000003992265,
    "Minute_Fluctuation":  0.016388688894704628,
    "Minute_5":  0.0000000000396330882423667,
    "Minute_5_Fluctuation":  0.11580938480816753,
    "Minute_10":  0.0000000000423918385150349,
    "Minute_10_Fluctuation":  0.14669600074386863,
    "Hour":  0.0000000000423179166776865,
    "Hour_Fluctuation":  0.16179108379368759,
    "Day":  0.0000000000421353573276976,
    "Day_Fluctuation":  0.15755966265429394,
    "ThreeDay":  0.0000000000421353573276976,
    "ThreeDay_Fluctuation":  0.15755966265429394,
    "Week":  0.0000000000421353573276976,
    "Week_Fluctuation":  0.15755966265429394,
    "Duration":  "12:21:44.9711153",
    "Updated":  "\/Date(1640378868147)\/",
    "Failed":  0,
    "HashRate_Live":  274192143,
    "HashRate_Average":  226015350.72814035,
    "BlockRate_Live":  287,
    "BlockRate_Average":  233.86363197320657,
    "Diff_Live":  19.1123997,
    "Diff_Average":  19.039273610350545,
    "Actual24h_Week":  0.0000422847032107756,
    "Estimate24h_Week":  0.0000434817059224557,
    "ErrorRatio":  0.99609757228298
}
