{
    "Live":  0.00000038922573,
    "Minute":  0.00000038922573,
    "Minute_Fluctuation":  0.014582605722511809,
    "Minute_5":  0.000000391816649421228,
    "Minute_5_Fluctuation":  0.008869545283714083,
    "Minute_10":  0.000000390639850959316,
    "Minute_10_Fluctuation":  0.026783591947476881,
    "Hour":  0.000000430636750926557,
    "Hour_Fluctuation":  0.11441970843381707,
    "Day":  0.000000469692384471753,
    "Day_Fluctuation":  0.094723327691698417,
    "ThreeDay":  0.000000469692384471753,
    "ThreeDay_Fluctuation":  0.094723327691698417,
    "Week":  0.000000469692384471753,
    "Week_Fluctuation":  0.094723327691698417,
    "Duration":  "12:21:44.9711153",
    "Updated":  "\/Date(1640378867962)\/",
    "Failed":  0,
    "HashRate_Live":  868,
    "HashRate_Average":  980.82171961527831,
    "BlockRate_Live":  10,
    "BlockRate_Average":  4.7187609105037689,
    "Diff_Live":  1345.9163675017,
    "Diff_Average":  1432.2861158321878,
    "Actual24h_Week":  0.00017537509694751,
    "Estimate24h_Week":  0.000428795255306062,
    "ErrorRatio":  0.916220552002381
}
