{
    "Live":  0.00000000000588171,
    "Minute":  0.00000000000588171,
    "Minute_Fluctuation":  0,
    "Minute_5":  0.00000000000588171,
    "Minute_5_Fluctuation":  0.022862726201709323,
    "Minute_10":  0.00000000000575082263147708,
    "Minute_10_Fluctuation":  0.065425077084512562,
    "Hour":  0.00000000000541083005903139,
    "Hour_Fluctuation":  0.15382088462240057,
    "Day":  0.00000000000602120927021941,
    "Day_Fluctuation":  0.13767535783538529,
    "ThreeDay":  0.00000000000602120927021941,
    "ThreeDay_Fluctuation":  0.13767535783538531,
    "Week":  0.00000000000602120927021941,
    "Week_Fluctuation":  0.13767535783538529,
    "Duration":  "12:21:44.9711153",
    "Updated":  "\/Date(1640378867765)\/",
    "Failed":  0,
    "HashRate_Live":  18895868,
    "HashRate_Average":  38992704.774640687,
    "BlockRate_Live":  532,
    "BlockRate_Average":  510.44072802466042,
    "Diff_Live":  2.42909535,
    "Diff_Average":  2.7579435326065327,
    "Actual24h_Week":  0.00000562455202994829,
    "Estimate24h_Week":  0.0000061652190187228,
    "ErrorRatio":  0.987568382126512
}
