{
    "Live":  0.00000000000044212,
    "Minute":  0.00000000000044212,
    "Minute_Fluctuation":  0.18769750863526125,
    "Minute_5":  0.00000000000048807347297752,
    "Minute_5_Fluctuation":  0.20643489465754972,
    "Minute_10":  0.000000000000603898135481927,
    "Minute_10_Fluctuation":  0.30783112351112268,
    "Hour":  0.000000000000654580278539514,
    "Hour_Fluctuation":  0.35755904190358523,
    "Day":  0.000000000000980894943730862,
    "Day_Fluctuation":  0.46684617201724593,
    "ThreeDay":  0.000000000000980894943730862,
    "ThreeDay_Fluctuation":  0.46684617201724593,
    "Week":  0.000000000000980894943730862,
    "Week_Fluctuation":  0.46684617201724593,
    "Duration":  "12:21:44.9711153",
    "Updated":  "\/Date(1640378869400)\/",
    "Failed":  0,
    "HashRate_Live":  743566,
    "HashRate_Average":  274979.28489743976,
    "BlockRate_Live":  22,
    "BlockRate_Average":  21.593574573609175,
    "Diff_Live":  0.236220047,
    "Diff_Average":  0.18333629356907952,
    "Actual24h_Week":  0.00000144231112503038,
    "Estimate24h_Week":  0.000000871478867514656,
    "ErrorRatio":  1
}
