{
    "Live":  0.00000000563,
    "Minute":  0.00000000563,
    "Minute_Fluctuation":  0.012589928057553948,
    "Minute_5":  0.00000000559851269471,
    "Minute_5_Fluctuation":  0.028606325067255686,
    "Minute_10":  0.0000000054700227649028,
    "Minute_10_Fluctuation":  0.046246339120459612,
    "Hour":  0.00000000489225489891345,
    "Hour_Fluctuation":  0.088275885755601,
    "Day":  0.00000000455303016568129,
    "Day_Fluctuation":  0.05004525074664723,
    "ThreeDay":  0.00000000457409920976993,
    "ThreeDay_Fluctuation":  0.0426868360073338,
    "Week":  0.00000000457409920976993,
    "Week_Fluctuation":  0.0426868360073338,
    "Duration":  "1.12:07:13.2212229",
    "Updated":  "\/Date(1640378867294)\/",
    "Failed":  0,
    "HashRate_Live":  16933,
    "HashRate_Average":  14792.012072762742,
    "BlockRate_Live":  52,
    "BlockRate_Average":  44.035894440898723,
    "Diff_Live":  0.00652768171,
    "Diff_Average":  0.0073040511749296409,
    "Actual24h_Week":  0.00000173492254887146,
    "Estimate24h_Week":  0.00000177011609156283,
    "ErrorRatio":  0.992369701919442
}
