{
    "Live":  0.00000000122872,
    "Minute":  0.00000000122872,
    "Minute_Fluctuation":  0.073886975825481815,
    "Minute_5":  0.00000000119069233158262,
    "Minute_5_Fluctuation":  0.092809925602880219,
    "Minute_10":  0.00000000121067894433133,
    "Minute_10_Fluctuation":  0.071302287055031083,
    "Hour":  0.00000000116631892230919,
    "Hour_Fluctuation":  0.085987508816756167,
    "Day":  0.0000000013291241890905,
    "Day_Fluctuation":  0.072632116548331085,
    "ThreeDay":  0.00000000134980815147488,
    "ThreeDay_Fluctuation":  0.0635556972994801,
    "Week":  0.00000000134980815147488,
    "Week_Fluctuation":  0.0635556972994801,
    "Duration":  "1.12:07:13.2212229",
    "Updated":  "\/Date(1640378866170)\/",
    "Failed":  0,
    "HashRate_Live":  2082206,
    "HashRate_Average":  1606440.5733756772,
    "BlockRate_Live":  14,
    "BlockRate_Average":  24.950127240378073,
    "Diff_Live":  0.7814583717009,
    "Diff_Average":  0.461160090252947,
    "Actual24h_Week":  0.000301343553456889,
    "Estimate24h_Week":  0.000502821540131297,
    "ErrorRatio":  0.84622207506304
}
