{
    "Live":  0.00000000056046,
    "Minute":  0.00000000056046,
    "Minute_Fluctuation":  0.052902498591020169,
    "Minute_5":  0.00000000054779310690048,
    "Minute_5_Fluctuation":  0.029373070148817664,
    "Minute_10":  0.000000000539308919728187,
    "Minute_10_Fluctuation":  0.024588401581102003,
    "Hour":  0.000000000521000888366313,
    "Hour_Fluctuation":  0.0349255637376082,
    "Day":  0.000000000506865676409747,
    "Day_Fluctuation":  0.033843610120888004,
    "ThreeDay":  0.000000000506865676409747,
    "ThreeDay_Fluctuation":  0.033843610120888004,
    "Week":  0.000000000506865676409747,
    "Week_Fluctuation":  0.033843610120888004,
    "Duration":  "12:21:44.9711153",
    "Updated":  "\/Date(1640378869880)\/",
    "Failed":  0,
    "HashRate_Live":  0,
    "HashRate_Average":  4824.0546142303419,
    "BlockRate_Live":  0,
    "BlockRate_Average":  0,
    "Diff_Live":  1800887817,
    "Diff_Average":  1983529896.521436,
    "Actual24h_Week":  0,
    "Estimate24h_Week":  0.000000505764481854229,
    "ErrorRatio":  0.858242414391074
}
