{
    "Live":  0.00000000000542583,
    "Minute":  0.00000000000542583,
    "Minute_Fluctuation":  0,
    "Minute_5":  0.00000000000542583,
    "Minute_5_Fluctuation":  2.6985421526553747E-05,
    "Minute_10":  0.00000000000537619707592378,
    "Minute_10_Fluctuation":  0.036742949766268317,
    "Hour":  0.00000000000491885352940476,
    "Hour_Fluctuation":  0.078963352652083749,
    "Day":  0.000000000004619533916931,
    "Day_Fluctuation":  0.049461836583095678,
    "ThreeDay":  0.000000000004619533916931,
    "ThreeDay_Fluctuation":  0.049461836583095692,
    "Week":  0.000000000004619533916931,
    "Week_Fluctuation":  0.049461836583095678,
    "Duration":  "12:21:44.9711153",
    "Updated":  "\/Date(1640378868002)\/",
    "Failed":  0,
    "HashRate_Live":  347743459,
    "HashRate_Average":  271563433.73833662,
    "BlockRate_Live":  421,
    "BlockRate_Average":  345.48551147039046,
    "Diff_Live":  9.71474135,
    "Diff_Average":  10.63858757229662,
    "Actual24h_Week":  0.00000428777164950815,
    "Estimate24h_Week":  0.00000447319547346761,
    "ErrorRatio":  0.994123835241546
}
