{
    "Live":  0.00000000000401354,
    "Minute":  0.00000000000401354,
    "Minute_Fluctuation":  0.00997782431629074,
    "Minute_5":  0.00000000000403173516427115,
    "Minute_5_Fluctuation":  0.041616125897724669,
    "Minute_10":  0.00000000000423055842492067,
    "Minute_10_Fluctuation":  0.10033105055705514,
    "Hour":  0.00000000000486618759417804,
    "Hour_Fluctuation":  0.15163840451237962,
    "Day":  0.00000000000493962810351682,
    "Day_Fluctuation":  0.15526484709753127,
    "ThreeDay":  0.00000000000493962810351682,
    "ThreeDay_Fluctuation":  0.15526484709753133,
    "Week":  0.00000000000493962810351682,
    "Week_Fluctuation":  0.15526484709753136,
    "Duration":  "12:21:44.9711153",
    "Updated":  "\/Date(1640378869091)\/",
    "Failed":  0,
    "HashRate_Live":  0,
    "HashRate_Average":  616784.14738787012,
    "BlockRate_Live":  34,
    "BlockRate_Average":  55.40730396695114,
    "Diff_Live":  9.48290168,
    "Diff_Average":  8.44343829524463,
    "Actual24h_Week":  0.0000013862487302771,
    "Estimate24h_Week":  0.00000478322347946955,
    "ErrorRatio":  0.899325854021479
}
