{
    "Live":  0.00000000000014721893,
    "Minute":  0.00000000000014721893,
    "Minute_Fluctuation":  0.0070894220091067073,
    "Minute_5":  0.000000000000146752760445182,
    "Minute_5_Fluctuation":  0.0040316389105189447,
    "Minute_10":  0.000000000000147203696662488,
    "Minute_10_Fluctuation":  0.013935071695500451,
    "Hour":  0.000000000000155692975886282,
    "Hour_Fluctuation":  0.047810487087314335,
    "Day":  0.000000000000163665836962476,
    "Day_Fluctuation":  0.076988841627615837,
    "ThreeDay":  0.000000000000163665836962476,
    "ThreeDay_Fluctuation":  0.076988841627615837,
    "Week":  0.000000000000163665836962476,
    "Week_Fluctuation":  0.076988841627615837,
    "Duration":  "12:21:44.9711153",
    "Updated":  "\/Date(1640378869465)\/",
    "Failed":  0,
    "HashRate_Live":  183251938,
    "HashRate_Average":  253032613.87189174,
    "BlockRate_Live":  1410,
    "BlockRate_Average":  1398.188188560172,
    "Diff_Live":  3.56932522,
    "Diff_Average":  3.3844261534537243,
    "Actual24h_Week":  0.000140861157593833,
    "Estimate24h_Week":  0.00015068856066822,
    "ErrorRatio":  0.990755045197504
}
