{
    "Live":  0.00000000000027656656,
    "Minute":  0.00000000000027656656,
    "Minute_Fluctuation":  0,
    "Minute_5":  0.00000000000027656656,
    "Minute_5_Fluctuation":  0.0089980267767591528,
    "Minute_10":  0.000000000000280719522871485,
    "Minute_10_Fluctuation":  0.080840822000330714,
    "Hour":  0.000000000000391078452567403,
    "Hour_Fluctuation":  0.42312823451844261,
    "Day":  0.000000000000325570716234282,
    "Day_Fluctuation":  0.49070842005526466,
    "ThreeDay":  0.000000000000325570716234282,
    "ThreeDay_Fluctuation":  0.49070842005526466,
    "Week":  0.000000000000325570716234282,
    "Week_Fluctuation":  0.49070842005526466,
    "Duration":  "08:53:56.5483203",
    "Updated":  "\/Date(1640378869353)\/",
    "Failed":  0,
    "HashRate_Live":  35184372,
    "HashRate_Average":  63521231.970677093,
    "BlockRate_Live":  314,
    "BlockRate_Average":  375.71206376832981,
    "Diff_Live":  2.20851588,
    "Diff_Average":  1.8882631011493012,
    "Actual24h_Week":  0.0000743817624407381,
    "Estimate24h_Week":  0.000229792090169172,
    "ErrorRatio":  0.930248866118303
}
