{
    "Live":  0.00000000000018505587,
    "Minute":  0.00000000000018505587,
    "Minute_Fluctuation":  0.040967053897082044,
    "Minute_5":  0.000000000000188611704397281,
    "Minute_5_Fluctuation":  0.053432143298567887,
    "Minute_10":  0.00000000000019633511175297,
    "Minute_10_Fluctuation":  0.085013986465662411,
    "Hour":  0.000000000000206184903500783,
    "Hour_Fluctuation":  0.12316065690072556,
    "Day":  0.000000000000196768945018779,
    "Day_Fluctuation":  0.14705167313482015,
    "ThreeDay":  0.000000000000196768945018779,
    "ThreeDay_Fluctuation":  0.14705167313482015,
    "Week":  0.000000000000196768945018779,
    "Week_Fluctuation":  0.14705167313482015,
    "Duration":  "12:21:44.9711153",
    "Updated":  "\/Date(1640378869097)\/",
    "Failed":  0,
    "HashRate_Live":  34883635,
    "HashRate_Average":  50681053.450792834,
    "BlockRate_Live":  21,
    "BlockRate_Average":  28.702921402950434,
    "Diff_Live":  82.5426564,
    "Diff_Average":  91.551584048301052,
    "Actual24h_Week":  0.0000280301405529696,
    "Estimate24h_Week":  0.00019594798246887,
    "ErrorRatio":  0.87852067905603
}
