{
    "Live":  0.00000000002668318,
    "Minute":  0.00000000002668318,
    "Minute_Fluctuation":  0.000100427717150435,
    "Minute_5":  0.000000000026684385513974,
    "Minute_5_Fluctuation":  0.00016094944444017116,
    "Minute_10":  0.0000000000267359672503506,
    "Minute_10_Fluctuation":  0.0071898580302291858,
    "Hour":  0.0000000000269283752005011,
    "Hour_Fluctuation":  0.016210391405147268,
    "Day":  0.0000000000270150790120796,
    "Day_Fluctuation":  0.020269618200414088,
    "ThreeDay":  0.0000000000270150790120796,
    "ThreeDay_Fluctuation":  0.020269618200414088,
    "Week":  0.0000000000270150790120796,
    "Week_Fluctuation":  0.020269618200414088,
    "Duration":  "12:21:44.9711153",
    "Updated":  "\/Date(1640378869839)\/",
    "Failed":  0,
    "HashRate_Live":  459738662,
    "HashRate_Average":  494470872.91638643,
    "BlockRate_Live":  75,
    "BlockRate_Average":  85.872044889064284,
    "Diff_Live":  93.3848397,
    "Diff_Average":  92.2865741711633,
    "Actual24h_Week":  0.0000250381090261772,
    "Estimate24h_Week":  0.0000272118597629274,
    "ErrorRatio":  0.988676053057676
}
