{
    "Live":  0.00000000114992979,
    "Minute":  0.00000000114992979,
    "Minute_Fluctuation":  0.041329044172127329,
    "Minute_5":  0.00000000117222926154109,
    "Minute_5_Fluctuation":  0.053779153360388986,
    "Minute_10":  0.00000000120484861666882,
    "Minute_10_Fluctuation":  0.064444376039721335,
    "Hour":  0.00000000116267918357556,
    "Hour_Fluctuation":  0.084399813105649091,
    "Day":  0.00000000113787259459924,
    "Day_Fluctuation":  0.080030512300408183,
    "ThreeDay":  0.00000000113787259459924,
    "ThreeDay_Fluctuation":  0.080030512300408183,
    "Week":  0.00000000113787259459924,
    "Week_Fluctuation":  0.080030512300408183,
    "Duration":  "12:21:44.9711153",
    "Updated":  "\/Date(1640378867714)\/",
    "Failed":  0,
    "HashRate_Live":  2022986,
    "HashRate_Average":  1547505.5202779828,
    "BlockRate_Live":  14,
    "BlockRate_Average":  24.952464115958126,
    "Diff_Live":  1.2942117424018,
    "Diff_Average":  0.69421393080246,
    "Actual24h_Week":  0.000774663291403441,
    "Estimate24h_Week":  0.00127886402304912,
    "ErrorRatio":  0.944111119640434
}
