{
    "Live":  0.00000000000031386,
    "Minute":  0.00000000000031386,
    "Minute_Fluctuation":  0.1451818878388732,
    "Minute_5":  0.00000000000029596171603587,
    "Minute_5_Fluctuation":  0.086185789285774292,
    "Minute_10":  0.000000000000290718744013046,
    "Minute_10_Fluctuation":  0.096124867880501119,
    "Hour":  0.000000000000355925617043395,
    "Hour_Fluctuation":  0.16208666821184881,
    "Day":  0.000000000000221618594287749,
    "Day_Fluctuation":  0.45224138902837968,
    "ThreeDay":  0.000000000000203627846788847,
    "ThreeDay_Fluctuation":  0.40669788401651763,
    "Week":  0.000000000000203627846788847,
    "Week_Fluctuation":  0.40669788401651763,
    "Duration":  "1.12:07:13.2212229",
    "Updated":  "\/Date(1640378866970)\/",
    "Failed":  0,
    "HashRate_Live":  887500589,
    "HashRate_Average":  868074302.01529646,
    "BlockRate_Live":  1410,
    "BlockRate_Average":  1398.1879098391034,
    "Diff_Live":  2468.936730942,
    "Diff_Average":  3308.1389779484243,
    "Actual24h_Week":  0.000107480851192998,
    "Estimate24h_Week":  0.000103824951491287,
    "ErrorRatio":  1.01351365425832
}
