{
    "Live":  0.00000000000014634388,
    "Minute":  0.00000000000014634388,
    "Minute_Fluctuation":  0,
    "Minute_5":  0.00000000000014634388,
    "Minute_5_Fluctuation":  0.019405278810920728,
    "Minute_10":  0.000000000000156267327805392,
    "Minute_10_Fluctuation":  0.16481994524687621,
    "Hour":  0.0000000000001962481454029,
    "Hour_Fluctuation":  0.21014324858352851,
    "Day":  0.000000000000232906961812001,
    "Day_Fluctuation":  0.18321928833725803,
    "ThreeDay":  0.000000000000232906961812001,
    "ThreeDay_Fluctuation":  0.18321928833725803,
    "Week":  0.000000000000232906961812001,
    "Week_Fluctuation":  0.18321928833725803,
    "Duration":  "12:21:44.9711153",
    "Updated":  "\/Date(1640378868060)\/",
    "Failed":  0,
    "HashRate_Live":  96757023,
    "HashRate_Average":  61403782.274608947,
    "BlockRate_Live":  354,
    "BlockRate_Average":  251.6917293774398,
    "Diff_Live":  5.89834377,
    "Diff_Average":  4.6399727925677379,
    "Actual24h_Week":  0.000220287142342284,
    "Estimate24h_Week":  0.000225328788397379,
    "ErrorRatio":  0.996828227864942
}
