{
    "Live":  0.0000002351959,
    "Minute":  0.0000002351959,
    "Minute_Fluctuation":  0.012998143002527865,
    "Minute_5":  0.000000236589154782658,
    "Minute_5_Fluctuation":  0.0094969618849332048,
    "Minute_10":  0.000000241045739368205,
    "Minute_10_Fluctuation":  0.048985669916241543,
    "Hour":  0.000000271176222047628,
    "Hour_Fluctuation":  0.06391328744822633,
    "Day":  0.000000298629497240008,
    "Day_Fluctuation":  0.099641156780716347,
    "ThreeDay":  0.000000298629497240008,
    "ThreeDay_Fluctuation":  0.099641156780716333,
    "Week":  0.000000298629497240008,
    "Week_Fluctuation":  0.099641156780716347,
    "Duration":  "12:21:44.9711153",
    "Updated":  "\/Date(1640378869850)\/",
    "Failed":  0,
    "HashRate_Live":  14704,
    "HashRate_Average":  14506.255528164091,
    "BlockRate_Live":  369,
    "BlockRate_Average":  374.97438390450151,
    "Diff_Live":  0.000709148133,
    "Diff_Average":  0.00067314024770081377,
    "Actual24h_Week":  0.000235659026200824,
    "Estimate24h_Week":  0.000282064659716304,
    "ErrorRatio":  0.976677863251556
}
