{
    "Live":  0.00000000000000000297671949,
    "Minute":  0.00000000000000000297671949,
    "Minute_Fluctuation":  0.065458098549675631,
    "Minute_5":  0.0000000000000000030705059132,
    "Minute_5_Fluctuation":  0.06387431427607114,
    "Minute_10":  0.0000000000000000033511203648,
    "Minute_10_Fluctuation":  0.16079762645322793,
    "Hour":  0.0000000000000000041156976499,
    "Hour_Fluctuation":  0.11872574780670489,
    "Day":  0.0000000000000000042282173523,
    "Day_Fluctuation":  0.15009716142569091,
    "ThreeDay":  0.0000000000000000042282173523,
    "ThreeDay_Fluctuation":  0.15009716142569091,
    "Week":  0.0000000000000000042282173523,
    "Week_Fluctuation":  0.15009716142569091,
    "Duration":  "12:21:44.9711153",
    "Updated":  "\/Date(1640378869499)\/",
    "Failed":  0,
    "HashRate_Live":  0,
    "HashRate_Average":  6668510302917.0078,
    "BlockRate_Live":  64,
    "BlockRate_Average":  56.171207317663551,
    "Diff_Live":  6998337.77,
    "Diff_Average":  5297480.2121745227,
    "Actual24h_Week":  0.00267796007118916,
    "Estimate24h_Week":  0.00429182468296569,
    "ErrorRatio":  0.946694572177389
}
