{
    "Live":  0.00000000326712,
    "Minute":  0.00000000326712,
    "Minute_Fluctuation":  0,
    "Minute_5":  0.00000000326712,
    "Minute_5_Fluctuation":  0.12002204746467554,
    "Minute_10":  0.00000000286046480064529,
    "Minute_10_Fluctuation":  0.4567712102851299,
    "Hour":  0.00000000148827533184705,
    "Hour_Fluctuation":  0.57389788520648866,
    "Day":  0.00000000118047984237832,
    "Day_Fluctuation":  0.48805980651656927,
    "ThreeDay":  0.00000000118047984237832,
    "ThreeDay_Fluctuation":  0.48805980651656927,
    "Week":  0.00000000118047984237832,
    "Week_Fluctuation":  0.48805980651656927,
    "Duration":  "12:21:44.9711153",
    "Updated":  "\/Date(1640378868242)\/",
    "Failed":  0,
    "HashRate_Live":  224,
    "HashRate_Average":  75.879013921380235,
    "BlockRate_Live":  0,
    "BlockRate_Average":  1.3369635352161207,
    "Diff_Live":  0.00729479081,
    "Diff_Average":  0.010165163013330531,
    "Actual24h_Week":  0.00000242282631686512,
    "Estimate24h_Week":  0.00000181915375890559,
    "ErrorRatio":  1
}
