{
    "Live":  0.00000000000000021918,
    "Minute":  0.00000000000000021918,
    "Minute_Fluctuation":  0.015709717781176104,
    "Minute_5":  0.0000000000000002176551147867,
    "Minute_5_Fluctuation":  0.018120412462822467,
    "Minute_10":  0.000000000000000210761364172,
    "Minute_10_Fluctuation":  0.21971646068022144,
    "Hour":  0.0000000000000001435419220347,
    "Hour_Fluctuation":  0.55089153218301834,
    "Day":  0.0000000000000001087005612916,
    "Day_Fluctuation":  0.49941041275360309,
    "ThreeDay":  0.0000000000000001087005612916,
    "ThreeDay_Fluctuation":  0.49941041275360326,
    "Week":  0.0000000000000001087005612916,
    "Week_Fluctuation":  0.49941041275360309,
    "Duration":  "08:49:42.8524819",
    "Updated":  "\/Date(1640378869063)\/",
    "Failed":  0,
    "HashRate_Live":  0,
    "HashRate_Average":  941464330.70884013,
    "BlockRate_Live":  206,
    "BlockRate_Average":  85.6119160809687,
    "Diff_Live":  2221.144,
    "Diff_Average":  5139.9217696695941,
    "Actual24h_Week":  0.0000000016288155761589,
    "Estimate24h_Week":  0.000000102524268584052,
    "ErrorRatio":  0.899285478227974
}
