{
    "Live":  0.00000000500957,
    "Minute":  0.00000000500957,
    "Minute_Fluctuation":  0.05133818246548276,
    "Minute_5":  0.0000000051315158352017,
    "Minute_5_Fluctuation":  0.05632155923801245,
    "Minute_10":  0.00000000527606284040259,
    "Minute_10_Fluctuation":  0.065185982937228118,
    "Hour":  0.00000000467817993200088,
    "Hour_Fluctuation":  0.13973796085985793,
    "Day":  0.00000000482322312464364,
    "Day_Fluctuation":  0.14360281740709316,
    "ThreeDay":  0.00000000482322312464364,
    "ThreeDay_Fluctuation":  0.14360281740709319,
    "Week":  0.00000000482322312464364,
    "Week_Fluctuation":  0.14360281740709316,
    "Duration":  "12:21:44.9711153",
    "Updated":  "\/Date(1640378867976)\/",
    "Failed":  0,
    "HashRate_Live":  94958,
    "HashRate_Average":  97229.403193390681,
    "BlockRate_Live":  96,
    "BlockRate_Average":  70.9050270771619,
    "Diff_Live":  0.0222337346,
    "Diff_Average":  0.025253973366874804,
    "Actual24h_Week":  0.00000366561343352858,
    "Estimate24h_Week":  0.00000479695853446495,
    "ErrorRatio":  0.966566992637739
}
