{
    "Live":  0.00000000000020715018,
    "Minute":  0.00000000000020715018,
    "Minute_Fluctuation":  0.022543620987902507,
    "Minute_5":  0.00000000000020929924256428,
    "Minute_5_Fluctuation":  0.026089497784143875,
    "Minute_10":  0.000000000000213771339772199,
    "Minute_10_Fluctuation":  0.059506603304870717,
    "Hour":  0.000000000000221680438260806,
    "Hour_Fluctuation":  0.11501352484558387,
    "Day":  0.000000000000216245228126646,
    "Day_Fluctuation":  0.14590553922319879,
    "ThreeDay":  0.000000000000216245228126646,
    "ThreeDay_Fluctuation":  0.14590553922319879,
    "Week":  0.000000000000216245228126646,
    "Week_Fluctuation":  0.14590553922319879,
    "Duration":  "12:21:44.9711153",
    "Updated":  "\/Date(1640378869512)\/",
    "Failed":  0,
    "HashRate_Live":  1505356062,
    "HashRate_Average":  648888009.6822679,
    "BlockRate_Live":  146,
    "BlockRate_Average":  118.05691263761639,
    "Diff_Live":  255.197822,
    "Diff_Average":  316.45555529908836,
    "Actual24h_Week":  0.0000794020333865591,
    "Estimate24h_Week":  0.000219838381988072,
    "ErrorRatio":  0.909442939265428
}
