{
    "Live":  0.00000000000016156778,
    "Minute":  0.00000000000016156778,
    "Minute_Fluctuation":  0.052234965894772521,
    "Minute_5":  0.000000000000165573244120449,
    "Minute_5_Fluctuation":  0.062979608607794724,
    "Minute_10":  0.000000000000180679071813176,
    "Minute_10_Fluctuation":  0.1794324133920677,
    "Hour":  0.000000000000243277764653124,
    "Hour_Fluctuation":  0.22556666700260627,
    "Day":  0.000000000000237883315619672,
    "Day_Fluctuation":  0.21658599077064414,
    "ThreeDay":  0.000000000000237883315619673,
    "ThreeDay_Fluctuation":  0.21658599077064417,
    "Week":  0.000000000000237883315619672,
    "Week_Fluctuation":  0.21658599077064414,
    "Duration":  "12:21:44.9711153",
    "Updated":  "\/Date(1640378869753)\/",
    "Failed":  0,
    "HashRate_Live":  1311519714,
    "HashRate_Average":  1961459429.8539424,
    "BlockRate_Live":  198,
    "BlockRate_Average":  281.34647173428351,
    "Diff_Live":  356.941407,
    "Diff_Average":  208.86227662714577,
    "Actual24h_Week":  0.0000798157578096709,
    "Estimate24h_Week":  0.00022314153891605,
    "ErrorRatio":  0.9089478508401
}
