{
    "Live":  0.0000000000007812,
    "Minute":  0.0000000000007812,
    "Minute_Fluctuation":  0.0034037634063322762,
    "Minute_5":  0.00000000000078000798058545,
    "Minute_5_Fluctuation":  0.002168491773317226,
    "Minute_10":  0.000000000000780097041572556,
    "Minute_10_Fluctuation":  0.005509319693378506,
    "Hour":  0.000000000000788027023654439,
    "Hour_Fluctuation":  0.01568579034784295,
    "Day":  0.000000000000741813797885493,
    "Day_Fluctuation":  0.042796201934806474,
    "ThreeDay":  0.000000000000741813797885493,
    "ThreeDay_Fluctuation":  0.04279620193480646,
    "Week":  0.000000000000741813797885493,
    "Week_Fluctuation":  0.042796201934806474,
    "Duration":  "12:21:44.9711153",
    "Updated":  "\/Date(1640378869779)\/",
    "Failed":  0,
    "HashRate_Live":  0,
    "HashRate_Average":  18012857.780880231,
    "BlockRate_Live":  3,
    "BlockRate_Average":  4.76111996142361,
    "Diff_Live":  19.4521793,
    "Diff_Average":  19.290109576617869,
    "Actual24h_Week":  0.000000705898189186489,
    "Estimate24h_Week":  0.000000712853318127947,
    "ErrorRatio":  0.998616907207602
}
