{
    "Live":  0.00000000000000000240873701,
    "Minute":  0.00000000000000000240873701,
    "Minute_Fluctuation":  9.0736277392789125E-05,
    "Minute_5":  0.0000000000000000024086387066,
    "Minute_5_Fluctuation":  0.0017305806125313379,
    "Minute_10":  0.000000000000000002331357488,
    "Minute_10_Fluctuation":  0.15819530976226492,
    "Hour":  0.0000000000000000015036490248,
    "Hour_Fluctuation":  0.33782403104011244,
    "Day":  0.0000000000000000021153192955,
    "Day_Fluctuation":  0.46296426184602013,
    "ThreeDay":  0.0000000000000000021153192955,
    "ThreeDay_Fluctuation":  0.46296426184602013,
    "Week":  0.0000000000000000021153192955,
    "Week_Fluctuation":  0.46296426184602013,
    "Duration":  "09:04:37.7151134",
    "Updated":  "\/Date(1640378868426)\/",
    "Failed":  0,
    "HashRate_Live":  0,
    "HashRate_Average":  11992579316.525675,
    "BlockRate_Live":  55,
    "BlockRate_Average":  55.871088426385086,
    "Diff_Live":  5068922.22,
    "Diff_Average":  14825938.477171062,
    "Actual24h_Week":  0.000180179824916437,
    "Estimate24h_Week":  0.00278438811706591,
    "ErrorRatio":  0.901661891785548
}
