{
    "Live":  0.00000000000000015071,
    "Minute":  0.00000000000000015071,
    "Minute_Fluctuation":  0,
    "Minute_5":  0.00000000000000015071,
    "Minute_5_Fluctuation":  0.0007761532877844057,
    "Minute_10":  0.0000000000000001484687863442,
    "Minute_10_Fluctuation":  0.061366346398229396,
    "Hour":  0.0000000000000001263184882328,
    "Hour_Fluctuation":  0.13861639072941773,
    "Day":  0.000000000000000138093880324,
    "Day_Fluctuation":  0.10595416939149663,
    "ThreeDay":  0.000000000000000138093880324,
    "ThreeDay_Fluctuation":  0.10595416939149663,
    "Week":  0.000000000000000138093880324,
    "Week_Fluctuation":  0.10595416939149663,
    "Duration":  "12:21:44.9711153",
    "Updated":  "\/Date(1640378481945)\/",
    "Failed":  0,
    "HashRate_Live":  0,
    "HashRate_Average":  3954279578.4598708,
    "BlockRate_Live":  0,
    "BlockRate_Average":  10.815923333939242,
    "Diff_Live":  38252.0486,
    "Diff_Average":  46698.220864198796,
    "Actual24h_Week":  0.0000000120517409818883,
    "Estimate24h_Week":  0.000000132328234924878,
    "ErrorRatio":  0.871152929708886
}
