{
    "Live":  0.00000000000000000459426585,
    "Minute":  0.00000000000000000459426585,
    "Minute_Fluctuation":  0.0023122063690684405,
    "Minute_5":  0.0000000000000000045990552985,
    "Minute_5_Fluctuation":  0.0046273755493303256,
    "Minute_10":  0.0000000000000000046026841314,
    "Minute_10_Fluctuation":  0.0077896225498471352,
    "Hour":  0.0000000000000000045839496361,
    "Hour_Fluctuation":  0.016948238554274658,
    "Day":  0.0000000000000000047299831395,
    "Day_Fluctuation":  0.0385727889551788,
    "ThreeDay":  0.0000000000000000047299831395,
    "ThreeDay_Fluctuation":  0.0385727889551788,
    "Week":  0.0000000000000000047299831395,
    "Week_Fluctuation":  0.0385727889551788,
    "Duration":  "12:21:44.9711153",
    "Updated":  "\/Date(1640378869634)\/",
    "Failed":  0,
    "HashRate_Live":  36558585701692,
    "HashRate_Average":  18174064154847.395,
    "BlockRate_Live":  116,
    "BlockRate_Average":  126.33127829658031,
    "Diff_Live":  3969080.56,
    "Diff_Average":  3980157.4556633816,
    "Actual24h_Week":  0.0037851640166031,
    "Estimate24h_Week":  0.00486312973447134,
    "ErrorRatio":  0.968577885872336
}
