{
    "Live":  0.00000000000010232206,
    "Minute":  0.00000000000010232206,
    "Minute_Fluctuation":  0,
    "Minute_5":  0.00000000000010232206,
    "Minute_5_Fluctuation":  0.2248240767030954,
    "Minute_10":  0.00000000000009025367846323,
    "Minute_10_Fluctuation":  0.28762182982722512,
    "Hour":  0.0000000000000585738541257865,
    "Hour_Fluctuation":  0.29502399381986449,
    "Day":  0.0000000000000725170162894765,
    "Day_Fluctuation":  0.39296526586190361,
    "ThreeDay":  0.0000000000000725170162894765,
    "ThreeDay_Fluctuation":  0.39296526586190361,
    "Week":  0.0000000000000725170162894765,
    "Week_Fluctuation":  0.39296526586190361,
    "Duration":  "12:21:44.9711153",
    "Updated":  "\/Date(1640378868108)\/",
    "Failed":  0,
    "HashRate_Live":  335134061,
    "HashRate_Average":  109975614.56058599,
    "BlockRate_Live":  172,
    "BlockRate_Average":  159.69992383380927,
    "Diff_Live":  37.969551,
    "Diff_Average":  73.18209409119,
    "Actual24h_Week":  0.0000880700143715659,
    "Estimate24h_Week":  0.0000824805860397394,
    "ErrorRatio":  1
}
