{
    "Live":  0.00000000000000294941,
    "Minute":  0.00000000000000294941,
    "Minute_Fluctuation":  0.18877535584129823,
    "Minute_5":  0.000000000000003258138530182,
    "Minute_5_Fluctuation":  0.15024040573271932,
    "Minute_10":  0.0000000000000036994017261391,
    "Minute_10_Fluctuation":  0.19717862023781135,
    "Hour":  0.0000000000000042451541488504,
    "Hour_Fluctuation":  0.25922473696168163,
    "Day":  0.0000000000000051837532830001,
    "Day_Fluctuation":  0.36312535534421986,
    "ThreeDay":  0.0000000000000051837532830001,
    "ThreeDay_Fluctuation":  0.36312535534421986,
    "Week":  0.0000000000000051837532830001,
    "Week_Fluctuation":  0.3631253553442198,
    "Duration":  "12:21:44.9711153",
    "Updated":  "\/Date(1640378868623)\/",
    "Failed":  0,
    "HashRate_Live":  0,
    "HashRate_Average":  0,
    "BlockRate_Live":  17,
    "BlockRate_Average":  15.861135194602651,
    "Diff_Live":  90602.096,
    "Diff_Average":  76649.177648854165,
    "Actual24h_Week":  0,
    "Estimate24h_Week":  0.00000493811568675907,
    "ErrorRatio":  0.858242414391074
}
