{
    "Live":  0.00000000057815332,
    "Minute":  0.00000000057815332,
    "Minute_Fluctuation":  0.018716775932069465,
    "Minute_5":  0.00000000057337518889504,
    "Minute_5_Fluctuation":  0.011279474761086155,
    "Minute_10":  0.000000000587130106785191,
    "Minute_10_Fluctuation":  0.089114378633785282,
    "Hour":  0.000000000732524307244135,
    "Hour_Fluctuation":  0.12308497603423588,
    "Day":  0.000000000823822503026188,
    "Day_Fluctuation":  0.0789193741373537,
    "ThreeDay":  0.000000000823822503026188,
    "ThreeDay_Fluctuation":  0.0789193741373537,
    "Week":  0.000000000823822503026188,
    "Week_Fluctuation":  0.0789193741373537,
    "Duration":  "12:21:44.9711153",
    "Updated":  "\/Date(1640378869299)\/",
    "Failed":  0,
    "HashRate_Live":  56575,
    "HashRate_Average":  75731.104275203819,
    "BlockRate_Live":  5,
    "BlockRate_Average":  5.6717720443786526,
    "Diff_Live":  0.268705001,
    "Diff_Average":  0.22812314866925068,
    "Actual24h_Week":  0.000503269224896889,
    "Estimate24h_Week":  0.000859138407562227,
    "ErrorRatio":  0.941281689093144
}
