{
    "Live":  0.00000000000031973439,
    "Minute":  0.00000000000031973439,
    "Minute_Fluctuation":  0.002073105123645798,
    "Minute_5":  0.00000000000032003316854171,
    "Minute_5_Fluctuation":  0.0012866851232869645,
    "Minute_10":  0.000000000000321093923069212,
    "Minute_10_Fluctuation":  0.010525503181651054,
    "Hour":  0.000000000000330768291971299,
    "Hour_Fluctuation":  0.015810228209611612,
    "Day":  0.000000000000325181316815234,
    "Day_Fluctuation":  0.016739662947829723,
    "ThreeDay":  0.000000000000325181316815234,
    "ThreeDay_Fluctuation":  0.016739662947829723,
    "Week":  0.000000000000325181316815234,
    "Week_Fluctuation":  0.016739662947829723,
    "Duration":  "12:21:44.9711153",
    "Updated":  "\/Date(1640378868787)\/",
    "Failed":  0,
    "HashRate_Live":  0,
    "HashRate_Average":  671789.866935711,
    "BlockRate_Live":  0,
    "BlockRate_Average":  2.5971358167334615,
    "Diff_Live":  200000000000,
    "Diff_Average":  200011876205.46869,
    "Actual24h_Week":  0.0000240319566274055,
    "Estimate24h_Week":  0.000319796136412641,
    "ErrorRatio":  0.868895176451225
}
