{
    "Live":  0.00000000000000207319,
    "Minute":  0.00000000000000207319,
    "Minute_Fluctuation":  0.024829952149325756,
    "Minute_5":  0.0000000000000020505956093612,
    "Minute_5_Fluctuation":  0.01608584009070449,
    "Minute_10":  0.0000000000000021260958528403,
    "Minute_10_Fluctuation":  0.13122227853433868,
    "Hour":  0.0000000000000032421326862374,
    "Hour_Fluctuation":  0.21121626823974493,
    "Day":  0.0000000000000030206856269219,
    "Day_Fluctuation":  0.17508915370303074,
    "ThreeDay":  0.0000000000000030206856269219,
    "ThreeDay_Fluctuation":  0.17508915370303074,
    "Week":  0.0000000000000030206856269219,
    "Week_Fluctuation":  0.17508915370303074,
    "Duration":  "12:21:44.9711153",
    "Updated":  "\/Date(1640378868603)\/",
    "Failed":  0,
    "HashRate_Live":  36122622011,
    "HashRate_Average":  53909084418.484856,
    "BlockRate_Live":  176,
    "BlockRate_Average":  262.76657162628419,
    "Diff_Live":  5446.90605,
    "Diff_Average":  4138.0226752420822,
    "Actual24h_Week":  0.00000226884142806921,
    "Estimate24h_Week":  0.00000247695634088753,
    "ErrorRatio":  0.988089468076871
}
