{
    "Live":  0.00000000000010633039,
    "Minute":  0.00000000000010633039,
    "Minute_Fluctuation":  0.23328024553401622,
    "Minute_5":  0.000000000000120882841900388,
    "Minute_5_Fluctuation":  0.13543883427359055,
    "Minute_10":  0.000000000000127342820828195,
    "Minute_10_Fluctuation":  0.11005031570430207,
    "Hour":  0.000000000000114189403023014,
    "Hour_Fluctuation":  0.15098373258934922,
    "Day":  0.000000000000101042859748999,
    "Day_Fluctuation":  0.27501458379917476,
    "ThreeDay":  0.000000000000101042859748999,
    "ThreeDay_Fluctuation":  0.27501458379917482,
    "Week":  0.000000000000101042859748999,
    "Week_Fluctuation":  0.27501458379917476,
    "Duration":  "12:21:44.9711153",
    "Updated":  "\/Date(1640378869407)\/",
    "Failed":  0,
    "HashRate_Live":  4872456072,
    "HashRate_Average":  2999203896.3714705,
    "BlockRate_Live":  174,
    "BlockRate_Average":  213.40891948279682,
    "Diff_Live":  285.823126,
    "Diff_Average":  273.82891238448462,
    "Actual24h_Week":  0.0000905608851045021,
    "Estimate24h_Week":  0.000101990412915486,
    "ErrorRatio":  0.984113974825479
}
