{
    "Live":  0.00000000216753,
    "Minute":  0.00000000216753,
    "Minute_Fluctuation":  0.027830353698903028,
    "Minute_5":  0.00000000219544124704635,
    "Minute_5_Fluctuation":  0.018104547770707548,
    "Minute_10":  0.00000000216849534429132,
    "Minute_10_Fluctuation":  0.085802305116465527,
    "Hour":  0.00000000195017381239416,
    "Hour_Fluctuation":  0.2737426418666129,
    "Day":  0.00000000176208976869103,
    "Day_Fluctuation":  0.23310999723594281,
    "ThreeDay":  0.00000000176208976869103,
    "ThreeDay_Fluctuation":  0.23310999723594281,
    "Week":  0.00000000176208976869103,
    "Week_Fluctuation":  0.23310999723594281,
    "Duration":  "12:21:44.9711153",
    "Updated":  "\/Date(1640378869179)\/",
    "Failed":  0,
    "HashRate_Live":  7440,
    "HashRate_Average":  1793.3565889059928,
    "BlockRate_Live":  30,
    "BlockRate_Average":  12.619350380181229,
    "Diff_Live":  0.00149561005,
    "Diff_Average":  0.0023428167678935527,
    "Actual24h_Week":  0.00000166247910098054,
    "Estimate24h_Week":  0.00000160907347958049,
    "ErrorRatio":  1
}
