{
    "Live":  0.00000000302238,
    "Minute":  0.00000000302238,
    "Minute_Fluctuation":  0.099163060195285924,
    "Minute_5":  0.0000000031720346638569,
    "Minute_5_Fluctuation":  0.18403894107247332,
    "Minute_10":  0.00000000297139206248776,
    "Minute_10_Fluctuation":  0.19164913799143118,
    "Hour":  0.00000000236811666121831,
    "Hour_Fluctuation":  0.30114096516165095,
    "Day":  0.00000000219568075275721,
    "Day_Fluctuation":  0.24813138527661591,
    "ThreeDay":  0.00000000219568075275721,
    "ThreeDay_Fluctuation":  0.24813138527661591,
    "Week":  0.00000000219568075275721,
    "Week_Fluctuation":  0.24813138527661591,
    "Duration":  "12:21:44.9711153",
    "Updated":  "\/Date(1640378868344)\/",
    "Failed":  0,
    "HashRate_Live":  13847,
    "HashRate_Average":  8651.0005870480345,
    "BlockRate_Live":  169,
    "BlockRate_Average":  168.01964362850453,
    "Diff_Live":  0.000351943685,
    "Diff_Average":  0.00052052413690281674,
    "Actual24h_Week":  0.00000220369575312531,
    "Estimate24h_Week":  0.00000228074295039076,
    "ErrorRatio":  0.995211198762924
}
