{
    "Live":  0.00000000009,
    "Minute":  0.00000000009,
    "Minute_Fluctuation":  0.12499999999999988,
    "Minute_5":  0.00000000008550181353,
    "Minute_5_Fluctuation":  0.11863007448116673,
    "Minute_10":  0.0000000000854031246358153,
    "Minute_10_Fluctuation":  0.081404801542855038,
    "Hour":  0.0000000000753697138753464,
    "Hour_Fluctuation":  0.1039510167087109,
    "Day":  0.000000000075684393304619,
    "Day_Fluctuation":  0.069580354092971489,
    "ThreeDay":  0.0000000000766115742118999,
    "ThreeDay_Fluctuation":  0.060440302646025186,
    "Week":  0.0000000000766115742118999,
    "Week_Fluctuation":  0.0604403026460252,
    "Duration":  "1.12:08:18.8643651",
    "Updated":  "\/Date(1640378865195)\/",
    "Failed":  0,
    "HashRate_Live":  3607379,
    "HashRate_Average":  3223907.4130127621,
    "BlockRate_Live":  52,
    "BlockRate_Average":  56.308302983813554,
    "Diff_Live":  4053567382,
    "Diff_Average":  4759852319.3323107,
    "Actual24h_Week":  0.0000000317490288589881,
    "Estimate24h_Week":  0.0000000312962601231348,
    "ErrorRatio":  1.00555465425865
}
