{
    "Live":  0.00000000000044481858,
    "Minute":  0.00000000000044481858,
    "Minute_Fluctuation":  0.00015260072979963242,
    "Minute_5":  0.000000000000444849118187945,
    "Minute_5_Fluctuation":  0.000488476172188438,
    "Minute_10":  0.000000000000445241072047154,
    "Minute_10_Fluctuation":  0.0045204658748455922,
    "Hour":  0.000000000000459012278625477,
    "Hour_Fluctuation":  0.027863201907461822,
    "Day":  0.000000000000466678952410387,
    "Day_Fluctuation":  0.027767137526580832,
    "ThreeDay":  0.000000000000466678952410387,
    "ThreeDay_Fluctuation":  0.027767137526580832,
    "Week":  0.000000000000466678952410387,
    "Week_Fluctuation":  0.027767137526580832,
    "Duration":  "12:21:44.9711153",
    "Updated":  "\/Date(1640378868215)\/",
    "Failed":  0,
    "HashRate_Live":  2102757772,
    "HashRate_Average":  2599496040.1413903,
    "BlockRate_Live":  259,
    "BlockRate_Average":  306.51369027150474,
    "Diff_Live":  824816188155,
    "Diff_Average":  847969885722.92456,
    "Actual24h_Week":  0.000356170962048355,
    "Estimate24h_Week":  0.000460096039156256,
    "ErrorRatio":  0.967980232905169
}
