{
    "Live":  0.00000000000179177,
    "Minute":  0.00000000000179177,
    "Minute_Fluctuation":  0,
    "Minute_5":  0.00000000000179177,
    "Minute_5_Fluctuation":  1.9171112673789657E-05,
    "Minute_10":  0.00000000000179240688515706,
    "Minute_10_Fluctuation":  0.0013038772734116047,
    "Hour":  0.00000000000179744699551435,
    "Hour_Fluctuation":  0.0036049835558027306,
    "Day":  0.00000000000175920602670742,
    "Day_Fluctuation":  0.028076469101742475,
    "ThreeDay":  0.00000000000175920602670742,
    "ThreeDay_Fluctuation":  0.028076469101742486,
    "Week":  0.00000000000175920602670742,
    "Week_Fluctuation":  0.028076469101742475,
    "Duration":  "12:21:44.9711153",
    "Updated":  "\/Date(1640378869478)\/",
    "Failed":  0,
    "HashRate_Live":  54517004,
    "HashRate_Average":  42430127.1137236,
    "BlockRate_Live":  18,
    "BlockRate_Average":  8.8457214355800122,
    "Diff_Live":  90.9295683,
    "Diff_Average":  90.9295683,
    "Actual24h_Week":  0.00000115034678753889,
    "Estimate24h_Week":  0.00000191774396531886,
    "ErrorRatio":  0.943274820261471
}
