{
    "Live":  0.00000000017831,
    "Minute":  0.00000000017831,
    "Minute_Fluctuation":  0,
    "Minute_5":  0.00000000017831,
    "Minute_5_Fluctuation":  0.033755192121192934,
    "Minute_10":  0.000000000182772381858925,
    "Minute_10_Fluctuation":  0.10993302264353483,
    "Hour":  0.000000000166014476783861,
    "Hour_Fluctuation":  0.19839312625134917,
    "Day":  0.000000000119385396228369,
    "Day_Fluctuation":  0.086156006009565939,
    "ThreeDay":  0.00000000011750432506276,
    "ThreeDay_Fluctuation":  0.072086292199412275,
    "Week":  0.00000000011750432506276,
    "Week_Fluctuation":  0.072086292199412275,
    "Duration":  "1.10:21:41.6870508",
    "Updated":  "\/Date(1640378709605)\/",
    "Failed":  0,
    "HashRate_Live":  242101,
    "HashRate_Average":  154679.35748494472,
    "BlockRate_Live":  65,
    "BlockRate_Average":  50.91759565489545,
    "Diff_Live":  0.0407960887,
    "Diff_Average":  0.039777801259720358,
    "Actual24h_Week":  0.0000433048623255013,
    "Estimate24h_Week":  0.0000377180786867193,
    "ErrorRatio":  1.05439431431053
}
