{
    "Live":  0.00000000000023496305,
    "Minute":  0.00000000000023496305,
    "Minute_Fluctuation":  0.29409599298623651,
    "Minute_5":  0.000000000000278996274162596,
    "Minute_5_Fluctuation":  0.2006298541983132,
    "Minute_10":  0.000000000000307693356120073,
    "Minute_10_Fluctuation":  0.22406913102646,
    "Hour":  0.000000000000290607482377088,
    "Hour_Fluctuation":  0.32438033412577305,
    "Day":  0.000000000000268622541058413,
    "Day_Fluctuation":  0.45503829758722614,
    "ThreeDay":  0.000000000000268622541058413,
    "ThreeDay_Fluctuation":  0.45503829758722614,
    "Week":  0.000000000000268622541058413,
    "Week_Fluctuation":  0.45503829758722614,
    "Duration":  "12:21:44.9711153",
    "Updated":  "\/Date(1640378869127)\/",
    "Failed":  0,
    "HashRate_Live":  55519750,
    "HashRate_Average":  37287026.909018777,
    "BlockRate_Live":  782,
    "BlockRate_Average":  803.91529295528449,
    "Diff_Live":  1.42331248,
    "Diff_Average":  1.1874342114730199,
    "Actual24h_Week":  0.000171963354300918,
    "Estimate24h_Week":  0.000311075760298531,
    "ErrorRatio":  0.936606314861867
}
