{
    "Live":  0.00000000000013574411,
    "Minute":  0.00000000000013574411,
    "Minute_Fluctuation":  0,
    "Minute_5":  0.000000000000163282223151219,
    "Minute_5_Fluctuation":  0.162907268937926,
    "Minute_10":  0.000000000000182015017174064,
    "Minute_10_Fluctuation":  0.11397309749838462,
    "Hour":  0.000000000000203818670761338,
    "Hour_Fluctuation":  0.024880453825361394,
    "Day":  0.000000000000184287971763521,
    "Day_Fluctuation":  0.237148535333284,
    "ThreeDay":  0.000000000000184287971763521,
    "ThreeDay_Fluctuation":  0.23714853533328395,
    "Week":  0.000000000000184287971763521,
    "Week_Fluctuation":  0.23714853533328395,
    "Duration":  "11:58:15.7784400",
    "Updated":  "\/Date(1640192912431)\/",
    "Failed":  0,
    "HashRate_Live":  0,
    "HashRate_Average":  290794.9242704385,
    "BlockRate_Live":  0,
    "BlockRate_Average":  0,
    "Diff_Live":  42.4697683,
    "Diff_Average":  28.636482776273926,
    "Actual24h_Week":  0,
    "Estimate24h_Week":  0.000210131742702221,
    "ErrorRatio":  0.862564957955201
}
