{
    "Live":  0.00000000246701,
    "Minute":  0.00000000246701,
    "Minute_Fluctuation":  0.026440306076140133,
    "Minute_5":  0.000000002497147849349,
    "Minute_5_Fluctuation":  0.072592410407829433,
    "Minute_10":  0.00000000236506784934453,
    "Minute_10_Fluctuation":  0.16492863856009543,
    "Hour":  0.00000000164308446252355,
    "Hour_Fluctuation":  0.25409012863286584,
    "Day":  0.00000000141337558445384,
    "Day_Fluctuation":  0.12354255260753984,
    "ThreeDay":  0.00000000141337558445384,
    "ThreeDay_Fluctuation":  0.12354255260753984,
    "Week":  0.00000000141337558445384,
    "Week_Fluctuation":  0.12354255260753981,
    "Duration":  "12:21:44.9711153",
    "Updated":  "\/Date(1640378868319)\/",
    "Failed":  0,
    "HashRate_Live":  13430,
    "HashRate_Average":  51858.18300240441,
    "BlockRate_Live":  73,
    "BlockRate_Average":  180.29511404115166,
    "Diff_Live":  0.00373613295,
    "Diff_Average":  0.00474721705143287,
    "Actual24h_Week":  0.00000116964699818556,
    "Estimate24h_Week":  0.00000156460975120559,
    "ErrorRatio":  0.96421537943859
}
