{
    "Live":  0.00000000000017847268,
    "Minute":  0.00000000000017847268,
    "Minute_Fluctuation":  0.047558393074171958,
    "Minute_5":  0.00000000000018248132883647,
    "Minute_5_Fluctuation":  0.057360374552749858,
    "Minute_10":  0.0000000000001897673415671,
    "Minute_10_Fluctuation":  0.079140323641704133,
    "Hour":  0.000000000000206690466656203,
    "Hour_Fluctuation":  0.12563081637407245,
    "Day":  0.000000000000197692595920278,
    "Day_Fluctuation":  0.14315029855744255,
    "ThreeDay":  0.000000000000197692595920278,
    "ThreeDay_Fluctuation":  0.14315029855744255,
    "Week":  0.000000000000197692595920278,
    "Week_Fluctuation":  0.14315029855744255,
    "Duration":  "12:21:44.9711153",
    "Updated":  "\/Date(1640378869207)\/",
    "Failed":  0,
    "HashRate_Live":  65725079,
    "HashRate_Average":  101998868.21579327,
    "BlockRate_Live":  7,
    "BlockRate_Average":  5.9204227829722331,
    "Diff_Live":  1088.43206,
    "Diff_Average":  875.42376148344636,
    "Actual24h_Week":  0.0000257458157647511,
    "Estimate24h_Week":  0.000198467537916186,
    "ErrorRatio":  0.876631641771345
}
