{
    "Live":  0.00000000000045138,
    "Minute":  0.00000000000045138,
    "Minute_Fluctuation":  0.0039499525564359664,
    "Minute_5":  0.00000000000045218517537813,
    "Minute_5_Fluctuation":  0.018374850795827971,
    "Minute_10":  0.000000000000461581501479833,
    "Minute_10_Fluctuation":  0.041408897830865619,
    "Hour":  0.000000000000504652937172764,
    "Hour_Fluctuation":  0.0644390857772391,
    "Day":  0.000000000000561410651597938,
    "Day_Fluctuation":  0.052698294948039341,
    "ThreeDay":  0.000000000000566690338463514,
    "ThreeDay_Fluctuation":  0.046581394095583484,
    "Week":  0.000000000000566690338463514,
    "Week_Fluctuation":  0.046581394095583484,
    "Duration":  "1.12:07:13.2212229",
    "Updated":  "\/Date(1640378866880)\/",
    "Failed":  0,
    "HashRate_Live":  50349400733,
    "HashRate_Average":  50644408027.043159,
    "BlockRate_Live":  115,
    "BlockRate_Average":  104.45419067088102,
    "Diff_Live":  2520920566895.6,
    "Diff_Average":  2150356486503.2102,
    "Actual24h_Week":  0.000166953462051986,
    "Estimate24h_Week":  0.000192882953770547,
    "ErrorRatio":  0.948408230532552
}
