{
    "Live":  0.00000000000000028515,
    "Minute":  0.00000000000000028515,
    "Minute_Fluctuation":  0,
    "Minute_5":  0.00000000000000028515,
    "Minute_5_Fluctuation":  0.00027693594813717675,
    "Minute_10":  0.0000000000000002828099491513,
    "Minute_10_Fluctuation":  0.034613706430779011,
    "Hour":  0.0000000000000002591882331626,
    "Hour_Fluctuation":  0.12916246477573934,
    "Day":  0.000000000000000480093540195,
    "Day_Fluctuation":  0.58806393316161032,
    "ThreeDay":  0.000000000000000480093540195,
    "ThreeDay_Fluctuation":  0.58806393316161032,
    "Week":  0.000000000000000480093540195,
    "Week_Fluctuation":  0.58806393316161032,
    "Duration":  "11:43:06.5781024",
    "Updated":  "\/Date(1640377991470)\/",
    "Failed":  0,
    "HashRate_Live":  0,
    "HashRate_Average":  1440918338.8718333,
    "BlockRate_Live":  352,
    "BlockRate_Average":  338.70645706783711,
    "Diff_Live":  6892.48719,
    "Diff_Average":  7772.8966017780931,
    "Actual24h_Week":  0.00000026611055514468,
    "Estimate24h_Week":  0.00000103842957660394,
    "ErrorRatio":  0.899862879503622
}
