{
    "Live":  0.00000000000003057394,
    "Minute":  0.00000000000003057394,
    "Minute_Fluctuation":  0.23837526047472726,
    "Minute_5":  0.0000000000000348783041131942,
    "Minute_5_Fluctuation":  0.32438533631991617,
    "Minute_10":  0.0000000000000415214792160554,
    "Minute_10_Fluctuation":  0.37862599538203245,
    "Hour":  0.000000000000100006719790264,
    "Hour_Fluctuation":  0.53477636600612755,
    "Day":  0.000000000000104598190661668,
    "Day_Fluctuation":  0.41569402486018681,
    "ThreeDay":  0.000000000000104598190661668,
    "ThreeDay_Fluctuation":  0.41569402486018681,
    "Week":  0.000000000000104598190661668,
    "Week_Fluctuation":  0.41569402486018669,
    "Duration":  "12:21:44.9711153",
    "Updated":  "\/Date(1640378869264)\/",
    "Failed":  0,
    "HashRate_Live":  0,
    "HashRate_Average":  2645419344.1579418,
    "BlockRate_Live":  207,
    "BlockRate_Average":  316.59250799943123,
    "Diff_Live":  527.714525,
    "Diff_Average":  368.64312966430066,
    "Actual24h_Week":  0.000111969190380361,
    "Estimate24h_Week":  0.00011124306903407,
    "ErrorRatio":  1
}
