{
    "Live":  0.00000000000001301649,
    "Minute":  0.00000000000001301649,
    "Minute_Fluctuation":  0.065867405386947936,
    "Minute_5":  0.0000000000000126546648767261,
    "Minute_5_Fluctuation":  0.045789206635730884,
    "Minute_10":  0.000000000000012044123858897,
    "Minute_10_Fluctuation":  0.14021946687967615,
    "Hour":  0.0000000000000090838450579319,
    "Hour_Fluctuation":  0.26811127671645435,
    "Day":  0.0000000000000110187690404368,
    "Day_Fluctuation":  0.21556716671641465,
    "ThreeDay":  0.0000000000000110187690404368,
    "ThreeDay_Fluctuation":  0.21556716671641465,
    "Week":  0.0000000000000110187690404368,
    "Week_Fluctuation":  0.21556716671641465,
    "Duration":  "12:21:44.9711153",
    "Updated":  "\/Date(1640378869641)\/",
    "Failed":  0,
    "HashRate_Live":  13370061394,
    "HashRate_Average":  15485698248.044415,
    "BlockRate_Live":  230,
    "BlockRate_Average":  219.078792397327,
    "Diff_Live":  962.402858,
    "Diff_Average":  1527.369452893809,
    "Actual24h_Week":  0.0000109726756979337,
    "Estimate24h_Week":  0.0000108003608936387,
    "ErrorRatio":  1
}
