{
    "Live":  0.00000000000062060793,
    "Minute":  0.00000000000062060793,
    "Minute_Fluctuation":  0.000827357828131056,
    "Minute_5":  0.000000000000620839087304507,
    "Minute_5_Fluctuation":  0.0032150356787857717,
    "Minute_10":  0.000000000000633036925265704,
    "Minute_10_Fluctuation":  0.060886785497885045,
    "Hour":  0.000000000000763226081507847,
    "Hour_Fluctuation":  0.083282299676232352,
    "Day":  0.0000000000007854990218847,
    "Day_Fluctuation":  0.15762174503575457,
    "ThreeDay":  0.0000000000007854990218847,
    "ThreeDay_Fluctuation":  0.15762174503575457,
    "Week":  0.0000000000007854990218847,
    "Week_Fluctuation":  0.15762174503575457,
    "Duration":  "12:21:44.9711153",
    "Updated":  "\/Date(1640378867631)\/",
    "Failed":  0,
    "HashRate_Live":  2081938261,
    "HashRate_Average":  2646282338.3866711,
    "BlockRate_Live":  808,
    "BlockRate_Average":  700.58537969120562,
    "Diff_Live":  193198297003,
    "Diff_Average":  177493800642.12735,
    "Actual24h_Week":  0.000400430816304078,
    "Estimate24h_Week":  0.000614621208642701,
    "ErrorRatio":  0.950598657430641
}
