{
    "Live":  0.00000000000728604,
    "Minute":  0.00000000000728604,
    "Minute_Fluctuation":  0.0932731341017531,
    "Minute_5":  0.0000000000076231790759265,
    "Minute_5_Fluctuation":  0.082838397524243726,
    "Minute_10":  0.00000000000788801086548756,
    "Minute_10_Fluctuation":  0.095273106824960263,
    "Hour":  0.00000000000808665923255306,
    "Hour_Fluctuation":  0.11554131371783008,
    "Day":  0.00000000000780427404470196,
    "Day_Fluctuation":  0.18835175446064714,
    "ThreeDay":  0.00000000000780427404470196,
    "ThreeDay_Fluctuation":  0.18835175446064714,
    "Week":  0.00000000000780427404470196,
    "Week_Fluctuation":  0.18835175446064714,
    "Duration":  "12:21:44.9711153",
    "Updated":  "\/Date(1640378869783)\/",
    "Failed":  0,
    "HashRate_Live":  142989572,
    "HashRate_Average":  132292118.07601914,
    "BlockRate_Live":  639,
    "BlockRate_Average":  701.69614102839682,
    "Diff_Live":  3.15350108,
    "Diff_Average":  2.9834550081069304,
    "Actual24h_Week":  0.00000746097694656246,
    "Estimate24h_Week":  0.00000773768263829881,
    "ErrorRatio":  0.994930635874022
}
