{
    "Live":  0.00000000000030830695,
    "Minute":  0.00000000000030830695,
    "Minute_Fluctuation":  0.019330771796957542,
    "Minute_5":  0.000000000000311040628365227,
    "Minute_5_Fluctuation":  0.010968890269489471,
    "Minute_10":  0.000000000000311676183130216,
    "Minute_10_Fluctuation":  0.017860867166453277,
    "Hour":  0.000000000000307507015576491,
    "Hour_Fluctuation":  0.029986945924976124,
    "Day":  0.000000000000340047166959048,
    "Day_Fluctuation":  0.11136573468251734,
    "ThreeDay":  0.000000000000340047166959048,
    "ThreeDay_Fluctuation":  0.11136573468251734,
    "Week":  0.000000000000340047166959048,
    "Week_Fluctuation":  0.11136573468251734,
    "Duration":  "12:21:44.9711153",
    "Updated":  "\/Date(1640378869493)\/",
    "Failed":  0,
    "HashRate_Live":  0,
    "HashRate_Average":  714.96553474697362,
    "BlockRate_Live":  208,
    "BlockRate_Average":  948.98085283630178,
    "Diff_Live":  4618865772,
    "Diff_Average":  5008095382.949151,
    "Actual24h_Week":  0.000606200287783712,
    "Estimate24h_Week":  0.000386278326094995,
    "ErrorRatio":  1
}
