{
    "Live":  0.00000000054563,
    "Minute":  0.00000000054563,
    "Minute_Fluctuation":  0,
    "Minute_5":  0.00000000054563,
    "Minute_5_Fluctuation":  0.018352634681239651,
    "Minute_10":  0.000000000557992221947019,
    "Minute_10_Fluctuation":  0.049429289090253174,
    "Hour":  0.000000000657042778681802,
    "Hour_Fluctuation":  0.10419101904617659,
    "Day":  0.000000000635628439161032,
    "Day_Fluctuation":  0.12183748632997832,
    "ThreeDay":  0.000000000635628439161032,
    "ThreeDay_Fluctuation":  0.12183748632997823,
    "Week":  0.000000000635628439161032,
    "Week_Fluctuation":  0.12183748632997832,
    "Duration":  "12:21:44.9711153",
    "Updated":  "\/Date(1640378727444)\/",
    "Failed":  0,
    "HashRate_Live":  103348,
    "HashRate_Average":  177994.33554866645,
    "BlockRate_Live":  30,
    "BlockRate_Average":  25.609415101530974,
    "Diff_Live":  0.159091792,
    "Diff_Average":  0.1398237824240651,
    "Actual24h_Week":  0.000000579911565932957,
    "Estimate24h_Week":  0.000000569000454852235,
    "ErrorRatio":  1
}
