{
    "Live":  0.0000000000000022721,
    "Minute":  0.0000000000000022721,
    "Minute_Fluctuation":  0.033279973805322674,
    "Minute_5":  0.0000000000000022391822714125,
    "Minute_5_Fluctuation":  0.02597965440026824,
    "Minute_10":  0.0000000000000021995811190722,
    "Minute_10_Fluctuation":  0.0711007578277834,
    "Hour":  0.0000000000000017570144871376,
    "Hour_Fluctuation":  0.12716362661849423,
    "Day":  0.0000000000000015213257734993,
    "Day_Fluctuation":  0.079301566726252937,
    "ThreeDay":  0.0000000000000015213257734993,
    "ThreeDay_Fluctuation":  0.079301566726252923,
    "Week":  0.0000000000000015213257734993,
    "Week_Fluctuation":  0.079301566726252909,
    "Duration":  "12:21:44.9711153",
    "Updated":  "\/Date(1640378869926)\/",
    "Failed":  0,
    "HashRate_Live":  0,
    "HashRate_Average":  117702.11367305191,
    "BlockRate_Live":  4,
    "BlockRate_Average":  3.652902701844654,
    "Diff_Live":  2537.3098,
    "Diff_Average":  3394.8414793348752,
    "Actual24h_Week":  0.000000109089710689326,
    "Estimate24h_Week":  0.00000145887834305277,
    "ErrorRatio":  0.868842540217697
}
