{
    "Live":  0.00000000000000032,
    "Minute":  0.00000000000000032,
    "Minute_Fluctuation":  0.032258064516129087,
    "Minute_5":  0.00000000000000031550181353,
    "Minute_5_Fluctuation":  0.063811395692589257,
    "Minute_10":  0.0000000000000003239069154009,
    "Minute_10_Fluctuation":  0.075420800778800812,
    "Hour":  0.0000000000000003599961197472,
    "Hour_Fluctuation":  0.12397762920276474,
    "Day":  0.0000000000000004366280387167,
    "Day_Fluctuation":  0.091242072097955443,
    "ThreeDay":  0.0000000000000004412556594133,
    "ThreeDay_Fluctuation":  0.081101578531039969,
    "Week":  0.0000000000000004412556594133,
    "Week_Fluctuation":  0.081101578531039969,
    "Duration":  "1.12:07:13.2212229",
    "Updated":  "\/Date(1640378866912)\/",
    "Failed":  0,
    "HashRate_Live":  10144446121582,
    "HashRate_Average":  6182690252120.832,
    "BlockRate_Live":  573,
    "BlockRate_Average":  576.217372306378,
    "Diff_Live":  13732621.892937273,
    "Diff_Average":  13492318.672574477,
    "Actual24h_Week":  0.000000156223055146006,
    "Estimate24h_Week":  0.000000165260549794073,
    "ErrorRatio":  0.979012576423967
}
