{
    "Live":  0.00000000000020316755,
    "Minute":  0.00000000000020316755,
    "Minute_Fluctuation":  0.00039056916296925214,
    "Minute_5":  0.00000000000020313187038492,
    "Minute_5_Fluctuation":  0.0040297509209238185,
    "Minute_10":  0.000000000000206563003650807,
    "Minute_10_Fluctuation":  0.053048017117348814,
    "Hour":  0.000000000000244394894926325,
    "Hour_Fluctuation":  0.075515970043267364,
    "Day":  0.000000000000302925563377405,
    "Day_Fluctuation":  0.16638934148633897,
    "ThreeDay":  0.000000000000302925563377405,
    "ThreeDay_Fluctuation":  0.16638934148633897,
    "Week":  0.000000000000302925563377405,
    "Week_Fluctuation":  0.16638934148633897,
    "Duration":  "12:21:44.9711153",
    "Updated":  "\/Date(1640378868977)\/",
    "Failed":  0,
    "HashRate_Live":  0,
    "HashRate_Average":  50268103.851375304,
    "BlockRate_Live":  0,
    "BlockRate_Average":  4.1218838076629378,
    "Diff_Live":  892240660325,
    "Diff_Average":  903862049060.06885,
    "Actual24h_Week":  0.0002116665494999,
    "Estimate24h_Week":  0.000343475970256633,
    "ErrorRatio":  0.945600313078598
}
