{
    "Live":  0.0000000000002077869,
    "Minute":  0.0000000000002077869,
    "Minute_Fluctuation":  0.0069327916840910553,
    "Minute_5":  0.000000000000208439406929338,
    "Minute_5_Fluctuation":  0.05756468186796284,
    "Minute_10":  0.000000000000215791704274568,
    "Minute_10_Fluctuation":  0.096898689467655175,
    "Hour":  0.000000000000218716768289853,
    "Hour_Fluctuation":  0.12416468417031258,
    "Day":  0.000000000000203440575313917,
    "Day_Fluctuation":  0.13933293117344248,
    "ThreeDay":  0.000000000000203440575313917,
    "ThreeDay_Fluctuation":  0.13933293117344245,
    "Week":  0.000000000000203440575313917,
    "Week_Fluctuation":  0.13933293117344248,
    "Duration":  "12:21:44.9711153",
    "Updated":  "\/Date(1640378868712)\/",
    "Failed":  0,
    "HashRate_Live":  3546020742,
    "HashRate_Average":  2368573846.6058235,
    "BlockRate_Live":  224,
    "BlockRate_Average":  112.01867904102338,
    "Diff_Live":  421.00276,
    "Diff_Average":  431.1974314091417,
    "Actual24h_Week":  0.0000505311259178398,
    "Estimate24h_Week":  0.000202412764641422,
    "ErrorRatio":  0.89363134068188
}
