{
    "Live":  0.00000000000664945,
    "Minute":  0.00000000000664945,
    "Minute_Fluctuation":  0,
    "Minute_5":  0.00000000000664945,
    "Minute_5_Fluctuation":  0.0014579792778598971,
    "Minute_10":  0.00000000000647609521624157,
    "Minute_10_Fluctuation":  0.12838491230900415,
    "Hour":  0.00000000000537045588182384,
    "Hour_Fluctuation":  0.29240070543155994,
    "Day":  0.0000000000050973564391119,
    "Day_Fluctuation":  0.23135095378840156,
    "ThreeDay":  0.0000000000050973564391119,
    "ThreeDay_Fluctuation":  0.23135095378840151,
    "Week":  0.0000000000050973564391119,
    "Week_Fluctuation":  0.23135095378840156,
    "Duration":  "12:21:44.9711153",
    "Updated":  "\/Date(1640378869420)\/",
    "Failed":  0,
    "HashRate_Live":  187905,
    "HashRate_Average":  1728447.4806751551,
    "BlockRate_Live":  114,
    "BlockRate_Average":  127.41356537212002,
    "Diff_Live":  0.463652765,
    "Diff_Average":  0.63466368925216676,
    "Actual24h_Week":  0.00000432678111072046,
    "Estimate24h_Week":  0.00000480891590312343,
    "ErrorRatio":  0.985787594234136
}
