{
    "Live":  0.00000000000261972,
    "Minute":  0.00000000000261972,
    "Minute_Fluctuation":  0.00050794572237121069,
    "Minute_5":  0.00000000000261912174119949,
    "Minute_5_Fluctuation":  0.010976197406027744,
    "Minute_10":  0.00000000000268607830241443,
    "Minute_10_Fluctuation":  0.069541055347736344,
    "Hour":  0.00000000000340862787581164,
    "Hour_Fluctuation":  0.12230872551725334,
    "Day":  0.00000000000362149845084968,
    "Day_Fluctuation":  0.1255852899266629,
    "ThreeDay":  0.00000000000362149845084968,
    "ThreeDay_Fluctuation":  0.1255852899266629,
    "Week":  0.00000000000362149845084968,
    "Week_Fluctuation":  0.1255852899266629,
    "Duration":  "12:21:44.9711153",
    "Updated":  "\/Date(1640378869647)\/",
    "Failed":  0,
    "HashRate_Live":  0,
    "HashRate_Average":  2114625.7106479392,
    "BlockRate_Live":  2,
    "BlockRate_Average":  3.0406396121167218,
    "Diff_Live":  3.97326206,
    "Diff_Average":  3.1084803974438215,
    "Actual24h_Week":  0.000000236254473066885,
    "Estimate24h_Week":  0.00000318166615614167,
    "ErrorRatio":  0.868768617345027
}
