{
    "Live":  0.00000000605,
    "Minute":  0.00000000605,
    "Minute_Fluctuation":  0.048742138364779974,
    "Minute_5":  0.00000000618944378057,
    "Minute_5_Fluctuation":  0.17744637339015518,
    "Minute_10":  0.00000000565548021997745,
    "Minute_10_Fluctuation":  0.23867904822599073,
    "Hour":  0.00000000392602605412295,
    "Hour_Fluctuation":  0.44189492020117721,
    "Day":  0.00000000403451295014274,
    "Day_Fluctuation":  0.12810314821751839,
    "ThreeDay":  0.0000000040581941397772,
    "ThreeDay_Fluctuation":  0.10864399057067174,
    "Week":  0.0000000040581941397772,
    "Week_Fluctuation":  0.10864399057067174,
    "Duration":  "1.12:07:13.2212229",
    "Updated":  "\/Date(1640378867398)\/",
    "Failed":  0,
    "HashRate_Live":  1566,
    "HashRate_Average":  1853.2011422943651,
    "BlockRate_Live":  9,
    "BlockRate_Average":  10.337487938261665,
    "Diff_Live":  0.00743655861,
    "Diff_Average":  0.010740968941247377,
    "Actual24h_Week":  0.00000138621470862356,
    "Estimate24h_Week":  0.00000185629745324199,
    "ErrorRatio":  0.90281326128954
}
