{
    "Live":  0.00000001062668,
    "Minute":  0.00000001062668,
    "Minute_Fluctuation":  0.031928112553702474,
    "Minute_5":  0.0000000107843324394006,
    "Minute_5_Fluctuation":  0.023369056142017716,
    "Minute_10":  0.000000014361461557258,
    "Minute_10_Fluctuation":  0.51800044769386222,
    "Hour":  0.0000000307415503646215,
    "Hour_Fluctuation":  0.59538040956411253,
    "Day":  0.0000000324320998113909,
    "Day_Fluctuation":  0.58874910432895289,
    "ThreeDay":  0.0000000324320998113909,
    "ThreeDay_Fluctuation":  0.58874910432895289,
    "Week":  0.0000000324320998113909,
    "Week_Fluctuation":  0.58874910432895278,
    "Duration":  "01:28:00.5718142",
    "Updated":  "\/Date(1640378869875)\/",
    "Failed":  0,
    "HashRate_Live":  0,
    "HashRate_Average":  9966.0063097044713,
    "BlockRate_Live":  0,
    "BlockRate_Average":  0,
    "Diff_Live":  4368284270,
    "Diff_Average":  4328074197.6852255,
    "Actual24h_Week":  0.0000000974002206939258,
    "Estimate24h_Week":  0.0000594796976730545,
    "ErrorRatio":  0.982642493983783
}
