{
    "Live":  0.00000000000004022,
    "Minute":  0.00000000000004022,
    "Minute_Fluctuation":  0,
    "Minute_5":  0.00000000000004022,
    "Minute_5_Fluctuation":  0.10399840336176988,
    "Minute_10":  0.0000000000000430844466314552,
    "Minute_10_Fluctuation":  0.17005279580510579,
    "Hour":  0.0000000000000354005480836843,
    "Hour_Fluctuation":  0.24782847845130346,
    "Day":  0.0000000000000346253052818375,
    "Day_Fluctuation":  0.075608227466231012,
    "ThreeDay":  0.0000000000000344893461351214,
    "ThreeDay_Fluctuation":  0.062706646288074611,
    "Week":  0.0000000000000344893461351214,
    "Week_Fluctuation":  0.062706646288074611,
    "Duration":  "1.12:07:13.2212229",
    "Updated":  "\/Date(1640378866729)\/",
    "Failed":  0,
    "HashRate_Live":  5161033871,
    "HashRate_Average":  1530137092.7611353,
    "BlockRate_Live":  67,
    "BlockRate_Average":  57.596082354139291,
    "Diff_Live":  431.639395,
    "Diff_Average":  531.43881113199541,
    "Actual24h_Week":  0.0000136093328014824,
    "Estimate24h_Week":  0.0000142871324093729,
    "ErrorRatio":  0.981793078848628
}
