{
    "Live":  0.00000000000034176227,
    "Minute":  0.00000000000034176227,
    "Minute_Fluctuation":  0.033096368638388073,
    "Minute_5":  0.000000000000347024365485454,
    "Minute_5_Fluctuation":  0.0538823359840353,
    "Minute_10":  0.000000000000355785903613968,
    "Minute_10_Fluctuation":  0.10936158370796489,
    "Hour":  0.000000000000579700647569864,
    "Hour_Fluctuation":  0.21126269050280097,
    "Day":  0.000000000000720517681290633,
    "Day_Fluctuation":  0.16949112920346521,
    "ThreeDay":  0.000000000000720517681290633,
    "ThreeDay_Fluctuation":  0.16949112920346512,
    "Week":  0.000000000000720517681290633,
    "Week_Fluctuation":  0.16949112920346521,
    "Duration":  "12:21:44.9711153",
    "Updated":  "\/Date(1640378869682)\/",
    "Failed":  0,
    "HashRate_Live":  0,
    "HashRate_Average":  75111520.828006849,
    "BlockRate_Live":  268,
    "BlockRate_Average":  379.13739965437662,
    "Diff_Live":  5.92842619,
    "Diff_Average":  3.9874881930553179,
    "Actual24h_Week":  0.000569829323482136,
    "Estimate24h_Week":  0.00066287683742677,
    "ErrorRatio":  0.98010159628611
}
