{
    "Live":  0.00000000000000040013,
    "Minute":  0.00000000000000040013,
    "Minute_Fluctuation":  0,
    "Minute_5":  0.00000000000000040013,
    "Minute_5_Fluctuation":  0.0029490155333234533,
    "Minute_10":  0.0000000000000004177410485026,
    "Minute_10_Fluctuation":  0.13566882133222341,
    "Hour":  0.0000000000000005908804971117,
    "Hour_Fluctuation":  0.25471222389810966,
    "Day":  0.000000000000000952939760259,
    "Day_Fluctuation":  0.24203563251344495,
    "ThreeDay":  0.000000000000000952939760259,
    "ThreeDay_Fluctuation":  0.24203563251344495,
    "Week":  0.000000000000000952939760259,
    "Week_Fluctuation":  0.24203563251344495,
    "Duration":  "12:21:44.9711153",
    "Updated":  "\/Date(1640378869541)\/",
    "Failed":  0,
    "HashRate_Live":  674367132,
    "HashRate_Average":  2818936491.0111637,
    "BlockRate_Live":  487,
    "BlockRate_Average":  597.622535337613,
    "Diff_Live":  220.236554,
    "Diff_Average":  166.9726312717508,
    "Actual24h_Week":  0.000291248265258933,
    "Estimate24h_Week":  0.000710902721010888,
    "ErrorRatio":  0.916318786411687
}
