{
    "Live":  0.00000000000000129,
    "Minute":  0.00000000000000129,
    "Minute_Fluctuation":  0,
    "Minute_5":  0.00000000000000129,
    "Minute_5_Fluctuation":  0.12164927554851807,
    "Minute_10":  0.0000000000000014115324942962,
    "Minute_10_Fluctuation":  0.16411474151238667,
    "Hour":  0.000000000000001563622269288,
    "Hour_Fluctuation":  0.15368523473279988,
    "Day":  0.0000000000000019762826659269,
    "Day_Fluctuation":  0.11234101487368733,
    "ThreeDay":  0.0000000000000020066102398569,
    "ThreeDay_Fluctuation":  0.0997311250975825,
    "Week":  0.0000000000000020066102398569,
    "Week_Fluctuation":  0.0997311250975825,
    "Duration":  "1.12:07:13.2212229",
    "Updated":  "\/Date(1640378715575)\/",
    "Failed":  0,
    "HashRate_Live":  0,
    "HashRate_Average":  768917792.20166206,
    "BlockRate_Live":  1,
    "BlockRate_Average":  1.8934664695608296,
    "Diff_Live":  2317850.951913333,
    "Diff_Average":  4639948.2635959834,
    "Actual24h_Week":  0.0000011309188080256,
    "Estimate24h_Week":  0.000000568474320081472,
    "ErrorRatio":  1.37970741822292
}
