{
    "Live":  0.00000000620051,
    "Minute":  0.00000000620051,
    "Minute_Fluctuation":  0,
    "Minute_5":  0.00000000620051,
    "Minute_5_Fluctuation":  0.0044209351138360144,
    "Minute_10":  0.00000000618984580481808,
    "Minute_10_Fluctuation":  0.01750060519962636,
    "Hour":  0.0000000063503724380999,
    "Hour_Fluctuation":  0.071578572427311554,
    "Day":  0.00000000615491902255825,
    "Day_Fluctuation":  0.094039674109638663,
    "ThreeDay":  0.00000000615491902255825,
    "ThreeDay_Fluctuation":  0.094039674109638663,
    "Week":  0.00000000615491902255825,
    "Week_Fluctuation":  0.094039674109638663,
    "Duration":  "12:21:44.9711153",
    "Updated":  "\/Date(1640378869554)\/",
    "Failed":  0,
    "HashRate_Live":  195005,
    "HashRate_Average":  220169.51165016869,
    "BlockRate_Live":  1,
    "BlockRate_Average":  0.51700477325509731,
    "Diff_Live":  6.30396162,
    "Diff_Average":  6.41793405733201,
    "Actual24h_Week":  0.000012543944296995,
    "Estimate24h_Week":  0.0000062468401267566,
    "ErrorRatio":  1
}
