{
    "Live":  0.00000000415074,
    "Minute":  0.00000000415074,
    "Minute_Fluctuation":  0.0051340312931432465,
    "Minute_5":  0.00000000416037511541874,
    "Minute_5_Fluctuation":  0.023336474151909991,
    "Minute_10":  0.00000000401940221094158,
    "Minute_10_Fluctuation":  0.0989255503186287,
    "Hour":  0.00000000358137211970341,
    "Hour_Fluctuation":  0.11156239978496175,
    "Day":  0.00000000378022641117916,
    "Day_Fluctuation":  0.10393677126179718,
    "ThreeDay":  0.00000000378022641117916,
    "ThreeDay_Fluctuation":  0.10393677126179718,
    "Week":  0.00000000378022641117916,
    "Week_Fluctuation":  0.10393677126179718,
    "Duration":  "12:21:44.9711153",
    "Updated":  "\/Date(1640378867747)\/",
    "Failed":  0,
    "HashRate_Live":  26754,
    "HashRate_Average":  33438.846792549695,
    "BlockRate_Live":  526,
    "BlockRate_Average":  542.31810824042589,
    "Diff_Live":  0.000679360897,
    "Diff_Average":  0.00079920495589909108,
    "Actual24h_Week":  0.00000267518554177326,
    "Estimate24h_Week":  0.00000373008570881222,
    "ErrorRatio":  0.959909741380845
}
