{
    "Live":  0.00000000000915237,
    "Minute":  0.00000000000915237,
    "Minute_Fluctuation":  0.14571182857078471,
    "Minute_5":  0.000000000008628781094892,
    "Minute_5_Fluctuation":  0.1030770528190699,
    "Minute_10":  0.00000000000799041670084547,
    "Minute_10_Fluctuation":  0.1594045122871478,
    "Hour":  0.0000000000069017729727667,
    "Hour_Fluctuation":  0.178402833202734,
    "Day":  0.00000000000655499484422854,
    "Day_Fluctuation":  0.26843334298439275,
    "ThreeDay":  0.00000000000655499484422854,
    "ThreeDay_Fluctuation":  0.26843334298439275,
    "Week":  0.00000000000655499484422854,
    "Week_Fluctuation":  0.26843334298439275,
    "Duration":  "12:21:44.9711153",
    "Updated":  "\/Date(1640378870005)\/",
    "Failed":  0,
    "HashRate_Live":  13452553,
    "HashRate_Average":  5137849.5635240208,
    "BlockRate_Live":  333,
    "BlockRate_Average":  355.82706326697314,
    "Diff_Live":  0.411347117,
    "Diff_Average":  0.60229187929892791,
    "Actual24h_Week":  0.00000475662786538971,
    "Estimate24h_Week":  0.0000061903191114784,
    "ErrorRatio":  0.967168637691499
}
