{
    "Live":  0.00000000000000000126014745,
    "Minute":  0.00000000000000000126014745,
    "Minute_Fluctuation":  0.26804715678248459,
    "Minute_5":  0.0000000000000000014677281264,
    "Minute_5_Fluctuation":  0.23522524088857738,
    "Minute_10":  0.0000000000000000015088131956,
    "Minute_10_Fluctuation":  0.15204438591941843,
    "Hour":  0.0000000000000000013916845861,
    "Hour_Fluctuation":  0.22910094291413521,
    "Day":  0.0000000000000000011201894689,
    "Day_Fluctuation":  0.27908338164545693,
    "ThreeDay":  0.0000000000000000011201894689,
    "ThreeDay_Fluctuation":  0.27908338164545693,
    "Week":  0.0000000000000000011201894689,
    "Week_Fluctuation":  0.27908338164545693,
    "Duration":  "12:21:44.9711153",
    "Updated":  "\/Date(1640378869741)\/",
    "Failed":  0,
    "HashRate_Live":  0,
    "HashRate_Average":  238129778248.6254,
    "BlockRate_Live":  5,
    "BlockRate_Average":  5.497268312636642,
    "Diff_Live":  418253.215,
    "Diff_Average":  429558.86891385471,
    "Actual24h_Week":  0.000636686416783615,
    "Estimate24h_Week":  0.00117827222521156,
    "ErrorRatio":  0.934841970335829
}
