{
    "Live":  0.00000000000003169991,
    "Minute":  0.00000000000003169991,
    "Minute_Fluctuation":  0.29109238277720839,
    "Minute_5":  0.0000000000000375550418914726,
    "Minute_5_Fluctuation":  0.25110170947963129,
    "Minute_10":  0.000000000000036278879756848,
    "Minute_10_Fluctuation":  0.39700138731269707,
    "Hour":  0.0000000000000197298937133127,
    "Hour_Fluctuation":  0.5494125083339011,
    "Day":  0.0000000000000140851263472844,
    "Day_Fluctuation":  0.23860653152255906,
    "ThreeDay":  0.0000000000000140851263472844,
    "ThreeDay_Fluctuation":  0.23860653152255906,
    "Week":  0.0000000000000140851263472844,
    "Week_Fluctuation":  0.238606531522559,
    "Duration":  "12:21:44.9711153",
    "Updated":  "\/Date(1640378869595)\/",
    "Failed":  0,
    "HashRate_Live":  9902105023,
    "HashRate_Average":  9515399550.04289,
    "BlockRate_Live":  1862,
    "BlockRate_Average":  1130.8478335658965,
    "Diff_Live":  113.221666,
    "Diff_Average":  246.88993835404568,
    "Actual24h_Week":  0.000014684377582827,
    "Estimate24h_Week":  0.0000146204557974418,
    "ErrorRatio":  1
}
