{
    "Live":  0.00000000000001799721,
    "Minute":  0.00000000000001799721,
    "Minute_Fluctuation":  0.076408115222232009,
    "Minute_5":  0.0000000000000174225576820846,
    "Minute_5_Fluctuation":  0.13352661886458367,
    "Minute_10":  0.0000000000000191015188015317,
    "Minute_10_Fluctuation":  0.22178842839941593,
    "Hour":  0.0000000000000184202656111866,
    "Hour_Fluctuation":  0.21717662022505879,
    "Day":  0.000000000000019740958866777,
    "Day_Fluctuation":  0.18118408451616894,
    "ThreeDay":  0.000000000000019740958866777,
    "ThreeDay_Fluctuation":  0.18118408451616894,
    "Week":  0.000000000000019740958866777,
    "Week_Fluctuation":  0.18118408451616891,
    "Duration":  "12:21:44.9711153",
    "Updated":  "\/Date(1640378869073)\/",
    "Failed":  0,
    "HashRate_Live":  18507280393,
    "HashRate_Average":  17407649342.008717,
    "BlockRate_Live":  314,
    "BlockRate_Average":  217.17632211311661,
    "Diff_Live":  1942.5032,
    "Diff_Average":  2131.8442775856242,
    "Actual24h_Week":  0.00242682499313207,
    "Estimate24h_Week":  0.00587482219404977,
    "ErrorRatio":  0.916800927373856
}
