{
    "Live":  0.00000000000000040804,
    "Minute":  0.00000000000000040804,
    "Minute_Fluctuation":  0.029442187854782025,
    "Minute_5":  0.0000000000000004027906163895,
    "Minute_5_Fluctuation":  0.054797319045529452,
    "Minute_10":  0.0000000000000003856386826925,
    "Minute_10_Fluctuation":  0.0974838482049914,
    "Hour":  0.0000000000000003907682967204,
    "Hour_Fluctuation":  0.12974840189332804,
    "Day":  0.0000000000000003788193402055,
    "Day_Fluctuation":  0.19574326592499944,
    "ThreeDay":  0.0000000000000003788193402055,
    "ThreeDay_Fluctuation":  0.19574326592499944,
    "Week":  0.0000000000000003788193402055,
    "Week_Fluctuation":  0.19574326592499944,
    "Duration":  "12:21:44.9711153",
    "Updated":  "\/Date(1640378869453)\/",
    "Failed":  0,
    "HashRate_Live":  0,
    "HashRate_Average":  18175471949.612095,
    "BlockRate_Live":  101,
    "BlockRate_Average":  91.569941263097888,
    "Diff_Live":  8794.4864,
    "Diff_Average":  10078.866761681829,
    "Actual24h_Week":  0.000000101653783970133,
    "Estimate24h_Week":  0.000000348156396149511,
    "ErrorRatio":  0.899632419408903
}
