{
    "Live":  0.00000000010048615,
    "Minute":  0.00000000010048615,
    "Minute_Fluctuation":  0.024999982149281619,
    "Minute_5":  0.0000000000993836984744406,
    "Minute_5_Fluctuation":  0.071672326731194114,
    "Minute_10":  0.000000000103263971336891,
    "Minute_10_Fluctuation":  0.21576120613114549,
    "Hour":  0.000000000171241190141186,
    "Hour_Fluctuation":  0.38317463670492491,
    "Day":  0.000000000239892700006849,
    "Day_Fluctuation":  0.32486017133811829,
    "ThreeDay":  0.000000000239892700006849,
    "ThreeDay_Fluctuation":  0.32486017133811829,
    "Week":  0.000000000239892700006849,
    "Week_Fluctuation":  0.32486017133811834,
    "Duration":  "12:21:44.9711153",
    "Updated":  "\/Date(1640378868682)\/",
    "Failed":  0,
    "HashRate_Live":  35162361,
    "HashRate_Average":  31133767.207258143,
    "BlockRate_Live":  230,
    "BlockRate_Average":  238.4752535675897,
    "Diff_Live":  3.62166711,
    "Diff_Average":  2.8135957293695721,
    "Actual24h_Week":  0.000223939996817095,
    "Estimate24h_Week":  0.000255458322419254,
    "ErrorRatio":  0.982510016908099
}
