{
    "Live":  0.00000000000017728,
    "Minute":  0.00000000000017728,
    "Minute_Fluctuation":  0,
    "Minute_5":  0.000000000000177514293382975,
    "Minute_5_Fluctuation":  0.0022959367492305341,
    "Minute_10":  0.000000000000177815367922688,
    "Minute_10_Fluctuation":  0.0024418651106274118,
    "Hour":  0.000000000000178332708988933,
    "Hour_Fluctuation":  0.0015734545280342818,
    "Day":  0.000000000000178400366089142,
    "Day_Fluctuation":  0.0013965710152657644,
    "ThreeDay":  0.000000000000178400366089142,
    "ThreeDay_Fluctuation":  0.0013965710152657644,
    "Week":  0.000000000000178400366089142,
    "Week_Fluctuation":  0.0013965710152657644,
    "Duration":  "01:51:02.0111518",
    "Updated":  "\/Date(1640101956902)\/",
    "Failed":  0,
    "HashRate_Live":  0,
    "HashRate_Average":  0,
    "BlockRate_Live":  0,
    "BlockRate_Average":  0,
    "Diff_Live":  1,
    "Diff_Average":  1,
    "Actual24h_Week":  0,
    "Estimate24h_Week":  0.000000164873547493672,
    "ErrorRatio":  0.978090875135625
}
