{
    "Live":  0.00000000000000000537291176,
    "Minute":  0.00000000000000000537291176,
    "Minute_Fluctuation":  0.00020623984507797577,
    "Minute_5":  0.0000000000000000053724134149,
    "Minute_5_Fluctuation":  0.00019757297458363021,
    "Minute_10":  0.0000000000000000053826086248,
    "Minute_10_Fluctuation":  0.0075335031340420661,
    "Hour":  0.0000000000000000055076186606,
    "Hour_Fluctuation":  0.012841413198491561,
    "Day":  0.0000000000000000055279385618,
    "Day_Fluctuation":  0.0064743746932202405,
    "ThreeDay":  0.0000000000000000055279385618,
    "ThreeDay_Fluctuation":  0.0064743746932202405,
    "Week":  0.0000000000000000055279385618,
    "Week_Fluctuation":  0.0064743746932202405,
    "Duration":  "12:21:44.9711153",
    "Updated":  "\/Date(1640378867737)\/",
    "Failed":  0,
    "HashRate_Live":  0,
    "HashRate_Average":  380577050106.74866,
    "BlockRate_Live":  0,
    "BlockRate_Average":  0,
    "Diff_Live":  215068976000,
    "Diff_Average":  213281032468.94247,
    "Actual24h_Week":  0,
    "Estimate24h_Week":  0.00548530172788323,
    "ErrorRatio":  0.858242414391074
}
