{
    "Live":  0.00000000003335775,
    "Minute":  0.00000000003335775,
    "Minute_Fluctuation":  0,
    "Minute_5":  0.0000000000333532128172315,
    "Minute_5_Fluctuation":  0.00023853500731011649,
    "Minute_10":  0.0000000000333468436260129,
    "Minute_10_Fluctuation":  0.00032581009970405062,
    "Hour":  0.0000000000333236993613931,
    "Hour_Fluctuation":  0.00047595469716119716,
    "Day":  0.0000000000333191592469621,
    "Day_Fluctuation":  0.000417773322144999,
    "ThreeDay":  0.0000000000333191592469621,
    "ThreeDay_Fluctuation":  0.000417773322144999,
    "Week":  0.0000000000333191592469621,
    "Week_Fluctuation":  0.000417773322144999,
    "Duration":  "01:51:02.0111518",
    "Updated":  "\/Date(1640101956821)\/",
    "Failed":  0,
    "HashRate_Live":  0,
    "HashRate_Average":  0,
    "BlockRate_Live":  0,
    "BlockRate_Average":  0,
    "Diff_Live":  1,
    "Diff_Average":  1,
    "Actual24h_Week":  0,
    "Estimate24h_Week":  0.0000315817748441179,
    "ErrorRatio":  0.978090875135625
}
