{
    "Live":  0.00000000022,
    "Minute":  0.00000000022,
    "Minute_Fluctuation":  0,
    "Minute_5":  0.00000000022,
    "Minute_5_Fluctuation":  0.0424809834594484,
    "Minute_10":  0.000000000230043621486462,
    "Minute_10_Fluctuation":  0.078938731071700532,
    "Hour":  0.000000000229389868833032,
    "Hour_Fluctuation":  0.10269342888923592,
    "Day":  0.000000000164284251376764,
    "Day_Fluctuation":  0.1242597748824463,
    "ThreeDay":  0.000000000160297854875109,
    "ThreeDay_Fluctuation":  0.11049436952337396,
    "Week":  0.000000000160297854875109,
    "Week_Fluctuation":  0.11049436952337396,
    "Duration":  "1.12:07:13.2212229",
    "Updated":  "\/Date(1640378867223)\/",
    "Failed":  0,
    "HashRate_Live":  486735,
    "HashRate_Average":  508200.65196055069,
    "BlockRate_Live":  18,
    "BlockRate_Average":  20.332713767187112,
    "Diff_Live":  1.245165211,
    "Diff_Average":  1.0961393171102463,
    "Actual24h_Week":  0.0000000700922016611022,
    "Estimate24h_Week":  0.0000000778902597609928,
    "ErrorRatio":  0.961577680218022
}
