{
    "Live":  0.00000000402,
    "Minute":  0.00000000402,
    "Minute_Fluctuation":  0.019512195121951154,
    "Minute_5":  0.00000000405598549176,
    "Minute_5_Fluctuation":  0.016321017959411835,
    "Minute_10":  0.00000000404445667812803,
    "Minute_10_Fluctuation":  0.059183937194932396,
    "Hour":  0.00000000322268611103666,
    "Hour_Fluctuation":  0.16771104203167539,
    "Day":  0.00000000224203595855975,
    "Day_Fluctuation":  0.091324280582613521,
    "ThreeDay":  0.00000000219527083854956,
    "ThreeDay_Fluctuation":  0.076222550210067977,
    "Week":  0.00000000219527083854956,
    "Week_Fluctuation":  0.076222550210067977,
    "Duration":  "1.12:07:13.2212229",
    "Updated":  "\/Date(1640378866429)\/",
    "Failed":  0,
    "HashRate_Live":  38680,
    "HashRate_Average":  31813.726273920805,
    "BlockRate_Live":  106,
    "BlockRate_Average":  86.432511735964681,
    "Diff_Live":  0.00476324973,
    "Diff_Average":  0.0066645096087857084,
    "Actual24h_Week":  0.000000939905093255843,
    "Estimate24h_Week":  0.00000102427877903845,
    "ErrorRatio":  0.968386752315262
}
