{
    "Live":  0.00000000000157963,
    "Minute":  0.00000000000157963,
    "Minute_Fluctuation":  0.03592484506672794,
    "Minute_5":  0.00000000000155498893451734,
    "Minute_5_Fluctuation":  0.067903855492404241,
    "Minute_10":  0.00000000000156435173025306,
    "Minute_10_Fluctuation":  0.0927194688053005,
    "Hour":  0.00000000000122997476012341,
    "Hour_Fluctuation":  0.21798480842860563,
    "Day":  0.000000000000981108947434831,
    "Day_Fluctuation":  0.14765771842749958,
    "ThreeDay":  0.000000000000981108947434831,
    "ThreeDay_Fluctuation":  0.14765771842749956,
    "Week":  0.000000000000981108947434831,
    "Week_Fluctuation":  0.14765771842749958,
    "Duration":  "12:21:44.9711153",
    "Updated":  "\/Date(1640378869458)\/",
    "Failed":  0,
    "HashRate_Live":  7364438,
    "HashRate_Average":  163920711.90575027,
    "BlockRate_Live":  3,
    "BlockRate_Average":  5.6746768318750993,
    "Diff_Live":  120.006867,
    "Diff_Average":  160.57081897755657,
    "Actual24h_Week":  0.000000949735215983659,
    "Estimate24h_Week":  0.000000989287924730528,
    "ErrorRatio":  0.994332391656578
}
