{
    "Live":  0.00000000608002,
    "Minute":  0.00000000608002,
    "Minute_Fluctuation":  0.049166381261132708,
    "Minute_5":  0.00000000622143848443033,
    "Minute_5_Fluctuation":  0.17825387760433592,
    "Minute_10":  0.00000000567459894621709,
    "Minute_10_Fluctuation":  0.24946433312380678,
    "Hour":  0.00000000388685638738734,
    "Hour_Fluctuation":  0.44831381783947738,
    "Day":  0.00000000381457870857772,
    "Day_Fluctuation":  0.35016547061062586,
    "ThreeDay":  0.00000000381457870857772,
    "ThreeDay_Fluctuation":  0.35016547061062581,
    "Week":  0.00000000381457870857772,
    "Week_Fluctuation":  0.35016547061062581,
    "Duration":  "12:21:44.9711153",
    "Updated":  "\/Date(1640378869806)\/",
    "Failed":  0,
    "HashRate_Live":  1845,
    "HashRate_Average":  1884.9678735338603,
    "BlockRate_Live":  9,
    "BlockRate_Average":  10.337381026920541,
    "Diff_Live":  0.00743655861,
    "Diff_Average":  0.010723445953425705,
    "Actual24h_Week":  0.00000348273738684344,
    "Estimate24h_Week":  0.00000464856258261354,
    "ErrorRatio":  0.9644482435038
}
