{
    "Live":  0.00000000496,
    "Minute":  0.00000000496,
    "Minute_Fluctuation":  0.05523809523809517,
    "Minute_5":  0.00000000509044740763,
    "Minute_5_Fluctuation":  0.057404286102058708,
    "Minute_10":  0.00000000524242354374679,
    "Minute_10_Fluctuation":  0.065806462759744,
    "Hour":  0.00000000468614950388712,
    "Hour_Fluctuation":  0.13499593536167431,
    "Day":  0.00000000508924928391104,
    "Day_Fluctuation":  0.051323809244514088,
    "ThreeDay":  0.0000000051082716215011,
    "ThreeDay_Fluctuation":  0.043606455832172833,
    "Week":  0.0000000051082716215011,
    "Week_Fluctuation":  0.043606455832172833,
    "Duration":  "1.12:07:13.2212229",
    "Updated":  "\/Date(1640378867330)\/",
    "Failed":  0,
    "HashRate_Live":  177099,
    "HashRate_Average":  156301.67025084904,
    "BlockRate_Live":  526,
    "BlockRate_Average":  542.30592941959969,
    "Diff_Live":  0.00605688222742857,
    "Diff_Average":  0.0078344358262422819,
    "Actual24h_Week":  0.00000134905389768397,
    "Estimate24h_Week":  0.00000192120069174564,
    "ErrorRatio":  0.885708218492858
}
