{
    "Live":  0.00000000000085,
    "Minute":  0.00000000000085,
    "Minute_Fluctuation":  0.011627906976744137,
    "Minute_5":  0.00000000000085449818647,
    "Minute_5_Fluctuation":  0.0099590891841773443,
    "Minute_10":  0.000000000000851255514713829,
    "Minute_10_Fluctuation":  0.019864071221098702,
    "Hour":  0.000000000000807577738240799,
    "Hour_Fluctuation":  0.090336679436461925,
    "Day":  0.000000000000514416591381853,
    "Day_Fluctuation":  0.13853314392821622,
    "ThreeDay":  0.000000000000498378581958758,
    "ThreeDay_Fluctuation":  0.11640760321819049,
    "Week":  0.000000000000498378581958758,
    "Week_Fluctuation":  0.11640760321819052,
    "Duration":  "1.12:07:13.2212229",
    "Updated":  "\/Date(1640378867031)\/",
    "Failed":  0,
    "HashRate_Live":  671160223,
    "HashRate_Average":  871975320.70792353,
    "BlockRate_Live":  460,
    "BlockRate_Average":  466.84475258956093,
    "Diff_Live":  21.951823524999998,
    "Diff_Average":  22.8491511693476,
    "Actual24h_Week":  0.000000228036675637837,
    "Estimate24h_Week":  0.000000227563454911956,
    "ErrorRatio":  1.00079807095711
}
