{
    "Live":  0.0000000000023,
    "Minute":  0.0000000000023,
    "Minute_Fluctuation":  0,
    "Minute_5":  0.0000000000023,
    "Minute_5_Fluctuation":  0.0012427646113944866,
    "Minute_10":  0.00000000000226930639317815,
    "Minute_10_Fluctuation":  0.047013999074009272,
    "Hour":  0.00000000000210827355637979,
    "Hour_Fluctuation":  0.07023497930545812,
    "Day":  0.00000000000206402396205925,
    "Day_Fluctuation":  0.040803445082219073,
    "ThreeDay":  0.00000000000206734489517645,
    "ThreeDay_Fluctuation":  0.0355755504740894,
    "Week":  0.00000000000206734489517645,
    "Week_Fluctuation":  0.0355755504740894,
    "Duration":  "1.12:07:13.2212229",
    "Updated":  "\/Date(1640378867191)\/",
    "Failed":  0,
    "HashRate_Live":  1580548,
    "HashRate_Average":  341407.59712625504,
    "BlockRate_Live":  36,
    "BlockRate_Average":  28.526413211581605,
    "Diff_Live":  0.550566234,
    "Diff_Average":  0.61461949014342554,
    "Actual24h_Week":  0.000000880049354005716,
    "Estimate24h_Week":  0.000000837283556190658,
    "ErrorRatio":  1.01960217600104
}
