{
    "Live":  0.00000000000014561,
    "Minute":  0.00000000000014561,
    "Minute_Fluctuation":  0,
    "Minute_5":  0.00000000000014561,
    "Minute_5_Fluctuation":  0.0316092121992077,
    "Minute_10":  0.000000000000156418874598669,
    "Minute_10_Fluctuation":  0.16878113573835457,
    "Hour":  0.000000000000196462325408932,
    "Hour_Fluctuation":  0.21413755955719158,
    "Day":  0.000000000000251494390832072,
    "Day_Fluctuation":  0.082553096160371889,
    "ThreeDay":  0.000000000000255529990246067,
    "ThreeDay_Fluctuation":  0.068930138490737383,
    "Week":  0.000000000000255529990246067,
    "Week_Fluctuation":  0.0689301384907374,
    "Duration":  "1.12:08:18.8643651",
    "Updated":  "\/Date(1640378865023)\/",
    "Failed":  0,
    "HashRate_Live":  96757023,
    "HashRate_Average":  60551806.113227874,
    "BlockRate_Live":  354,
    "BlockRate_Average":  251.75302091598053,
    "Diff_Live":  5.89834377,
    "Diff_Average":  4.625369285150513,
    "Actual24h_Week":  0.0000870442274824446,
    "Estimate24h_Week":  0.0000889470556551485,
    "ErrorRatio":  0.99178625831672
}
