{
    "Live":  0.00000000000000061,
    "Minute":  0.00000000000000061,
    "Minute_Fluctuation":  0.089285714285714163,
    "Minute_5":  0.00000000000000058750906765,
    "Minute_5_Fluctuation":  0.14954849555120373,
    "Minute_10":  0.0000000000000005091698554769,
    "Minute_10_Fluctuation":  0.46204170103864728,
    "Hour":  0.0000000000000002724222023299,
    "Hour_Fluctuation":  0.55211445008144855,
    "Day":  0.0000000000000002364562151254,
    "Day_Fluctuation":  0.0990435207342664,
    "ThreeDay":  0.0000000000000002370123835899,
    "ThreeDay_Fluctuation":  0.080127111546621332,
    "Week":  0.0000000000000002370123835899,
    "Week_Fluctuation":  0.080127111546621319,
    "Duration":  "1.12:07:13.2212229",
    "Updated":  "\/Date(1640378866206)\/",
    "Failed":  0,
    "HashRate_Live":  3750214260018,
    "HashRate_Average":  3624527958862.79,
    "BlockRate_Live":  78,
    "BlockRate_Average":  53.084226769887422,
    "Diff_Live":  243051.712925,
    "Diff_Average":  640288.27992187929,
    "Actual24h_Week":  0.0000000931013642133369,
    "Estimate24h_Week":  0.0000000960264008745189,
    "ErrorRatio":  0.988309827221692
}
