{
    "Live":  0.00000000000223,
    "Minute":  0.00000000000223,
    "Minute_Fluctuation":  0,
    "Minute_5":  0.00000000000223,
    "Minute_5_Fluctuation":  0.0088454873007434171,
    "Minute_10":  0.00000000000218790220211692,
    "Minute_10_Fluctuation":  0.0635303920002987,
    "Hour":  0.00000000000179034854647726,
    "Hour_Fluctuation":  0.13077429200460924,
    "Day":  0.00000000000166252961046453,
    "Day_Fluctuation":  0.03796123323187621,
    "ThreeDay":  0.00000000000167105798067132,
    "ThreeDay_Fluctuation":  0.031518949448105606,
    "Week":  0.00000000000167105798067132,
    "Week_Fluctuation":  0.031518949448105613,
    "Duration":  "1.12:08:18.8643651",
    "Updated":  "\/Date(1640378865558)\/",
    "Failed":  0,
    "HashRate_Live":  413416372,
    "HashRate_Average":  290022181.17315656,
    "BlockRate_Live":  0,
    "BlockRate_Average":  0.668809632441196,
    "Diff_Live":  7324.44675,
    "Diff_Average":  7834.4175376023495,
    "Actual24h_Week":  0.000000418323165755714,
    "Estimate24h_Week":  0.000000705912879207084,
    "ErrorRatio":  0.843578917632252
}
