{
    "Live":  0.00000000000483,
    "Minute":  0.00000000000483,
    "Minute_Fluctuation":  0,
    "Minute_5":  0.00000000000483,
    "Minute_5_Fluctuation":  0.021328789804676809,
    "Minute_10":  0.00000000000456076820079426,
    "Minute_10_Fluctuation":  0.25705241269799517,
    "Hour":  0.00000000000316512073383449,
    "Hour_Fluctuation":  0.37569884289203792,
    "Day":  0.00000000000292120391322297,
    "Day_Fluctuation":  0.14574149452621393,
    "ThreeDay":  0.0000000000029190201826732,
    "ThreeDay_Fluctuation":  0.13089130336587163,
    "Week":  0.0000000000029190201826732,
    "Week_Fluctuation":  0.13089130336587163,
    "Duration":  "1.12:07:13.2212229",
    "Updated":  "\/Date(1640378716009)\/",
    "Failed":  0,
    "HashRate_Live":  0,
    "HashRate_Average":  9112363.7747436613,
    "BlockRate_Live":  620,
    "BlockRate_Average":  283.76856272795266,
    "Diff_Live":  0.100274498,
    "Diff_Average":  0.182638167563943,
    "Actual24h_Week":  0.00000138322267010594,
    "Estimate24h_Week":  0.00000151215828116535,
    "ErrorRatio":  0.967276790070075
}
