{
    "Live":  0.00000001543,
    "Minute":  0.00000001543,
    "Minute_Fluctuation":  0.040422885572139258,
    "Minute_5":  0.00000001572238212055,
    "Minute_5_Fluctuation":  0.050098034361248121,
    "Minute_10":  0.0000000152867710331258,
    "Minute_10_Fluctuation":  0.11244708535733614,
    "Hour":  0.0000000125018806094775,
    "Hour_Fluctuation":  0.26273415127986061,
    "Day":  0.0000000128805030770964,
    "Day_Fluctuation":  0.0974953580565176,
    "ThreeDay":  0.0000000130012433849562,
    "ThreeDay_Fluctuation":  0.080913473932370958,
    "Week":  0.0000000130012433849562,
    "Week_Fluctuation":  0.080913473932370958,
    "Duration":  "1.12:08:18.8643651",
    "Updated":  "\/Date(1640378865155)\/",
    "Failed":  0,
    "HashRate_Live":  27196,
    "HashRate_Average":  36230.985995569274,
    "BlockRate_Live":  287,
    "BlockRate_Average":  214.2514195883891,
    "Diff_Live":  2186822049,
    "Diff_Average":  1890854943.4241605,
    "Actual24h_Week":  0.00000361586174201836,
    "Estimate24h_Week":  0.00000493875691399043,
    "ErrorRatio":  0.897155558289577
}
