{
    "Live":  0.00000072097775,
    "Minute":  0.00000072097775,
    "Minute_Fluctuation":  0,
    "Minute_5":  0.00000072097775,
    "Minute_5_Fluctuation":  0.022138082122096413,
    "Minute_10":  0.000000737422207104312,
    "Minute_10_Fluctuation":  0.043698644325131375,
    "Hour":  0.000000793250094376539,
    "Hour_Fluctuation":  0.060311800996215054,
    "Day":  0.000000720895966860116,
    "Day_Fluctuation":  0.065970186378027568,
    "ThreeDay":  0.000000720895966860116,
    "ThreeDay_Fluctuation":  0.06597018637802754,
    "Week":  0.000000720895966860116,
    "Week_Fluctuation":  0.065970186378027568,
    "Duration":  "12:21:44.9711153",
    "Updated":  "\/Date(1640378869036)\/",
    "Failed":  0,
    "HashRate_Live":  1291,
    "HashRate_Average":  1401.6906110270359,
    "BlockRate_Live":  0,
    "BlockRate_Average":  0.66848176760806044,
    "Diff_Live":  25477.785570805,
    "Diff_Average":  18460.292911518362,
    "Actual24h_Week":  0.000780626907419099,
    "Estimate24h_Week":  0.000714142858901719,
    "ErrorRatio":  1
}
