{
    "Live":  0.00000000000254500265,
    "Minute":  0.00000000000254500265,
    "Minute_Fluctuation":  0.795682067179705,
    "Minute_5":  0.0000000000020377365750305,
    "Minute_5_Fluctuation":  0.59580146305453141,
    "Minute_10":  0.00000000000193438818757511,
    "Minute_10_Fluctuation":  0.32006376487650123,
    "Hour":  0.00000000000195478298751276,
    "Hour_Fluctuation":  0.23513954223225356,
    "Day":  0.00000000000184780242654868,
    "Day_Fluctuation":  0.18583733350534812,
    "ThreeDay":  0.00000000000184780242654868,
    "ThreeDay_Fluctuation":  0.1858373335053482,
    "Week":  0.00000000000184780242654868,
    "Week_Fluctuation":  0.18583733350534812,
    "Duration":  "12:21:44.9711153",
    "Updated":  "\/Date(1640378868756)\/",
    "Failed":  0,
    "HashRate_Live":  3994318917,
    "HashRate_Average":  3654329105.8463159,
    "BlockRate_Live":  0,
    "BlockRate_Average":  0,
    "Diff_Live":  11807747999947850,
    "Diff_Average":  11818854021646720,
    "Actual24h_Week":  0,
    "Estimate24h_Week":  0.00187407401995136,
    "ErrorRatio":  0.858242414391074
}
