{
    "Live":  0.00000030087717,
    "Minute":  0.00000030087717,
    "Minute_Fluctuation":  1.9941732252729891E-06,
    "Minute_5":  0.000000300876900108812,
    "Minute_5_Fluctuation":  0.017620343793766296,
    "Minute_10":  0.0000002995831460719,
    "Minute_10_Fluctuation":  0.066907202208340913,
    "Hour":  0.000000271754281027856,
    "Hour_Fluctuation":  0.17065554883163425,
    "Day":  0.000000291088769817995,
    "Day_Fluctuation":  0.24530075156962766,
    "ThreeDay":  0.000000291088769817995,
    "ThreeDay_Fluctuation":  0.24530075156962766,
    "Week":  0.000000291088769817995,
    "Week_Fluctuation":  0.24530075156962766,
    "Duration":  "12:21:44.9711153",
    "Updated":  "\/Date(1640378869336)\/",
    "Failed":  0,
    "HashRate_Live":  218,
    "HashRate_Average":  183.73739321311768,
    "BlockRate_Live":  32,
    "BlockRate_Average":  26.066288944845645,
    "Diff_Live":  248.59829189642,
    "Diff_Average":  248.47318455613711,
    "Actual24h_Week":  0.000319178591699535,
    "Estimate24h_Week":  0.000371841521464205,
    "ErrorRatio":  0.979923248632548
}
