{
    "Live":  0.00000001625987,
    "Minute":  0.00000001625987,
    "Minute_Fluctuation":  0.033646142874123479,
    "Minute_5":  0.0000000165145258306261,
    "Minute_5_Fluctuation":  0.028542699563865646,
    "Minute_10":  0.0000000169981505547874,
    "Minute_10_Fluctuation":  0.06398134083744425,
    "Hour":  0.0000000186865731925637,
    "Hour_Fluctuation":  0.10984283285884706,
    "Day":  0.0000000185214787531773,
    "Day_Fluctuation":  0.107407781021031,
    "ThreeDay":  0.0000000185214787531773,
    "ThreeDay_Fluctuation":  0.107407781021031,
    "Week":  0.0000000185214787531773,
    "Week_Fluctuation":  0.107407781021031,
    "Duration":  "12:21:44.9711153",
    "Updated":  "\/Date(1640378869572)\/",
    "Failed":  0,
    "HashRate_Live":  8285,
    "HashRate_Average":  61879.810671442945,
    "BlockRate_Live":  16,
    "BlockRate_Average":  28.835648036312907,
    "Diff_Live":  222689636,
    "Diff_Average":  208848671.68579105,
    "Actual24h_Week":  0.0000173617057222411,
    "Estimate24h_Week":  0.0000723071543952688,
    "ErrorRatio":  0.892279896654359
}
