{
    "Live":  0.00000000000157,
    "Minute":  0.00000000000157,
    "Minute_Fluctuation":  0,
    "Minute_5":  0.00000000000157,
    "Minute_5_Fluctuation":  0.034555021089062964,
    "Minute_10":  0.00000000000157644221371055,
    "Minute_10_Fluctuation":  0.078786562462403426,
    "Hour":  0.00000000000119234858181891,
    "Hour_Fluctuation":  0.25923949043696859,
    "Day":  0.00000000000108820047192942,
    "Day_Fluctuation":  0.080444622522999637,
    "ThreeDay":  0.00000000000109853555874161,
    "ThreeDay_Fluctuation":  0.069581918236985438,
    "Week":  0.00000000000109853555874161,
    "Week_Fluctuation":  0.069581918236985438,
    "Duration":  "1.12:07:13.2212229",
    "Updated":  "\/Date(1640378867125)\/",
    "Failed":  0,
    "HashRate_Live":  18703150,
    "HashRate_Average":  424589393.79364973,
    "BlockRate_Live":  31,
    "BlockRate_Average":  15.4923225083214,
    "Diff_Live":  51.806804133333337,
    "Diff_Average":  65.83839254140787,
    "Actual24h_Week":  0.000000365950282201088,
    "Estimate24h_Week":  0.000000378871409095157,
    "ErrorRatio":  0.986911531678374
}
