{
    "Live":  0.00000000056,
    "Minute":  0.00000000056,
    "Minute_Fluctuation":  0.056603773584905655,
    "Minute_5":  0.00000000054650544059,
    "Minute_5_Fluctuation":  0.031194943761715249,
    "Minute_10":  0.000000000537326554302669,
    "Minute_10_Fluctuation":  0.02573444523511334,
    "Hour":  0.000000000519369565966958,
    "Hour_Fluctuation":  0.034668206424522084,
    "Day":  0.00000000050839870394768,
    "Day_Fluctuation":  0.014349643545508417,
    "ThreeDay":  0.000000000508333696667119,
    "ThreeDay_Fluctuation":  0.012173845485108456,
    "Week":  0.000000000508333696667119,
    "Week_Fluctuation":  0.012173845485108454,
    "Duration":  "1.12:07:13.2212229",
    "Updated":  "\/Date(1640378866362)\/",
    "Failed":  0,
    "HashRate_Live":  0,
    "HashRate_Average":  4784.169801326585,
    "BlockRate_Live":  0,
    "BlockRate_Average":  0,
    "Diff_Live":  1800887817,
    "Diff_Average":  1983794711.9253216,
    "Actual24h_Week":  0,
    "Estimate24h_Week":  0.000000200820851295374,
    "ErrorRatio":  0.616221829832197
}
