{
    "Live":  0.00000000216,
    "Minute":  0.00000000216,
    "Minute_Fluctuation":  0,
    "Minute_5":  0.00000000216,
    "Minute_5_Fluctuation":  0.022424591866870056,
    "Minute_10":  0.00000000228942455755145,
    "Minute_10_Fluctuation":  0.15198213700241978,
    "Hour":  0.00000000323804093917137,
    "Hour_Fluctuation":  0.21549282959741925,
    "Day":  0.00000000381005405179299,
    "Day_Fluctuation":  0.096035437879913088,
    "ThreeDay":  0.00000000380181844310792,
    "ThreeDay_Fluctuation":  0.0845885513642552,
    "Week":  0.00000000380181844310792,
    "Week_Fluctuation":  0.0845885513642552,
    "Duration":  "1.12:07:13.2212229",
    "Updated":  "\/Date(1640378866018)\/",
    "Failed":  0,
    "HashRate_Live":  7184,
    "HashRate_Average":  7089.3596897346115,
    "BlockRate_Live":  30,
    "BlockRate_Average":  36.617281281506045,
    "Diff_Live":  0.006537160975,
    "Diff_Average":  0.0054640485834293526,
    "Actual24h_Week":  0.00000115632066455426,
    "Estimate24h_Week":  0.00000165368752056544,
    "ErrorRatio":  0.884573996279045
}
