{
    "Live":  0.0000000000000000000000887,
    "Minute":  0.0000000000000000000000887,
    "Minute_Fluctuation":  0.0008940000000000007,
    "Minute_5":  0.0000000000000000000000846786,
    "Minute_5_Fluctuation":  0.0030431112786773358,
    "Minute_10":  0.0000000000000000000001139547,
    "Minute_10_Fluctuation":  0.0064964631448253766,
    "Hour":  0.0000000000000000000002532078,
    "Hour_Fluctuation":  0.010445963066278147,
    "Day":  0.0000000000000000000003460115,
    "Day_Fluctuation":  0.013843986896211193,
    "ThreeDay":  0.0000000000000000000003460115,
    "ThreeDay_Fluctuation":  0.013843986896211193,
    "Week":  0.0000000000000000000003460115,
    "Week_Fluctuation":  0.013843986896211193,
    "Duration":  "12:21:44.9711153",
    "Updated":  "\/Date(1640378867772)\/",
    "Failed":  0,
    "HashRate_Live":  0,
    "HashRate_Average":  0,
    "BlockRate_Live":  117,
    "BlockRate_Average":  192.80020083898913,
    "Diff_Live":  1471811390,
    "Diff_Average":  678900377.2626164,
    "Actual24h_Week":  0,
    "Estimate24h_Week":  0.000000233782098627146,
    "ErrorRatio":  0.858242414391074
}
