{
    "Live":  0.00000000000506,
    "Minute":  0.00000000000506,
    "Minute_Fluctuation":  0,
    "Minute_5":  0.00000000000506,
    "Minute_5_Fluctuation":  0.067410238189658883,
    "Minute_10":  0.00000000000483590015910266,
    "Minute_10_Fluctuation":  0.0756331643210357,
    "Hour":  0.00000000000450781714851063,
    "Hour_Fluctuation":  0.038286286405807918,
    "Day":  0.00000000000375737480304147,
    "Day_Fluctuation":  0.059061971878498862,
    "ThreeDay":  0.00000000000370876958540275,
    "ThreeDay_Fluctuation":  0.050802868611001584,
    "Week":  0.00000000000370876958540275,
    "Week_Fluctuation":  0.05080286861100157,
    "Duration":  "1.12:07:13.2212229",
    "Updated":  "\/Date(1640378712279)\/",
    "Failed":  0,
    "HashRate_Live":  18062708,
    "HashRate_Average":  16050193.558572423,
    "BlockRate_Live":  454,
    "BlockRate_Average":  427.55343350829628,
    "Diff_Live":  0.559994189,
    "Diff_Average":  0.67354256779007315,
    "Actual24h_Week":  0.00000164116804728181,
    "Estimate24h_Week":  0.00000159380409678183,
    "ErrorRatio":  1.01140494637422
}
