{
    "Live":  0.00000000000045258766,
    "Minute":  0.00000000000045258766,
    "Minute_Fluctuation":  0,
    "Minute_5":  0.00000000000045258766,
    "Minute_5_Fluctuation":  0.01871525997707367,
    "Minute_10":  0.000000000000462435261400882,
    "Minute_10_Fluctuation":  0.042694486732902229,
    "Hour":  0.000000000000505830934302063,
    "Hour_Fluctuation":  0.065795340675938119,
    "Day":  0.000000000000507721256160796,
    "Day_Fluctuation":  0.086167563123685662,
    "ThreeDay":  0.000000000000507721256160796,
    "ThreeDay_Fluctuation":  0.086167563123685662,
    "Week":  0.000000000000507721256160796,
    "Week_Fluctuation":  0.086167563123685662,
    "Duration":  "12:21:44.9711153",
    "Updated":  "\/Date(1640378869832)\/",
    "Failed":  0,
    "HashRate_Live":  50277963175,
    "HashRate_Average":  50578810628.159081,
    "BlockRate_Live":  115,
    "BlockRate_Average":  104.45160754327217,
    "Diff_Live":  2520920566895.6,
    "Diff_Average":  2148604522466.5896,
    "Actual24h_Week":  0.000422310431483032,
    "Estimate24h_Week":  0.000486105289499832,
    "ErrorRatio":  0.981396201106903
}
