{
    "Live":  0.0000000153991,
    "Minute":  0.0000000153991,
    "Minute_Fluctuation":  0.0050044314148808434,
    "Minute_5":  0.000000015364607906148,
    "Minute_5_Fluctuation":  0.010524316651514081,
    "Minute_10":  0.0000000149539655221199,
    "Minute_10_Fluctuation":  0.10231742091082111,
    "Hour":  0.0000000115512638376488,
    "Hour_Fluctuation":  0.18670892999069691,
    "Day":  0.0000000106840626581865,
    "Day_Fluctuation":  0.1178821675546956,
    "ThreeDay":  0.0000000106840626581865,
    "ThreeDay_Fluctuation":  0.1178821675546956,
    "Week":  0.0000000106840626581865,
    "Week_Fluctuation":  0.1178821675546956,
    "Duration":  "12:21:44.9711153",
    "Updated":  "\/Date(1640378867880)\/",
    "Failed":  0,
    "HashRate_Live":  28189,
    "HashRate_Average":  21817.535541202662,
    "BlockRate_Live":  287,
    "BlockRate_Average":  214.13013439562488,
    "Diff_Live":  5359828,
    "Diff_Average":  7508673.3045448428,
    "Actual24h_Week":  0.0000102614507092847,
    "Estimate24h_Week":  0.0000115252020927783,
    "ErrorRatio":  0.984456121160231
}
