{
    "Live":  0.00000071737,
    "Minute":  0.00000071737,
    "Minute_Fluctuation":  0,
    "Minute_5":  0.00000071737,
    "Minute_5_Fluctuation":  0.021984308491768335,
    "Minute_10":  0.00000073379449945987,
    "Minute_10_Fluctuation":  0.044221403220023443,
    "Hour":  0.000000791695944669038,
    "Hour_Fluctuation":  0.061336001085707546,
    "Day":  0.000000668173221777701,
    "Day_Fluctuation":  0.049913473031002256,
    "ThreeDay":  0.000000660095385897877,
    "ThreeDay_Fluctuation":  0.041153941165508488,
    "Week":  0.000000660095385897877,
    "Week_Fluctuation":  0.041153941165508488,
    "Duration":  "1.12:08:18.8643651",
    "Updated":  "\/Date(1640378865364)\/",
    "Failed":  0,
    "HashRate_Live":  1317,
    "HashRate_Average":  1403.5580132759708,
    "BlockRate_Live":  0,
    "BlockRate_Average":  0.66848176760806044,
    "Diff_Live":  25477.785570805,
    "Diff_Average":  18456.191344643365,
    "Actual24h_Week":  0.000323767455809241,
    "Estimate24h_Week":  0.000284389760521702,
    "ErrorRatio":  1.05316298804618
}
