{
    "Live":  0.00000088340974,
    "Minute":  0.00000088340974,
    "Minute_Fluctuation":  0.069863016535499,
    "Minute_5":  0.00000085746084929212,
    "Minute_5_Fluctuation":  0.038807948514208955,
    "Minute_10":  0.000000837027550370041,
    "Minute_10_Fluctuation":  0.040589699012552077,
    "Hour":  0.000000763159800803832,
    "Hour_Fluctuation":  0.072080866979858049,
    "Day":  0.000000714828504828073,
    "Day_Fluctuation":  0.0736619742279152,
    "ThreeDay":  0.000000714828504828073,
    "ThreeDay_Fluctuation":  0.0736619742279152,
    "Week":  0.000000714828504828073,
    "Week_Fluctuation":  0.0736619742279152,
    "Duration":  "12:21:44.9711153",
    "Updated":  "\/Date(1640378869987)\/",
    "Failed":  0,
    "HashRate_Live":  479,
    "HashRate_Average":  371.48835491588625,
    "BlockRate_Live":  365,
    "BlockRate_Average":  333.46308761125067,
    "Diff_Live":  26.209067234885,
    "Diff_Average":  25.43569549847361,
    "Actual24h_Week":  0.00077595836769475,
    "Estimate24h_Week":  0.00070886888841227,
    "ErrorRatio":  1
}
