{
    "Live":  0.00000000000000000406493045,
    "Minute":  0.00000000000000000406493045,
    "Minute_Fluctuation":  0.0094905682216408632,
    "Minute_5":  0.0000000000000000040477402661,
    "Minute_5_Fluctuation":  0.042523074724741386,
    "Minute_10":  0.0000000000000000041714776412,
    "Minute_10_Fluctuation":  0.05184682004232917,
    "Hour":  0.0000000000000000044362659569,
    "Hour_Fluctuation":  0.069793260525819148,
    "Day":  0.0000000000000000043678980715,
    "Day_Fluctuation":  0.11047567315824625,
    "ThreeDay":  0.0000000000000000043678980715,
    "ThreeDay_Fluctuation":  0.11047567315824625,
    "Week":  0.0000000000000000043678980715,
    "Week_Fluctuation":  0.11047567315824625,
    "Duration":  "12:21:44.9711153",
    "Updated":  "\/Date(1640378868992)\/",
    "Failed":  0,
    "HashRate_Live":  0,
    "HashRate_Average":  77732180279262.109,
    "BlockRate_Live":  104,
    "BlockRate_Average":  73.330423460963218,
    "Diff_Live":  34148938.8,
    "Diff_Average":  32041280.737178221,
    "Actual24h_Week":  0.00317246176534906,
    "Estimate24h_Week":  0.0046831687613955,
    "ErrorRatio":  0.954271522716119
}
