{
    "Live":  0.00000000202932,
    "Minute":  0.00000000202932,
    "Minute_Fluctuation":  0.053382334620655308,
    "Minute_5":  0.00000000198306065034252,
    "Minute_5_Fluctuation":  0.040363049074551419,
    "Minute_10":  0.00000000191674626269854,
    "Minute_10_Fluctuation":  0.075965401638615981,
    "Hour":  0.00000000156466705243921,
    "Hour_Fluctuation":  0.25381688541926162,
    "Day":  0.00000000214264921443081,
    "Day_Fluctuation":  0.434688790567838,
    "ThreeDay":  0.00000000214264921443081,
    "ThreeDay_Fluctuation":  0.4346887905678381,
    "Week":  0.00000000214264921443081,
    "Week_Fluctuation":  0.4346887905678381,
    "Duration":  "12:21:44.9711153",
    "Updated":  "\/Date(1640378869528)\/",
    "Failed":  0,
    "HashRate_Live":  2993,
    "HashRate_Average":  3320.2054191140869,
    "BlockRate_Live":  75,
    "BlockRate_Average":  49.865855957195137,
    "Diff_Live":  0.0102430079,
    "Diff_Average":  0.014881213139735309,
    "Actual24h_Week":  0.00000330044509945324,
    "Estimate24h_Week":  0.00000243913690012855,
    "ErrorRatio":  1
}
