{
    "Live":  0.0000000000054,
    "Minute":  0.0000000000054,
    "Minute_Fluctuation":  0,
    "Minute_5":  0.0000000000054,
    "Minute_5_Fluctuation":  1.9120848413832366E-05,
    "Minute_10":  0.00000000000535052912484872,
    "Minute_10_Fluctuation":  0.036727110621184396,
    "Hour":  0.00000000000489143189587974,
    "Hour_Fluctuation":  0.079144822179177912,
    "Day":  0.00000000000432725957908503,
    "Day_Fluctuation":  0.03871737646844714,
    "ThreeDay":  0.00000000000428646785090525,
    "ThreeDay_Fluctuation":  0.032110650361928332,
    "Week":  0.00000000000428646785090525,
    "Week_Fluctuation":  0.032110650361928332,
    "Duration":  "1.12:07:13.2212229",
    "Updated":  "\/Date(1640378712090)\/",
    "Failed":  0,
    "HashRate_Live":  382469701,
    "HashRate_Average":  276065058.41020966,
    "BlockRate_Live":  421,
    "BlockRate_Average":  345.46895649086559,
    "Diff_Live":  9.71474135,
    "Diff_Average":  10.638557832891834,
    "Actual24h_Week":  0.00000171268483909785,
    "Estimate24h_Week":  0.00000178192402004611,
    "ErrorRatio":  0.985087755780097
}
