{
    "Live":  0.00000000000044,
    "Minute":  0.00000000000044,
    "Minute_Fluctuation":  0.2542372881355931,
    "Minute_5":  0.00000000000050747279705,
    "Minute_5_Fluctuation":  0.22180050641670956,
    "Minute_10":  0.000000000000603638682926282,
    "Minute_10_Fluctuation":  0.33970805181670616,
    "Hour":  0.00000000000060354511972874,
    "Hour_Fluctuation":  0.33480120959393311,
    "Day":  0.000000000000763007207133232,
    "Day_Fluctuation":  0.044962551490250253,
    "ThreeDay":  0.000000000000764742443313542,
    "ThreeDay_Fluctuation":  0.041993438301793189,
    "Week":  0.000000000000764742443313542,
    "Week_Fluctuation":  0.041993438301793189,
    "Duration":  "1.03:39:36.4486772",
    "Updated":  "\/Date(1640378866054)\/",
    "Failed":  0,
    "HashRate_Live":  743566,
    "HashRate_Average":  1043400.6517607846,
    "BlockRate_Live":  22,
    "BlockRate_Average":  32.919847118235225,
    "Diff_Live":  0.236220047,
    "Diff_Average":  0.20231042959480108,
    "Actual24h_Week":  0.000000647587002548828,
    "Estimate24h_Week":  0.000000122790547045306,
    "ErrorRatio":  1.15250519302315
}
