{
    "Live":  0.00000000000001947565,
    "Minute":  0.00000000000001947565,
    "Minute_Fluctuation":  0.30061980228567542,
    "Minute_5":  0.0000000000000174507823641566,
    "Minute_5_Fluctuation":  0.17625124248076363,
    "Minute_10":  0.000000000000015788585877901,
    "Minute_10_Fluctuation":  0.25587601717577,
    "Hour":  0.0000000000000129459375319773,
    "Hour_Fluctuation":  0.34323053130174824,
    "Day":  0.0000000000000113488715866049,
    "Day_Fluctuation":  0.31053060245089559,
    "ThreeDay":  0.0000000000000113488715866049,
    "ThreeDay_Fluctuation":  0.31053060245089559,
    "Week":  0.0000000000000113488715866049,
    "Week_Fluctuation":  0.31053060245089559,
    "Duration":  "12:21:44.9711153",
    "Updated":  "\/Date(1640378868456)\/",
    "Failed":  0,
    "HashRate_Live":  328387473,
    "HashRate_Average":  327988384.76931566,
    "BlockRate_Live":  0,
    "BlockRate_Average":  0,
    "Diff_Live":  368449.593,
    "Diff_Average":  645829.56776433741,
    "Actual24h_Week":  0,
    "Estimate24h_Week":  0.0000106957440204594,
    "ErrorRatio":  0.858242414391074
}
