{
    "Live":  0.00000000000105803,
    "Minute":  0.00000000000105803,
    "Minute_Fluctuation":  0,
    "Minute_5":  0.00000000000105803,
    "Minute_5_Fluctuation":  0.0011107538627615255,
    "Minute_10":  0.00000000000106523634994516,
    "Minute_10_Fluctuation":  0.028751147703946461,
    "Hour":  0.00000000000125723683110593,
    "Hour_Fluctuation":  0.13910435313633013,
    "Day":  0.00000000000136716917414354,
    "Day_Fluctuation":  0.18953154656613547,
    "ThreeDay":  0.00000000000136716917414354,
    "ThreeDay_Fluctuation":  0.18953154656613549,
    "Week":  0.00000000000136716917414354,
    "Week_Fluctuation":  0.18953154656613549,
    "Duration":  "12:21:44.9711153",
    "Updated":  "\/Date(1640378140491)\/",
    "Failed":  0,
    "HashRate_Live":  0,
    "HashRate_Average":  46206.02734817897,
    "BlockRate_Live":  6,
    "BlockRate_Average":  5.3388972196976177,
    "Diff_Live":  2.36906363,
    "Diff_Average":  2.0506600760071816,
    "Actual24h_Week":  0.00000100274190934766,
    "Estimate24h_Week":  0.00000147518915477788,
    "ErrorRatio":  0.954600411328363
}
