{
    "Live":  0.0000000000001693156,
    "Minute":  0.0000000000001693156,
    "Minute_Fluctuation":  0.049964139871446649,
    "Minute_5":  0.000000000000173321064120449,
    "Minute_5_Fluctuation":  0.045302795378330325,
    "Minute_10":  0.000000000000180457535704935,
    "Minute_10_Fluctuation":  0.085604284610521567,
    "Hour":  0.000000000000198750799959922,
    "Hour_Fluctuation":  0.13135712915741007,
    "Day":  0.000000000000184084600036942,
    "Day_Fluctuation":  0.16368591305383176,
    "ThreeDay":  0.000000000000184084600036942,
    "ThreeDay_Fluctuation":  0.16368591305383176,
    "Week":  0.000000000000184084600036942,
    "Week_Fluctuation":  0.16368591305383173,
    "Duration":  "12:21:44.9711153",
    "Updated":  "\/Date(1640378869917)\/",
    "Failed":  0,
    "HashRate_Live":  0,
    "HashRate_Average":  15433097.245966025,
    "BlockRate_Live":  3,
    "BlockRate_Average":  2.9970110182786183,
    "Diff_Live":  132.172817,
    "Diff_Average":  130.57136192683288,
    "Actual24h_Week":  0.00000875459932787343,
    "Estimate24h_Week":  0.000180637616430662,
    "ErrorRatio":  0.865112693617601
}
