{
    "Live":  0.00000000000023669834,
    "Minute":  0.00000000000023669834,
    "Minute_Fluctuation":  0.0092687389321524077,
    "Minute_5":  0.00000000000023769442740829,
    "Minute_5_Fluctuation":  0.00930893692030385,
    "Minute_10":  0.000000000000245628775750035,
    "Minute_10_Fluctuation":  0.10155673560789144,
    "Hour":  0.000000000000359270538590858,
    "Hour_Fluctuation":  0.1863521029946732,
    "Day":  0.00000000000043978532186352,
    "Day_Fluctuation":  0.10321463063541071,
    "ThreeDay":  0.00000000000043978532186352,
    "ThreeDay_Fluctuation":  0.10321463063541071,
    "Week":  0.00000000000043978532186352,
    "Week_Fluctuation":  0.10321463063541071,
    "Duration":  "12:21:44.9711153",
    "Updated":  "\/Date(1640378867656)\/",
    "Failed":  0,
    "HashRate_Live":  0,
    "HashRate_Average":  83632252.14838253,
    "BlockRate_Live":  31,
    "BlockRate_Average":  105.50747515350555,
    "Diff_Live":  26265742476,
    "Diff_Average":  28738052848.40073,
    "Actual24h_Week":  0.000474349420934174,
    "Estimate24h_Week":  0.000452584646118742,
    "ErrorRatio":  1
}
