{
    "Live":  0.00000000000000000509,
    "Minute":  0.00000000000000000509,
    "Minute_Fluctuation":  0.080679405520170083,
    "Minute_5":  0.0000000000000000049190689141,
    "Minute_5_Fluctuation":  0.061004817486312125,
    "Minute_10":  0.0000000000000000048780394039,
    "Minute_10_Fluctuation":  0.083061961166480222,
    "Hour":  0.0000000000000000057629918586,
    "Hour_Fluctuation":  0.16433574897175024,
    "Day":  0.0000000000000000050177516209,
    "Day_Fluctuation":  0.16556470768170861,
    "ThreeDay":  0.0000000000000000050177516209,
    "ThreeDay_Fluctuation":  0.16556470768170861,
    "Week":  0.0000000000000000050177516209,
    "Week_Fluctuation":  0.16556470768170861,
    "Duration":  "12:21:44.9711153",
    "Updated":  "\/Date(1640378869906)\/",
    "Failed":  0,
    "HashRate_Live":  0,
    "HashRate_Average":  0,
    "BlockRate_Live":  0,
    "BlockRate_Average":  0.00010390377790943549,
    "Diff_Live":  17051190.3,
    "Diff_Average":  16227578.849505521,
    "Actual24h_Week":  0,
    "Estimate24h_Week":  0.00000001,
    "ErrorRatio":  0.858242414391074
}
