{
    "Live":  0.00000000000000082,
    "Minute":  0.00000000000000082,
    "Minute_Fluctuation":  0,
    "Minute_5":  0.00000000000000082,
    "Minute_5_Fluctuation":  0.00014601302248691412,
    "Minute_10":  0.0000000000000008177839471428,
    "Minute_10_Fluctuation":  0.010147540564829154,
    "Hour":  0.000000000000000797199608121,
    "Hour_Fluctuation":  0.017762467310780142,
    "Day":  0.0000000000000008427919489116,
    "Day_Fluctuation":  0.021573375969495698,
    "ThreeDay":  0.0000000000000008467936918689,
    "ThreeDay_Fluctuation":  0.018095903878498187,
    "Week":  0.0000000000000008467936918689,
    "Week_Fluctuation":  0.018095903878498191,
    "Duration":  "1.12:07:13.2212229",
    "Updated":  "\/Date(1640378865817)\/",
    "Failed":  0,
    "HashRate_Live":  2194904552091,
    "HashRate_Average":  2192691375644.1902,
    "BlockRate_Live":  211,
    "BlockRate_Average":  219.6102273780856,
    "Diff_Live":  825415871088957,
    "Diff_Average":  831116941016613.75,
    "Actual24h_Week":  0.000000323861358529992,
    "Estimate24h_Week":  0.000000336582286764254,
    "ErrorRatio":  0.985495331297691
}
