{
    "Live":  0.00000000267522,
    "Minute":  0.00000000267522,
    "Minute_Fluctuation":  0.017789884571193761,
    "Minute_5":  0.00000000265418648006628,
    "Minute_5_Fluctuation":  0.017119535254436703,
    "Minute_10":  0.00000000256762161211427,
    "Minute_10_Fluctuation":  0.10931963487133778,
    "Hour":  0.00000000252567272181031,
    "Hour_Fluctuation":  0.16223944511924251,
    "Day":  0.00000000255539505219834,
    "Day_Fluctuation":  0.24372180038880215,
    "ThreeDay":  0.00000000255539505219834,
    "ThreeDay_Fluctuation":  0.24372180038880215,
    "Week":  0.00000000255539505219834,
    "Week_Fluctuation":  0.24372180038880215,
    "Duration":  "12:21:44.9711153",
    "Updated":  "\/Date(1640378869978)\/",
    "Failed":  0,
    "HashRate_Live":  13262,
    "HashRate_Average":  14585.942204008948,
    "BlockRate_Live":  22,
    "BlockRate_Average":  28.127832812506242,
    "Diff_Live":  0.00946702533,
    "Diff_Average":  0.010512276675497104,
    "Actual24h_Week":  0.00000262881450435984,
    "Estimate24h_Week":  0.00000252520605615592,
    "ErrorRatio":  1
}
