{
    "Live":  0.00000000000053451,
    "Minute":  0.00000000000053451,
    "Minute_Fluctuation":  0.0024262331796719092,
    "Minute_5":  0.0000000000005350947642411,
    "Minute_5_Fluctuation":  0.011063840623149012,
    "Minute_10":  0.000000000000537098302783497,
    "Minute_10_Fluctuation":  0.016919172373544549,
    "Hour":  0.000000000000518373886042684,
    "Hour_Fluctuation":  0.032608465255307757,
    "Day":  0.000000000000497813033814186,
    "Day_Fluctuation":  0.020048710267418508,
    "ThreeDay":  0.0000000000004956666951022,
    "ThreeDay_Fluctuation":  0.017271281505953723,
    "Week":  0.0000000000004956666951022,
    "Week_Fluctuation":  0.017271281505953723,
    "Duration":  "1.12:08:18.8643651",
    "Updated":  "\/Date(1640378865517)\/",
    "Failed":  0,
    "HashRate_Live":  13363827162,
    "HashRate_Average":  14161029134.63517,
    "BlockRate_Live":  2929,
    "BlockRate_Average":  2401.5200122177957,
    "Diff_Live":  1073742722448678.5,
    "Diff_Average":  1074742016595247.6,
    "Actual24h_Week":  0.0000675373492547859,
    "Estimate24h_Week":  0.000197550778699216,
    "ErrorRatio":  0.747313225147955
}
