{
    "Live":  0.00000000000000025255,
    "Minute":  0.00000000000000025255,
    "Minute_Fluctuation":  0,
    "Minute_5":  0.00000000000000025255,
    "Minute_5_Fluctuation":  0.00093928074542379042,
    "Minute_10":  0.000000000000000257498609027,
    "Minute_10_Fluctuation":  0.068688384330561264,
    "Hour":  0.000000000000000349673361105,
    "Hour_Fluctuation":  0.23056538814110364,
    "Day":  0.0000000000000003944755323835,
    "Day_Fluctuation":  0.23597428011025304,
    "ThreeDay":  0.0000000000000003944755323835,
    "ThreeDay_Fluctuation":  0.23597428011025304,
    "Week":  0.0000000000000003944755323835,
    "Week_Fluctuation":  0.23597428011025304,
    "Duration":  "12:21:44.9711153",
    "Updated":  "\/Date(1640377030520)\/",
    "Failed":  0,
    "HashRate_Live":  0,
    "HashRate_Average":  17176890636.570683,
    "BlockRate_Live":  261,
    "BlockRate_Average":  241.27906415324614,
    "Diff_Live":  5900.28734,
    "Diff_Average":  4289.2695254720475,
    "Actual24h_Week":  0.00000011424714130317,
    "Estimate24h_Week":  0.000000312383199410374,
    "ErrorRatio":  0.910087068471153
}
