{
    "Live":  0.00000000000178,
    "Minute":  0.00000000000178,
    "Minute_Fluctuation":  0,
    "Minute_5":  0.00000000000178,
    "Minute_5_Fluctuation":  1.5487136426339114E-05,
    "Minute_10":  0.00000000000178026494448294,
    "Minute_10_Fluctuation":  0.0011025177716760936,
    "Hour":  0.00000000000182377910064151,
    "Hour_Fluctuation":  0.06726813921161709,
    "Day":  0.00000000000178501697769127,
    "Day_Fluctuation":  0.020106760949216942,
    "ThreeDay":  0.00000000000177981763883039,
    "ThreeDay_Fluctuation":  0.016875821180180991,
    "Week":  0.00000000000177981763883039,
    "Week_Fluctuation":  0.016875821180180991,
    "Duration":  "1.12:07:13.2212229",
    "Updated":  "\/Date(1640378865778)\/",
    "Failed":  0,
    "HashRate_Live":  58327445,
    "HashRate_Average":  45959484.758193888,
    "BlockRate_Live":  18,
    "BlockRate_Average":  11.986797238991034,
    "Diff_Live":  29.0610326475,
    "Diff_Average":  582.111427306407,
    "Actual24h_Week":  0.000000428269260963582,
    "Estimate24h_Week":  0.000000767705165179806,
    "ErrorRatio":  0.83031494886602
}
