{
    "Live":  0.00000000000005533899,
    "Minute":  0.00000000000005533899,
    "Minute_Fluctuation":  0,
    "Minute_5":  0.00000000000005533899,
    "Minute_5_Fluctuation":  0.01565178961969731,
    "Minute_10":  0.0000000000000576220451164339,
    "Minute_10_Fluctuation":  0.15084029991024259,
    "Hour":  0.000000000000107646955436249,
    "Hour_Fluctuation":  0.26999188439390676,
    "Day":  0.000000000000169717064495002,
    "Day_Fluctuation":  0.26591735919993048,
    "ThreeDay":  0.000000000000169717064495002,
    "ThreeDay_Fluctuation":  0.26591735919993048,
    "Week":  0.000000000000169717064495002,
    "Week_Fluctuation":  0.26591735919993054,
    "Duration":  "06:25:18.7770981",
    "Updated":  "\/Date(1640378869373)\/",
    "Failed":  0,
    "HashRate_Live":  16455677,
    "HashRate_Average":  9952289.97502944,
    "BlockRate_Live":  27,
    "BlockRate_Average":  11.395801151407435,
    "Diff_Live":  7.17628676,
    "Diff_Average":  5.0449964462263752,
    "Actual24h_Week":  0.000297011722562082,
    "Estimate24h_Week":  0.000306015211027287,
    "ErrorRatio":  0.997793672590306
}
