{
    "Live":  0.00000000000002004661,
    "Minute":  0.00000000000002004661,
    "Minute_Fluctuation":  0,
    "Minute_5":  0.00000000000002004661,
    "Minute_5_Fluctuation":  0.0010802295937480026,
    "Minute_10":  0.0000000000000204483758889154,
    "Minute_10_Fluctuation":  0.065379494380365472,
    "Hour":  0.0000000000000257364716238877,
    "Hour_Fluctuation":  0.17527621840520491,
    "Day":  0.0000000000000283516446277,
    "Day_Fluctuation":  0.24244428280786989,
    "ThreeDay":  0.0000000000000283516446277,
    "ThreeDay_Fluctuation":  0.24244428280786995,
    "Week":  0.0000000000000283516446277,
    "Week_Fluctuation":  0.24244428280786989,
    "Duration":  "12:21:44.9711153",
    "Updated":  "\/Date(1640378869427)\/",
    "Failed":  0,
    "HashRate_Live":  2494127657,
    "HashRate_Average":  1810611816.5153913,
    "BlockRate_Live":  0,
    "BlockRate_Average":  0,
    "Diff_Live":  424085.733,
    "Diff_Average":  424085.733,
    "Actual24h_Week":  0,
    "Estimate24h_Week":  0.0000171377574647915,
    "ErrorRatio":  0.858242414391074
}
