{
    "Live":  0.00000000000000001283,
    "Minute":  0.00000000000000001283,
    "Minute_Fluctuation":  0.027293404094010695,
    "Minute_5":  0.0000000000000000129919347129,
    "Minute_5_Fluctuation":  0.021301481066239879,
    "Minute_10":  0.00000000000000001291370739,
    "Minute_10_Fluctuation":  0.034242319534456486,
    "Hour":  0.0000000000000000119485960594,
    "Hour_Fluctuation":  0.052813633264169227,
    "Day":  0.0000000000000000119973716838,
    "Day_Fluctuation":  0.062439257485948231,
    "ThreeDay":  0.0000000000000000119973716838,
    "ThreeDay_Fluctuation":  0.062439257485948231,
    "Week":  0.0000000000000000119973716838,
    "Week_Fluctuation":  0.062439257485948231,
    "Duration":  "12:21:44.9711153",
    "Updated":  "\/Date(1640378867625)\/",
    "Failed":  0,
    "HashRate_Live":  0,
    "HashRate_Average":  0,
    "BlockRate_Live":  24,
    "BlockRate_Average":  26.916293372416426,
    "Diff_Live":  36403.9512,
    "Diff_Average":  39997.602758305533,
    "Actual24h_Week":  0,
    "Estimate24h_Week":  0.00000001,
    "ErrorRatio":  0.858242414391074
}
