{
    "Live":  0.00000000000004042025,
    "Minute":  0.00000000000004042025,
    "Minute_Fluctuation":  0,
    "Minute_5":  0.00000000000004042025,
    "Minute_5_Fluctuation":  0.10399994947245769,
    "Minute_10":  0.0000000000000433000420176723,
    "Minute_10_Fluctuation":  0.16986559150104291,
    "Hour":  0.0000000000000355943749167041,
    "Hour_Fluctuation":  0.24598810196956389,
    "Day":  0.0000000000000351935622949189,
    "Day_Fluctuation":  0.17288692306020087,
    "ThreeDay":  0.0000000000000351935622949189,
    "ThreeDay_Fluctuation":  0.17288692306020087,
    "Week":  0.0000000000000351935622949189,
    "Week_Fluctuation":  0.17288692306020087,
    "Duration":  "12:21:44.9711153",
    "Updated":  "\/Date(1640378869314)\/",
    "Failed":  0,
    "HashRate_Live":  5161033871,
    "HashRate_Average":  1494862678.8595934,
    "BlockRate_Live":  67,
    "BlockRate_Average":  57.601590666503164,
    "Diff_Live":  431.639395,
    "Diff_Average":  531.45161754617209,
    "Actual24h_Week":  0.0000341360706760669,
    "Estimate24h_Week":  0.0000359736022677989,
    "ErrorRatio":  0.992759022574806
}
