{
    "Live":  0.00000000000000108764,
    "Minute":  0.00000000000000108764,
    "Minute_Fluctuation":  0.090913650002925409,
    "Minute_5":  0.0000000000000011365667742342,
    "Minute_5_Fluctuation":  0.098709253215545134,
    "Minute_10":  0.0000000000000012862215566541,
    "Minute_10_Fluctuation":  0.21976084787492747,
    "Hour":  0.0000000000000024534021846306,
    "Hour_Fluctuation":  0.29684499323383839,
    "Day":  0.000000000000003112030906402,
    "Day_Fluctuation":  0.45422700940178845,
    "ThreeDay":  0.000000000000003112030906402,
    "ThreeDay_Fluctuation":  0.45422700940178862,
    "Week":  0.000000000000003112030906402,
    "Week_Fluctuation":  0.45422700940178862,
    "Duration":  "12:21:44.9711153",
    "Updated":  "\/Date(1640378869856)\/",
    "Failed":  0,
    "HashRate_Live":  25242381793,
    "HashRate_Average":  15901010804.647547,
    "BlockRate_Live":  57,
    "BlockRate_Average":  67.5866211202076,
    "Diff_Live":  7131.93596,
    "Diff_Average":  4522.1737395744894,
    "Actual24h_Week":  0.00000187766365495358,
    "Estimate24h_Week":  0.00000425396947715536,
    "ErrorRatio":  0.920812930644482
}
