{
    "Live":  0.0000000091,
    "Minute":  0.0000000091,
    "Minute_Fluctuation":  0.12763320941759582,
    "Minute_5":  0.00000000863668679359,
    "Minute_5_Fluctuation":  0.16154839957110362,
    "Minute_10":  0.00000000784955986494497,
    "Minute_10_Fluctuation":  0.18853835731246449,
    "Hour":  0.00000000710607482922002,
    "Hour_Fluctuation":  0.14032610106816892,
    "Day":  0.00000000692803921397861,
    "Day_Fluctuation":  0.079088640948869776,
    "ThreeDay":  0.00000000687297221741576,
    "ThreeDay_Fluctuation":  0.06707436091990468,
    "Week":  0.00000000687297221741576,
    "Week_Fluctuation":  0.06707436091990468,
    "Duration":  "1.12:07:13.2212229",
    "Updated":  "\/Date(1640378867255)\/",
    "Failed":  0,
    "HashRate_Live":  713454,
    "HashRate_Average":  614983.55508428917,
    "BlockRate_Live":  342,
    "BlockRate_Average":  282.89209685019318,
    "Diff_Live":  0.0391548269,
    "Diff_Average":  0.04427777809267075,
    "Actual24h_Week":  0.00000247454348415462,
    "Estimate24h_Week":  0.00000288156740252152,
    "ErrorRatio":  0.945790997472872
}
