{
    "Live":  0.00000000000000049651,
    "Minute":  0.00000000000000049651,
    "Minute_Fluctuation":  0.11347581350496752,
    "Minute_5":  0.0000000000000004737491764618,
    "Minute_5_Fluctuation":  0.066793562723979627,
    "Minute_10":  0.0000000000000004612058238991,
    "Minute_10_Fluctuation":  0.05417056542687932,
    "Hour":  0.0000000000000005009441871316,
    "Hour_Fluctuation":  0.11378720687345993,
    "Day":  0.0000000000000005096205684641,
    "Day_Fluctuation":  0.20808189412601646,
    "ThreeDay":  0.0000000000000005096205684641,
    "ThreeDay_Fluctuation":  0.20808189412601646,
    "Week":  0.0000000000000005096205684641,
    "Week_Fluctuation":  0.20808189412601646,
    "Duration":  "12:21:44.9711153",
    "Updated":  "\/Date(1640378868432)\/",
    "Failed":  0,
    "HashRate_Live":  1197001658772,
    "HashRate_Average":  481035700276.24731,
    "BlockRate_Live":  0,
    "BlockRate_Average":  0,
    "Diff_Live":  149017432,
    "Diff_Average":  146446536.52182543,
    "Actual24h_Week":  0,
    "Estimate24h_Week":  0.000000504433600120784,
    "ErrorRatio":  0.858242414391074
}
