{
    "Live":  0.00000000000000010878,
    "Minute":  0.00000000000000010878,
    "Minute_Fluctuation":  0,
    "Minute_5":  0.00000000000000010878,
    "Minute_5_Fluctuation":  0.0023427926327792359,
    "Minute_10":  0.0000000000000001100161913991,
    "Minute_10_Fluctuation":  0.0429006523114113,
    "Hour":  0.0000000000000001260952270242,
    "Hour_Fluctuation":  0.0599619632215014,
    "Day":  0.0000000000000001391047165629,
    "Day_Fluctuation":  0.013959885186617683,
    "ThreeDay":  0.0000000000000001395738749382,
    "ThreeDay_Fluctuation":  0.011183757434562933,
    "Week":  0.0000000000000001395738749382,
    "Week_Fluctuation":  0.011183757434562933,
    "Duration":  "1.12:07:13.2212229",
    "Updated":  "\/Date(1640378865891)\/",
    "Failed":  0,
    "HashRate_Live":  207147876141,
    "HashRate_Average":  197149924110.31076,
    "BlockRate_Live":  125,
    "BlockRate_Average":  150.16231407647871,
    "Diff_Live":  1874890.5650174485,
    "Diff_Average":  1589088.2524478647,
    "Actual24h_Week":  0.0000527911386411383,
    "Estimate24h_Week":  0.0000511872459736151,
    "ErrorRatio":  1.01202524147138
}
