{
    "Live":  0.00000000000589808,
    "Minute":  0.00000000000589808,
    "Minute_Fluctuation":  0.089609866580947481,
    "Minute_5":  0.00000000000567989096708618,
    "Minute_5_Fluctuation":  0.095571768637010071,
    "Minute_10":  0.00000000000549774231903481,
    "Minute_10_Fluctuation":  0.09889904828391051,
    "Hour":  0.00000000000613963444495278,
    "Hour_Fluctuation":  0.18934601456521172,
    "Day":  0.00000000000570536162235964,
    "Day_Fluctuation":  0.280110190706002,
    "ThreeDay":  0.00000000000570536162235964,
    "ThreeDay_Fluctuation":  0.280110190706002,
    "Week":  0.00000000000570536162235964,
    "Week_Fluctuation":  0.280110190706002,
    "Duration":  "12:21:44.9711153",
    "Updated":  "\/Date(1640378869688)\/",
    "Failed":  0,
    "HashRate_Live":  1788675,
    "HashRate_Average":  2898962.5610202407,
    "BlockRate_Live":  286,
    "BlockRate_Average":  306.29546413612059,
    "Diff_Live":  0.283316185,
    "Diff_Average":  0.32009816258319751,
    "Actual24h_Week":  0.00000295442111215557,
    "Estimate24h_Week":  0.00000549219057179887,
    "ErrorRatio":  0.934498254070366
}
