{
    "Live":  0.00000000000000001265248,
    "Minute":  0.00000000000000001265248,
    "Minute_Fluctuation":  0,
    "Minute_5":  0.00000000000000001265248,
    "Minute_5_Fluctuation":  0.0017713847295609594,
    "Minute_10":  0.0000000000000000130750286437,
    "Minute_10_Fluctuation":  0.10352490297007429,
    "Hour":  0.0000000000000000197034217298,
    "Hour_Fluctuation":  0.20343349875562955,
    "Day":  0.0000000000000000215123961785,
    "Day_Fluctuation":  0.22091803042328809,
    "ThreeDay":  0.0000000000000000215123961785,
    "ThreeDay_Fluctuation":  0.22091803042328809,
    "Week":  0.0000000000000000215123961785,
    "Week_Fluctuation":  0.22091803042328795,
    "Duration":  "12:21:44.9711153",
    "Updated":  "\/Date(1640378869922)\/",
    "Failed":  0,
    "HashRate_Live":  0,
    "HashRate_Average":  922946257089.46423,
    "BlockRate_Live":  0,
    "BlockRate_Average":  17.856664393054974,
    "Diff_Live":  455643.395,
    "Diff_Average":  319671.51160016406,
    "Actual24h_Week":  0.00000387694038395123,
    "Estimate24h_Week":  0.0000157587324600021,
    "ErrorRatio":  0.893117408923382
}
