{
    "Live":  0.00000000000001295,
    "Minute":  0.00000000000001295,
    "Minute_Fluctuation":  0,
    "Minute_5":  0.00000000000001295,
    "Minute_5_Fluctuation":  0.039708165280273169,
    "Minute_10":  0.0000000000000122861972858944,
    "Minute_10_Fluctuation":  0.15642032740626749,
    "Hour":  0.0000000000000091210145563498,
    "Hour_Fluctuation":  0.27253434472342253,
    "Day":  0.0000000000000096367232738497,
    "Day_Fluctuation":  0.11323657441263175,
    "ThreeDay":  0.0000000000000095657438104085,
    "ThreeDay_Fluctuation":  0.097250151316154013,
    "Week":  0.0000000000000095657438104085,
    "Week_Fluctuation":  0.097250151316154013,
    "Duration":  "1.12:07:13.2212229",
    "Updated":  "\/Date(1640378866670)\/",
    "Failed":  0,
    "HashRate_Live":  13370061394,
    "HashRate_Average":  15513350164.739185,
    "BlockRate_Live":  230,
    "BlockRate_Average":  219.08117182113239,
    "Diff_Live":  962.402858,
    "Diff_Average":  1527.8004080836115,
    "Actual24h_Week":  0.00000434049425608221,
    "Estimate24h_Week":  0.00000426194913057498,
    "ErrorRatio":  1.00707279782542
}
