{
    "Live":  0.00000000000265044,
    "Minute":  0.00000000000265044,
    "Minute_Fluctuation":  0.028346615555331418,
    "Minute_5":  0.00000000000261757624965018,
    "Minute_5_Fluctuation":  0.041423700957241523,
    "Minute_10":  0.00000000000256714465524805,
    "Minute_10_Fluctuation":  0.062876727373125219,
    "Hour":  0.00000000000280135843130355,
    "Hour_Fluctuation":  0.0924173136546763,
    "Day":  0.00000000000247308511761733,
    "Day_Fluctuation":  0.2049399353297357,
    "ThreeDay":  0.00000000000247308511761733,
    "ThreeDay_Fluctuation":  0.2049399353297357,
    "Week":  0.00000000000247308511761733,
    "Week_Fluctuation":  0.2049399353297357,
    "Duration":  "12:21:44.9711153",
    "Updated":  "\/Date(1640378869198)\/",
    "Failed":  0,
    "HashRate_Live":  0,
    "HashRate_Average":  12.115211381306466,
    "BlockRate_Live":  6,
    "BlockRate_Average":  3.1200893325358496,
    "Diff_Live":  0.416984806,
    "Diff_Average":  0.388205375452563,
    "Actual24h_Week":  0.00000201805127903621,
    "Estimate24h_Week":  0.00000220150860520138,
    "ErrorRatio":  0.988186978893474
}
