{
    "Live":  0.00000000000000414799,
    "Minute":  0.00000000000000414799,
    "Minute_Fluctuation":  0,
    "Minute_5":  0.00000000000000414799,
    "Minute_5_Fluctuation":  0.033644130171395364,
    "Minute_10":  0.0000000000000042625896694333,
    "Minute_10_Fluctuation":  0.056413458139692056,
    "Hour":  0.0000000000000043482668072402,
    "Hour_Fluctuation":  0.037334552510471304,
    "Day":  0.000000000000004372695926106,
    "Day_Fluctuation":  0.025154118011273419,
    "ThreeDay":  0.000000000000004372695926106,
    "ThreeDay_Fluctuation":  0.025154118011273423,
    "Week":  0.000000000000004372695926106,
    "Week_Fluctuation":  0.025154118011273419,
    "Duration":  "12:21:44.9711153",
    "Updated":  "\/Date(1640378725990)\/",
    "Failed":  0,
    "HashRate_Live":  0,
    "HashRate_Average":  11391021301.276276,
    "BlockRate_Live":  0,
    "BlockRate_Average":  24.820816554691937,
    "Diff_Live":  6706.10021,
    "Diff_Average":  6442.2863932292148,
    "Actual24h_Week":  0.00000314845733821941,
    "Estimate24h_Week":  0.00000431948505997916,
    "ErrorRatio":  0.961569015701472
}
