{
    "Live":  0.00000000001415883,
    "Minute":  0.00000000001415883,
    "Minute_Fluctuation":  0,
    "Minute_5":  0.00000000001415883,
    "Minute_5_Fluctuation":  0,
    "Minute_10":  0.00000000001415883,
    "Minute_10_Fluctuation":  0,
    "Hour":  0.00000000001415883,
    "Hour_Fluctuation":  0,
    "Day":  0.00000000001415883,
    "Day_Fluctuation":  0,
    "ThreeDay":  0.00000000001415883,
    "ThreeDay_Fluctuation":  0,
    "Week":  0.00000000001415883,
    "Week_Fluctuation":  0,
    "Duration":  "01:51:02.0111518",
    "Updated":  "\/Date(1640095800762)\/",
    "Failed":  0,
    "HashRate_Live":  0,
    "HashRate_Average":  0,
    "BlockRate_Live":  0,
    "BlockRate_Average":  0,
    "Diff_Live":  1,
    "Diff_Average":  1,
    "Actual24h_Week":  0,
    "Estimate24h_Week":  0.000013425758205978,
    "ErrorRatio":  0.978090875135625
}
