{
    "Live":  0.00000000000029125,
    "Minute":  0.00000000000029125,
    "Minute_Fluctuation":  0,
    "Minute_5":  0.00000000000029125,
    "Minute_5_Fluctuation":  0.0098347267718864578,
    "Minute_10":  0.000000000000292775145202091,
    "Minute_10_Fluctuation":  0.018069484025684812,
    "Hour":  0.000000000000273786935779195,
    "Hour_Fluctuation":  0.069661971111399018,
    "Day":  0.000000000000285158317077707,
    "Day_Fluctuation":  0.047058470958549252,
    "ThreeDay":  0.00000000000028498198479603,
    "ThreeDay_Fluctuation":  0.039573593185085944,
    "Week":  0.00000000000028498198479603,
    "Week_Fluctuation":  0.039573593185085944,
    "Duration":  "1.12:07:13.2212229",
    "Updated":  "\/Date(1640378716526)\/",
    "Failed":  0,
    "HashRate_Live":  564965025,
    "HashRate_Average":  497200008.778553,
    "BlockRate_Live":  15,
    "BlockRate_Average":  12.320543271412612,
    "Diff_Live":  4178092510639,
    "Diff_Average":  3929007370719.8882,
    "Actual24h_Week":  0.0000889251725709463,
    "Estimate24h_Week":  0.000122362453393709,
    "ErrorRatio":  0.895127156299674
}
