{
    "Live":  0.00000023402,
    "Minute":  0.00000023402,
    "Minute_Fluctuation":  0.0048952250085882087,
    "Minute_5":  0.00000023350720674242,
    "Minute_5_Fluctuation":  0.01493180798255014,
    "Minute_10":  0.000000238513511042384,
    "Minute_10_Fluctuation":  0.053484064389966765,
    "Hour":  0.000000269711777761836,
    "Hour_Fluctuation":  0.064318513683874257,
    "Day":  0.000000244017975906341,
    "Day_Fluctuation":  0.11115288637868877,
    "ThreeDay":  0.000000239555096163222,
    "ThreeDay_Fluctuation":  0.10375823563024619,
    "Week":  0.000000239555096163222,
    "Week_Fluctuation":  0.10375823563024619,
    "Duration":  "1.12:07:13.2212229",
    "Updated":  "\/Date(1640378866582)\/",
    "Failed":  0,
    "HashRate_Live":  14019,
    "HashRate_Average":  14387.075017839974,
    "BlockRate_Live":  369,
    "BlockRate_Average":  374.95332730158555,
    "Diff_Live":  0.000709148133,
    "Diff_Average":  0.00067307748175899826,
    "Actual24h_Week":  0.0000949561976850986,
    "Estimate24h_Week":  0.000113162682291796,
    "ErrorRatio":  0.938254809747885
}
