{
    "Live":  0.00000000000029664293,
    "Minute":  0.00000000000029664293,
    "Minute_Fluctuation":  0,
    "Minute_5":  0.00000000000029664293,
    "Minute_5_Fluctuation":  0.017531546974355133,
    "Minute_10":  0.000000000000292338027176523,
    "Minute_10_Fluctuation":  0.03470031998622005,
    "Hour":  0.00000000000028507836428964,
    "Hour_Fluctuation":  0.064726522865339531,
    "Day":  0.000000000000297146104848192,
    "Day_Fluctuation":  0.11937661821824479,
    "ThreeDay":  0.000000000000297146104848192,
    "ThreeDay_Fluctuation":  0.11937661821824479,
    "Week":  0.000000000000297146104848192,
    "Week_Fluctuation":  0.11937661821824479,
    "Duration":  "12:21:44.9711153",
    "Updated":  "\/Date(1640378867612)\/",
    "Failed":  0,
    "HashRate_Live":  4190696943,
    "HashRate_Average":  4671279237.0531988,
    "BlockRate_Live":  72,
    "BlockRate_Average":  72.44406533013,
    "Diff_Live":  941.42901,
    "Diff_Average":  988.49831037841761,
    "Actual24h_Week":  0.000174392385570389,
    "Estimate24h_Week":  0.000289302685743181,
    "ErrorRatio":  0.943694243030456
}
