{
    "Live":  0.0000000000002093187,
    "Minute":  0.0000000000002093187,
    "Minute_Fluctuation":  0.0013278248161019551,
    "Minute_5":  0.000000000000209193843838152,
    "Minute_5_Fluctuation":  0.035378334634502927,
    "Minute_10":  0.000000000000214894138064176,
    "Minute_10_Fluctuation":  0.074661294487568253,
    "Hour":  0.000000000000229806218402606,
    "Hour_Fluctuation":  0.10623450641793275,
    "Day":  0.000000000000223224568686895,
    "Day_Fluctuation":  0.11456232360882773,
    "ThreeDay":  0.000000000000223224568686895,
    "ThreeDay_Fluctuation":  0.11456232360882773,
    "Week":  0.000000000000223224568686895,
    "Week_Fluctuation":  0.11456232360882773,
    "Duration":  "12:21:44.9711153",
    "Updated":  "\/Date(1640378868467)\/",
    "Failed":  0,
    "HashRate_Live":  67754985459,
    "HashRate_Average":  59970383341.014511,
    "BlockRate_Live":  17,
    "BlockRate_Average":  11.651703644249197,
    "Diff_Live":  85813.9375,
    "Diff_Average":  92951.953047009418,
    "Actual24h_Week":  0.0000570806479235847,
    "Estimate24h_Week":  0.000221154484917975,
    "ErrorRatio":  0.894830480139059
}
