{
    "Live":  0.00000000000000061608,
    "Minute":  0.00000000000000061608,
    "Minute_Fluctuation":  0.12653598595669968,
    "Minute_5":  0.0000000000000005849525496276,
    "Minute_5_Fluctuation":  0.14076013056484465,
    "Minute_10":  0.0000000000000005110528816072,
    "Minute_10_Fluctuation":  0.45969322958428233,
    "Hour":  0.0000000000000002698174900382,
    "Hour_Fluctuation":  0.60221554262548815,
    "Day":  0.000000000000000214199780543,
    "Day_Fluctuation":  0.2920090975158024,
    "ThreeDay":  0.000000000000000214199780543,
    "ThreeDay_Fluctuation":  0.2920090975158024,
    "Week":  0.000000000000000214199780543,
    "Week_Fluctuation":  0.2920090975158024,
    "Duration":  "12:21:44.9711153",
    "Updated":  "\/Date(1640378869959)\/",
    "Failed":  0,
    "HashRate_Live":  3750214260018,
    "HashRate_Average":  2711635928049.1919,
    "BlockRate_Live":  78,
    "BlockRate_Average":  53.081883154954852,
    "Diff_Live":  604175.148,
    "Diff_Average":  1888680.4952537916,
    "Actual24h_Week":  0.000000232129290349693,
    "Estimate24h_Week":  0.000000235389976741624,
    "ErrorRatio":  0.998036335120354
}
