{
    "Live":  0.00000000000000004028,
    "Minute":  0.00000000000000004028,
    "Minute_Fluctuation":  0,
    "Minute_5":  0.0000000000000000347555399265,
    "Minute_5_Fluctuation":  0.37548535227698476,
    "Minute_10":  0.0000000000000000287952309439,
    "Minute_10_Fluctuation":  0.4511693142875528,
    "Hour":  0.0000000000000000282502863328,
    "Hour_Fluctuation":  0.27424835053964741,
    "Day":  0.000000000000000030214812204,
    "Day_Fluctuation":  0.20490656822859965,
    "ThreeDay":  0.000000000000000030214812204,
    "ThreeDay_Fluctuation":  0.20490656822859965,
    "Week":  0.000000000000000030214812204,
    "Week_Fluctuation":  0.20490656822859965,
    "Duration":  "11:44:44.0285476",
    "Updated":  "\/Date(1640192916057)\/",
    "Failed":  0,
    "HashRate_Live":  894269457.25781,
    "HashRate_Average":  1701152098.1711352,
    "BlockRate_Live":  0,
    "BlockRate_Average":  0,
    "Diff_Live":  0,
    "Diff_Average":  0,
    "Actual24h_Week":  0,
    "Estimate24h_Week":  0,
    "ErrorRatio":  1
}
