{
    "Live":  0.00000000000000000433114,
    "Minute":  0.00000000000000000433114,
    "Minute_Fluctuation":  0,
    "Minute_5":  0.000000000000000004777207073,
    "Minute_5_Fluctuation":  0.0682956404067053,
    "Minute_10":  0.0000000000000000048715826462,
    "Minute_10_Fluctuation":  0.075537090759431852,
    "Hour":  0.0000000000000000048240162286,
    "Hour_Fluctuation":  0.14600214789416449,
    "Day":  0.0000000000000000048603744175,
    "Day_Fluctuation":  0.11705158350268297,
    "ThreeDay":  0.0000000000000000048603744175,
    "ThreeDay_Fluctuation":  0.11705158350268297,
    "Week":  0.0000000000000000048603744175,
    "Week_Fluctuation":  0.11705158350268297,
    "Duration":  "11:44:44.0285476",
    "Updated":  "\/Date(1640192915201)\/",
    "Failed":  0,
    "HashRate_Live":  4930260100756000,
    "HashRate_Average":  3430930479837674.5,
    "BlockRate_Live":  31,
    "BlockRate_Average":  30.532147488996905,
    "Diff_Live":  0,
    "Diff_Average":  0,
    "Actual24h_Week":  0,
    "Estimate24h_Week":  0,
    "ErrorRatio":  1
}
