{
    "Live":  0.00000000000191446,
    "Minute":  0.00000000000191446,
    "Minute_Fluctuation":  0,
    "Minute_5":  0.00000000000229648726256835,
    "Minute_5_Fluctuation":  0.23618977278275502,
    "Minute_10":  0.00000000000266500907541617,
    "Minute_10_Fluctuation":  0.28947189078683455,
    "Hour":  0.00000000000276640902128676,
    "Hour_Fluctuation":  0.24744625406870305,
    "Day":  0.00000000000274901833908422,
    "Day_Fluctuation":  0.21635871719936939,
    "ThreeDay":  0.00000000000274901833908422,
    "ThreeDay_Fluctuation":  0.21635871719936944,
    "Week":  0.00000000000274901833908422,
    "Week_Fluctuation":  0.21635871719936939,
    "Duration":  "02:10:58.8556207",
    "Updated":  "\/Date(1640192787111)\/",
    "Failed":  0,
    "HashRate_Live":  0,
    "HashRate_Average":  0,
    "BlockRate_Live":  0,
    "BlockRate_Average":  0,
    "Diff_Live":  0,
    "Diff_Average":  0,
    "Actual24h_Week":  0,
    "Estimate24h_Week":  0,
    "ErrorRatio":  1
}
