{
    "Live":  0.00000000493,
    "Minute":  0.00000000493,
    "Minute_Fluctuation":  0,
    "Minute_5":  0.00000000493,
    "Minute_5_Fluctuation":  0.044386689455306362,
    "Minute_10":  0.00000000492064998222,
    "Minute_10_Fluctuation":  0.0753786083562126,
    "Hour":  0.00000000515383750736997,
    "Hour_Fluctuation":  0.37357671598573583,
    "Day":  0.00000000279023820521288,
    "Day_Fluctuation":  0.2465453670118235,
    "ThreeDay":  0.00000000266371800720686,
    "ThreeDay_Fluctuation":  0.21405780327053123,
    "Week":  0.00000000266371800720686,
    "Week_Fluctuation":  0.21405780327053123,
    "Duration":  "1.12:07:13.2212229",
    "Updated":  "\/Date(1640378737754)\/",
    "Failed":  0,
    "HashRate_Live":  4626,
    "HashRate_Average":  3556.7497906752264,
    "BlockRate_Live":  70,
    "BlockRate_Average":  63.071512417241479,
    "Diff_Live":  0,
    "Diff_Average":  0,
    "Actual24h_Week":  0.000000860588236528071,
    "Estimate24h_Week":  0.00000148281798702383,
    "ErrorRatio":  0.838956502309144
}
