{
    "Live":  0.00000000000000031883,
    "Minute":  0.00000000000000031883,
    "Minute_Fluctuation":  0,
    "Minute_5":  0.0000000000000003334103428497,
    "Minute_5_Fluctuation":  0.0727861138610527,
    "Minute_10":  0.0000000000000003471219615661,
    "Minute_10_Fluctuation":  0.079862029418559077,
    "Hour":  0.0000000000000003629005224751,
    "Hour_Fluctuation":  0.097154446041798848,
    "Day":  0.0000000000000003243524330792,
    "Day_Fluctuation":  0.2890102156559593,
    "ThreeDay":  0.0000000000000003243524330792,
    "ThreeDay_Fluctuation":  0.28901021565595936,
    "Week":  0.0000000000000003243524330792,
    "Week_Fluctuation":  0.2890102156559593,
    "Duration":  "11:44:44.0285476",
    "Updated":  "\/Date(1640192656418)\/",
    "Failed":  0,
    "HashRate_Live":  0,
    "HashRate_Average":  82221395485.627319,
    "BlockRate_Live":  157,
    "BlockRate_Average":  160.95821680182013,
    "Diff_Live":  0,
    "Diff_Average":  0,
    "Actual24h_Week":  0,
    "Estimate24h_Week":  0,
    "ErrorRatio":  1
}
