{
    "Live":  0.00000000000000000457473,
    "Minute":  0.00000000000000000457473,
    "Minute_Fluctuation":  0,
    "Minute_5":  0.000000000000000004599367066,
    "Minute_5_Fluctuation":  0.050293021743055666,
    "Minute_10":  0.0000000000000000047415272999,
    "Minute_10_Fluctuation":  0.092065466549853259,
    "Hour":  0.0000000000000000046589595815,
    "Hour_Fluctuation":  0.089638604500328747,
    "Day":  0.0000000000000000045494852723,
    "Day_Fluctuation":  0.082652960785977031,
    "ThreeDay":  0.0000000000000000045494852723,
    "ThreeDay_Fluctuation":  0.082652960785977031,
    "Week":  0.0000000000000000045494852723,
    "Week_Fluctuation":  0.082652960785977031,
    "Duration":  "11:44:44.0285476",
    "Updated":  "\/Date(1640192915087)\/",
    "Failed":  0,
    "HashRate_Live":  205570088866050,
    "HashRate_Average":  324689577921243.94,
    "BlockRate_Live":  262,
    "BlockRate_Average":  258.91276476092429,
    "Diff_Live":  0,
    "Diff_Average":  0,
    "Actual24h_Week":  0,
    "Estimate24h_Week":  0,
    "ErrorRatio":  1
}
