{
    "Live":  0.00000556487,
    "Minute":  0.00000556487,
    "Minute_Fluctuation":  0,
    "Minute_5":  0.00000537937739119511,
    "Minute_5_Fluctuation":  0.096844697896257367,
    "Minute_10":  0.00000532377542465378,
    "Minute_10_Fluctuation":  0.11862483932185093,
    "Hour":  0.00000566446611020467,
    "Hour_Fluctuation":  0.14572240146551868,
    "Day":  0.00000564006124729985,
    "Day_Fluctuation":  0.15350337187333959,
    "ThreeDay":  0.00000564006124729985,
    "ThreeDay_Fluctuation":  0.15350337187333959,
    "Week":  0.00000564006124729985,
    "Week_Fluctuation":  0.15350337187333957,
    "Duration":  "02:10:58.8556207",
    "Updated":  "\/Date(1640192787192)\/",
    "Failed":  0,
    "HashRate_Live":  50810,
    "HashRate_Average":  48002.442749489695,
    "BlockRate_Live":  173,
    "BlockRate_Average":  172.21923231373114,
    "Diff_Live":  0,
    "Diff_Average":  0,
    "Actual24h_Week":  0,
    "Estimate24h_Week":  0,
    "ErrorRatio":  1
}
