{
    "Live":  0.00000000000005674,
    "Minute":  0.00000000000005674,
    "Minute_Fluctuation":  0,
    "Minute_5":  0.00000000000010169089544375,
    "Minute_5_Fluctuation":  0.61772057702095751,
    "Minute_10":  0.000000000000104020206295347,
    "Minute_10_Fluctuation":  0.65377351216788837,
    "Hour":  0.0000000000000849051446981136,
    "Hour_Fluctuation":  0.37591400379187323,
    "Day":  0.0000000000000878320858340226,
    "Day_Fluctuation":  0.31582173301626243,
    "ThreeDay":  0.0000000000000878320858340226,
    "ThreeDay_Fluctuation":  0.31582173301626243,
    "Week":  0.0000000000000878320858340226,
    "Week_Fluctuation":  0.31582173301626243,
    "Duration":  "11:44:44.0285476",
    "Updated":  "\/Date(1640192915992)\/",
    "Failed":  0,
    "HashRate_Live":  2375809925.5569,
    "HashRate_Average":  692935938.33893037,
    "BlockRate_Live":  668,
    "BlockRate_Average":  687.04388352338208,
    "Diff_Live":  0,
    "Diff_Average":  0,
    "Actual24h_Week":  0,
    "Estimate24h_Week":  0,
    "ErrorRatio":  1
}
