{
    "Live":  0.00000000012,
    "Minute":  0.00000000012,
    "Minute_Fluctuation":  0,
    "Minute_5":  0.000000000119999949288732,
    "Minute_5_Fluctuation":  6.1434459806204727E-06,
    "Minute_10":  0.000000000119955541809017,
    "Minute_10_Fluctuation":  0.0024483640803556017,
    "Hour":  0.000000000111305660604009,
    "Hour_Fluctuation":  0.098079872498169032,
    "Day":  0.000000000120576559704442,
    "Day_Fluctuation":  0.23299118065983757,
    "ThreeDay":  0.000000000120576559704442,
    "ThreeDay_Fluctuation":  0.23299118065983757,
    "Week":  0.000000000120576559704442,
    "Week_Fluctuation":  0.23299118065983757,
    "Duration":  "11:44:44.0285476",
    "Updated":  "\/Date(1640192915978)\/",
    "Failed":  0,
    "HashRate_Live":  231993.10242859,
    "HashRate_Average":  919491.61660695064,
    "BlockRate_Live":  38,
    "BlockRate_Average":  39.719294025415572,
    "Diff_Live":  0,
    "Diff_Average":  0,
    "Actual24h_Week":  0,
    "Estimate24h_Week":  0,
    "ErrorRatio":  1
}
