{
    "Live":  0.00000000000000135,
    "Minute":  0.00000000000000135,
    "Minute_Fluctuation":  0,
    "Minute_5":  0.00000000000000135,
    "Minute_5_Fluctuation":  1.4608535281870592E-16,
    "Minute_10":  0.00000000000000135,
    "Minute_10_Fluctuation":  2.0270245628193588E-15,
    "Hour":  0.0000000000000013502071663406,
    "Hour_Fluctuation":  0.0010226537527632949,
    "Day":  0.0000000000000013411744506286,
    "Day_Fluctuation":  0.066260581211254124,
    "ThreeDay":  0.0000000000000013411744506286,
    "ThreeDay_Fluctuation":  0.066260581211254124,
    "Week":  0.0000000000000013411744506286,
    "Week_Fluctuation":  0.066260581211254124,
    "Duration":  "11:44:44.0285476",
    "Updated":  "\/Date(1640192916019)\/",
    "Failed":  0,
    "HashRate_Live":  9730219775.9727,
    "HashRate_Average":  4266450881.1970959,
    "BlockRate_Live":  20,
    "BlockRate_Average":  20.57375285565589,
    "Diff_Live":  0,
    "Diff_Average":  0,
    "Actual24h_Week":  0,
    "Estimate24h_Week":  0,
    "ErrorRatio":  1
}
