{
    "Live":  0.00000000576,
    "Minute":  0.00000000576,
    "Minute_Fluctuation":  0,
    "Minute_5":  0.00000000558589905465563,
    "Minute_5_Fluctuation":  0.0407757121712462,
    "Minute_10":  0.00000000550198762735385,
    "Minute_10_Fluctuation":  0.038660376779424965,
    "Hour":  0.00000000582537649822921,
    "Hour_Fluctuation":  0.085244261846702432,
    "Day":  0.00000000555730971902759,
    "Day_Fluctuation":  0.096613791012975958,
    "ThreeDay":  0.00000000555730971902759,
    "ThreeDay_Fluctuation":  0.096613791012975958,
    "Week":  0.00000000555730971902759,
    "Week_Fluctuation":  0.096613791012975958,
    "Duration":  "11:44:44.0285476",
    "Updated":  "\/Date(1640192915813)\/",
    "Failed":  0,
    "HashRate_Live":  78.741070758372,
    "HashRate_Average":  93.029280912682324,
    "BlockRate_Live":  0,
    "BlockRate_Average":  0,
    "Diff_Live":  0,
    "Diff_Average":  0,
    "Actual24h_Week":  0,
    "Estimate24h_Week":  0,
    "ErrorRatio":  1
}
