{
    "Live":  0.0000000000000008,
    "Minute":  0.0000000000000008,
    "Minute_Fluctuation":  0,
    "Minute_5":  0.0000000000000009439982723697,
    "Minute_5_Fluctuation":  0.34892647180395175,
    "Minute_10":  0.0000000000000014352120457865,
    "Minute_10_Fluctuation":  0.51973797284073608,
    "Hour":  0.0000000000000026165568769697,
    "Hour_Fluctuation":  0.452668430461334,
    "Day":  0.0000000000000026748007241476,
    "Day_Fluctuation":  0.44381550581993029,
    "ThreeDay":  0.0000000000000026748007241476,
    "ThreeDay_Fluctuation":  0.44381550581993029,
    "Week":  0.0000000000000026748007241476,
    "Week_Fluctuation":  0.44381550581993018,
    "Duration":  "01:17:35.1887654",
    "Updated":  "\/Date(1640109101332)\/",
    "Failed":  0,
    "HashRate_Live":  2918983469.4197,
    "HashRate_Average":  1164647743.2200496,
    "BlockRate_Live":  0,
    "BlockRate_Average":  0,
    "Diff_Live":  0,
    "Diff_Average":  0,
    "Actual24h_Week":  0,
    "Estimate24h_Week":  0,
    "ErrorRatio":  1
}
