{
    "Live":  0.00000000000075,
    "Minute":  0.00000000000075,
    "Minute_Fluctuation":  0,
    "Minute_5":  0.00000000000075,
    "Minute_5_Fluctuation":  0.25595094565683435,
    "Minute_10":  0.000000000000665773448676373,
    "Minute_10_Fluctuation":  0.36033568630019996,
    "Hour":  0.000000000000707533602838858,
    "Hour_Fluctuation":  0.44734665275076169,
    "Day":  0.000000000000886390983408378,
    "Day_Fluctuation":  0.63420973516327572,
    "ThreeDay":  0.000000000000886390983408378,
    "ThreeDay_Fluctuation":  0.63420973516327572,
    "Week":  0.000000000000886390983408378,
    "Week_Fluctuation":  0.63420973516327572,
    "Duration":  "05:27:32.1701927",
    "Updated":  "\/Date(1640378734457)\/",
    "Failed":  0,
    "HashRate_Live":  0,
    "HashRate_Average":  1259129.0820260143,
    "BlockRate_Live":  16,
    "BlockRate_Average":  17.158864369128413,
    "Diff_Live":  0,
    "Diff_Average":  0,
    "Actual24h_Week":  0.000000436107232903628,
    "Estimate24h_Week":  0.000000694076469371981,
    "ErrorRatio":  0.976238411532388
}
