{
    "Live":  0.00000000000304,
    "Minute":  0.00000000000304,
    "Minute_Fluctuation":  0,
    "Minute_5":  0.00000000000304000000405814,
    "Minute_5_Fluctuation":  2.7783950033746517E-08,
    "Minute_10":  0.00000000000304007521563238,
    "Minute_10_Fluctuation":  0.00022419912620072648,
    "Hour":  0.0000000000031423764142883,
    "Hour_Fluctuation":  0.051640497255115561,
    "Day":  0.00000000000315637863340026,
    "Day_Fluctuation":  0.048503597275434747,
    "ThreeDay":  0.00000000000315637863340026,
    "ThreeDay_Fluctuation":  0.048503597275434747,
    "Week":  0.00000000000315637863340026,
    "Week_Fluctuation":  0.048503597275434747,
    "Duration":  "11:44:44.0285476",
    "Updated":  "\/Date(1640192915039)\/",
    "Failed":  0,
    "HashRate_Live":  55130200.211456,
    "HashRate_Average":  38714818.765068874,
    "BlockRate_Live":  89,
    "BlockRate_Average":  86.083097834966281,
    "Diff_Live":  0,
    "Diff_Average":  0,
    "Actual24h_Week":  0,
    "Estimate24h_Week":  0,
    "ErrorRatio":  1
}
