{
    "Live":  0.00000000000000093,
    "Minute":  0.00000000000000093,
    "Minute_Fluctuation":  0,
    "Minute_5":  0.00000000000000093,
    "Minute_5_Fluctuation":  0.039301558349587512,
    "Minute_10":  0.0000000000000009603591214005,
    "Minute_10_Fluctuation":  0.0524486478051603,
    "Hour":  0.0000000000000010297392917801,
    "Hour_Fluctuation":  0.09876204688456236,
    "Day":  0.0000000000000007762277258238,
    "Day_Fluctuation":  0.36198725258284592,
    "ThreeDay":  0.0000000000000007418588721979,
    "ThreeDay_Fluctuation":  0.35236144361139443,
    "Week":  0.0000000000000007418588721979,
    "Week_Fluctuation":  0.35236144361139443,
    "Duration":  "1.12:07:13.2212229",
    "Updated":  "\/Date(1640378730536)\/",
    "Failed":  0,
    "HashRate_Live":  608982840,
    "HashRate_Average":  1033081188.5854483,
    "BlockRate_Live":  5,
    "BlockRate_Average":  15.879381654939234,
    "Diff_Live":  0,
    "Diff_Average":  0,
    "Actual24h_Week":  0.000000213118427408977,
    "Estimate24h_Week":  0.00000658887519294713,
    "ErrorRatio":  0.628635208095547
}
