{
    "Live":  0.00000000000010858,
    "Minute":  0.00000000000010858,
    "Minute_Fluctuation":  0,
    "Minute_5":  0.00000000000010858,
    "Minute_5_Fluctuation":  0.24368513915536466,
    "Minute_10":  0.0000000000000905499300899501,
    "Minute_10_Fluctuation":  0.60586953961560175,
    "Hour":  0.0000000000000825308116616048,
    "Hour_Fluctuation":  0.50095892255403274,
    "Day":  0.0000000000000933855074021858,
    "Day_Fluctuation":  0.6345550381357048,
    "ThreeDay":  0.0000000000000933855074021858,
    "ThreeDay_Fluctuation":  0.6345550381357048,
    "Week":  0.0000000000000933855074021858,
    "Week_Fluctuation":  0.6345550381357048,
    "Duration":  "05:09:54.0562051",
    "Updated":  "\/Date(1640378733415)\/",
    "Failed":  0,
    "HashRate_Live":  29159965,
    "HashRate_Average":  42267934.507306032,
    "BlockRate_Live":  17,
    "BlockRate_Average":  14.920177745262306,
    "Diff_Live":  0,
    "Diff_Average":  0,
    "Actual24h_Week":  0.0000377437578221313,
    "Estimate24h_Week":  0.0000460128501749718,
    "ErrorRatio":  0.989119641381952
}
