{
    "Live":  0.00000000000497,
    "Minute":  0.00000000000497,
    "Minute_Fluctuation":  0,
    "Minute_5":  0.00000000000497,
    "Minute_5_Fluctuation":  0.024203809489890777,
    "Minute_10":  0.00000000000500565417660439,
    "Minute_10_Fluctuation":  0.059583297594551193,
    "Hour":  0.00000000000484927191558108,
    "Hour_Fluctuation":  0.20811173247492273,
    "Day":  0.00000000000469241725681997,
    "Day_Fluctuation":  0.063031627581600622,
    "ThreeDay":  0.00000000000467863621657719,
    "ThreeDay_Fluctuation":  0.051355218289589284,
    "Week":  0.00000000000467863621657719,
    "Week_Fluctuation":  0.051355218289589277,
    "Duration":  "1.12:07:13.2212229",
    "Updated":  "\/Date(1640378736876)\/",
    "Failed":  0,
    "HashRate_Live":  9828168,
    "HashRate_Average":  13915898.71818134,
    "BlockRate_Live":  113,
    "BlockRate_Average":  113.99385776758555,
    "Diff_Live":  0,
    "Diff_Average":  0,
    "Actual24h_Week":  0.00000174872216121487,
    "Estimate24h_Week":  0.00000201520894347991,
    "ErrorRatio":  0.949250021938182
}
