{
    "Live":  0.00000000000009273,
    "Minute":  0.00000000000009273,
    "Minute_Fluctuation":  0,
    "Minute_5":  0.00000000000009273,
    "Minute_5_Fluctuation":  0.049063130648460435,
    "Minute_10":  0.0000000000000968395213725025,
    "Minute_10_Fluctuation":  0.0917583393487771,
    "Hour":  0.000000000000105565158150992,
    "Hour_Fluctuation":  0.10044186798090193,
    "Day":  0.000000000000116021149303397,
    "Day_Fluctuation":  0.050650545377510861,
    "ThreeDay":  0.000000000000116699271133928,
    "ThreeDay_Fluctuation":  0.043027311209401245,
    "Week":  0.000000000000116699271133928,
    "Week_Fluctuation":  0.043027311209401245,
    "Duration":  "1.12:07:13.2212229",
    "Updated":  "\/Date(1640378734993)\/",
    "Failed":  0,
    "HashRate_Live":  55977636182,
    "HashRate_Average":  52947342726.716888,
    "BlockRate_Live":  2738,
    "BlockRate_Average":  2573.21575113827,
    "Diff_Live":  0,
    "Diff_Average":  0,
    "Actual24h_Week":  0.0000461160311299117,
    "Estimate24h_Week":  0.0000454777722425808,
    "ErrorRatio":  1.00538614395108
}
