{
    "Live":  0.00000000011,
    "Minute":  0.00000000011,
    "Minute_Fluctuation":  0,
    "Minute_5":  0.000000000109459437961818,
    "Minute_5_Fluctuation":  0.016802047557309272,
    "Minute_10":  0.000000000107452308932044,
    "Minute_10_Fluctuation":  0.0359852204946061,
    "Hour":  0.000000000101079815877914,
    "Hour_Fluctuation":  0.060042292723340142,
    "Day":  0.0000000000998265683916126,
    "Day_Fluctuation":  0.20110748608724477,
    "ThreeDay":  0.0000000000998265683916126,
    "ThreeDay_Fluctuation":  0.20110748608724477,
    "Week":  0.0000000000998265683916126,
    "Week_Fluctuation":  0.20110748608724477,
    "Duration":  "11:44:44.0285476",
    "Updated":  "\/Date(1640192915018)\/",
    "Failed":  0,
    "HashRate_Live":  1249.5665682471,
    "HashRate_Average":  191091.03207501009,
    "BlockRate_Live":  3,
    "BlockRate_Average":  2.9750071722006628,
    "Diff_Live":  0,
    "Diff_Average":  0,
    "Actual24h_Week":  0,
    "Estimate24h_Week":  0,
    "ErrorRatio":  1
}
