{
    "Live":  0.00000000000000000452245,
    "Minute":  0.00000000000000000452245,
    "Minute_Fluctuation":  1.1056076419653812E-05,
    "Minute_5":  0.0000000000000000045400339274,
    "Minute_5_Fluctuation":  0.0070241930828913082,
    "Minute_10":  0.0000000000000000045608558617,
    "Minute_10_Fluctuation":  0.0095389184598418456,
    "Hour":  0.00000000000000000451343698,
    "Hour_Fluctuation":  0.022552766077457792,
    "Day":  0.0000000000000000044912749115,
    "Day_Fluctuation":  0.028200339752631358,
    "ThreeDay":  0.0000000000000000044912749115,
    "ThreeDay_Fluctuation":  0.028200339752631361,
    "Week":  0.0000000000000000044912749115,
    "Week_Fluctuation":  0.028200339752631361,
    "Duration":  "03:17:07.2560019",
    "Updated":  "\/Date(1640109100986)\/",
    "Failed":  0,
    "HashRate_Live":  11443599740652,
    "HashRate_Average":  376296995539119.69,
    "BlockRate_Live":  76,
    "BlockRate_Average":  77.0574580265743,
    "Diff_Live":  0,
    "Diff_Average":  0,
    "Actual24h_Week":  0,
    "Estimate24h_Week":  0,
    "ErrorRatio":  1
}
