{
    "Live":  0.00000000000889,
    "Minute":  0.00000000000889,
    "Minute_Fluctuation":  0,
    "Minute_5":  0.00000000000839177151538561,
    "Minute_5_Fluctuation":  0.11879859430341456,
    "Minute_10":  0.00000000000792276236136581,
    "Minute_10_Fluctuation":  0.13359859885296491,
    "Hour":  0.00000000000744625456970564,
    "Hour_Fluctuation":  0.13171383338593537,
    "Day":  0.00000000000692732369237786,
    "Day_Fluctuation":  0.19129254325514336,
    "ThreeDay":  0.00000000000692732369237786,
    "ThreeDay_Fluctuation":  0.19129254325514336,
    "Week":  0.00000000000692732369237786,
    "Week_Fluctuation":  0.19129254325514339,
    "Duration":  "11:44:44.0285476",
    "Updated":  "\/Date(1640192915925)\/",
    "Failed":  0,
    "HashRate_Live":  16534729.30475,
    "HashRate_Average":  9771497.8834434152,
    "BlockRate_Live":  70,
    "BlockRate_Average":  74.770716804974683,
    "Diff_Live":  0,
    "Diff_Average":  0,
    "Actual24h_Week":  0,
    "Estimate24h_Week":  0,
    "ErrorRatio":  1
}
