{
    "Live":  0.00000000422,
    "Minute":  0.00000000422,
    "Minute_Fluctuation":  0,
    "Minute_5":  0.00000000424459433377628,
    "Minute_5_Fluctuation":  0.015714188562093407,
    "Minute_10":  0.00000000420814342066787,
    "Minute_10_Fluctuation":  0.035912914077339847,
    "Hour":  0.00000000410976886824953,
    "Hour_Fluctuation":  0.097251852781088985,
    "Day":  0.00000000458090469147674,
    "Day_Fluctuation":  0.15039593277985583,
    "ThreeDay":  0.00000000458090469147674,
    "ThreeDay_Fluctuation":  0.15039593277985586,
    "Week":  0.00000000458090469147674,
    "Week_Fluctuation":  0.15039593277985583,
    "Duration":  "11:44:44.0285476",
    "Updated":  "\/Date(1640192915031)\/",
    "Failed":  0,
    "HashRate_Live":  115307.39016097,
    "HashRate_Average":  200792.54675273199,
    "BlockRate_Live":  214,
    "BlockRate_Average":  221.52371474798915,
    "Diff_Live":  0,
    "Diff_Average":  0,
    "Actual24h_Week":  0,
    "Estimate24h_Week":  0,
    "ErrorRatio":  1
}
