{
    "Live":  0.00000000000000045417,
    "Minute":  0.00000000000000045417,
    "Minute_Fluctuation":  0,
    "Minute_5":  0.00000000000000045417,
    "Minute_5_Fluctuation":  0.19058415440218612,
    "Minute_10":  0.0000000000000003806566399476,
    "Minute_10_Fluctuation":  0.594611366786726,
    "Hour":  0.0000000000000002081954001118,
    "Hour_Fluctuation":  0.50197520530922379,
    "Day":  0.0000000000000001767283188654,
    "Day_Fluctuation":  0.3996327859289367,
    "ThreeDay":  0.0000000000000001767283188654,
    "ThreeDay_Fluctuation":  0.3996327859289367,
    "Week":  0.0000000000000001767283188654,
    "Week_Fluctuation":  0.3996327859289367,
    "Duration":  "03:48:51.6104582",
    "Updated":  "\/Date(1640378734046)\/",
    "Failed":  0,
    "HashRate_Live":  0,
    "HashRate_Average":  81234946238.344742,
    "BlockRate_Live":  4,
    "BlockRate_Average":  6.66644856933124,
    "Diff_Live":  0,
    "Diff_Average":  0,
    "Actual24h_Week":  0.000182741846569353,
    "Estimate24h_Week":  0.000211701100675624,
    "ErrorRatio":  0.993858908733306
}
