{
    "Live":  0.00000000000004256,
    "Minute":  0.00000000000004256,
    "Minute_Fluctuation":  0,
    "Minute_5":  0.0000000000000471293357918975,
    "Minute_5_Fluctuation":  0.067526064390390217,
    "Minute_10":  0.0000000000000484788636020482,
    "Minute_10_Fluctuation":  0.062440990919589073,
    "Hour":  0.0000000000000539003752600126,
    "Hour_Fluctuation":  0.13256730009056983,
    "Day":  0.0000000000000532421371554504,
    "Day_Fluctuation":  0.12353065511429051,
    "ThreeDay":  0.0000000000000532421371554504,
    "ThreeDay_Fluctuation":  0.12353065511429051,
    "Week":  0.0000000000000532421371554504,
    "Week_Fluctuation":  0.12353065511429051,
    "Duration":  "11:44:44.0285476",
    "Updated":  "\/Date(1640192915233)\/",
    "Failed":  0,
    "HashRate_Live":  0,
    "HashRate_Average":  9521180.7907724269,
    "BlockRate_Live":  0,
    "BlockRate_Average":  0.41865415423022051,
    "Diff_Live":  0,
    "Diff_Average":  0,
    "Actual24h_Week":  0,
    "Estimate24h_Week":  0,
    "ErrorRatio":  1
}
