{
    "Live":  0.00000111309365,
    "Minute":  0.00000111309365,
    "Minute_Fluctuation":  0,
    "Minute_5":  0.00000114400500643987,
    "Minute_5_Fluctuation":  0.027435361990735232,
    "Minute_10":  0.00000115137685632515,
    "Minute_10_Fluctuation":  0.0334040962396638,
    "Hour":  0.00000117838760126247,
    "Hour_Fluctuation":  0.068824772883352467,
    "Day":  0.00000119081119023528,
    "Day_Fluctuation":  0.073706851479127339,
    "ThreeDay":  0.00000119081119023528,
    "ThreeDay_Fluctuation":  0.073706851479127339,
    "Week":  0.00000119081119023528,
    "Week_Fluctuation":  0.073706851479127339,
    "Duration":  "02:10:58.8556207",
    "Updated":  "\/Date(1640192787244)\/",
    "Failed":  0,
    "HashRate_Live":  0,
    "HashRate_Average":  0,
    "BlockRate_Live":  0,
    "BlockRate_Average":  0,
    "Diff_Live":  0,
    "Diff_Average":  0,
    "Actual24h_Week":  0,
    "Estimate24h_Week":  0,
    "ErrorRatio":  1
}
