{
    "Live":  0.00000000000000649,
    "Minute":  0.00000000000000649,
    "Minute_Fluctuation":  0,
    "Minute_5":  0.0000000000000064725753631857,
    "Minute_5_Fluctuation":  0.011789415235414812,
    "Minute_10":  0.0000000000000063718108334956,
    "Minute_10_Fluctuation":  0.039673932626315224,
    "Hour":  0.0000000000000070564138478123,
    "Hour_Fluctuation":  0.17450146808777328,
    "Day":  0.0000000000000099482870820822,
    "Day_Fluctuation":  0.22041560342036298,
    "ThreeDay":  0.0000000000000099482870820822,
    "ThreeDay_Fluctuation":  0.220415603420363,
    "Week":  0.0000000000000099482870820822,
    "Week_Fluctuation":  0.220415603420363,
    "Duration":  "11:44:44.0285476",
    "Updated":  "\/Date(1640192915855)\/",
    "Failed":  0,
    "HashRate_Live":  8988434256.2936,
    "HashRate_Average":  9710613620.5199242,
    "BlockRate_Live":  141,
    "BlockRate_Average":  140.55139550857484,
    "Diff_Live":  0,
    "Diff_Average":  0,
    "Actual24h_Week":  0,
    "Estimate24h_Week":  0,
    "ErrorRatio":  1
}
