{
    "Live":  0.00000000000062,
    "Minute":  0.00000000000062,
    "Minute_Fluctuation":  0,
    "Minute_5":  0.000000000000619765639198138,
    "Minute_5_Fluctuation":  0.0022335923302313431,
    "Minute_10":  0.000000000000616418049590347,
    "Minute_10_Fluctuation":  0.01516911036985882,
    "Hour":  0.000000000000593507005445228,
    "Hour_Fluctuation":  0.025417810273937837,
    "Day":  0.00000000000074607497703891,
    "Day_Fluctuation":  0.24477182326388358,
    "ThreeDay":  0.00000000000074607497703891,
    "ThreeDay_Fluctuation":  0.24477182326388358,
    "Week":  0.00000000000074607497703891,
    "Week_Fluctuation":  0.24477182326388358,
    "Duration":  "11:44:44.0285476",
    "Updated":  "\/Date(1640191944652)\/",
    "Failed":  0,
    "HashRate_Live":  0,
    "HashRate_Average":  10606081.132338842,
    "BlockRate_Live":  81,
    "BlockRate_Average":  79.899457287939356,
    "Diff_Live":  0,
    "Diff_Average":  0,
    "Actual24h_Week":  0,
    "Estimate24h_Week":  0,
    "ErrorRatio":  1
}
