{
    "Live":  0.00000000000000606,
    "Minute":  0.00000000000000606,
    "Minute_Fluctuation":  0,
    "Minute_5":  0.0000000000000058913086388762,
    "Minute_5_Fluctuation":  0.076700962273446624,
    "Minute_10":  0.0000000000000071416329538386,
    "Minute_10_Fluctuation":  0.37085315422797666,
    "Hour":  0.0000000000000102560248795538,
    "Hour_Fluctuation":  0.77994463287839311,
    "Day":  0.0000000000000084157851766206,
    "Day_Fluctuation":  0.68748389709221425,
    "ThreeDay":  0.0000000000000084157851766206,
    "ThreeDay_Fluctuation":  0.68748389709221425,
    "Week":  0.0000000000000084157851766206,
    "Week_Fluctuation":  0.68748389709221425,
    "Duration":  "04:10:31.3348210",
    "Updated":  "\/Date(1640192786491)\/",
    "Failed":  0,
    "HashRate_Live":  0,
    "HashRate_Average":  48973.80378853016,
    "BlockRate_Live":  0,
    "BlockRate_Average":  0,
    "Diff_Live":  0,
    "Diff_Average":  0,
    "Actual24h_Week":  0,
    "Estimate24h_Week":  0,
    "ErrorRatio":  1
}
