{
    "Live":  0.00000000000308,
    "Minute":  0.00000000000308,
    "Minute_Fluctuation":  0.0096463022508037535,
    "Minute_5":  0.00000000000312230670541818,
    "Minute_5_Fluctuation":  0.020156173412188238,
    "Minute_10":  0.00000000000309818041386586,
    "Minute_10_Fluctuation":  0.026409707996319785,
    "Hour":  0.00000000000286625217370163,
    "Hour_Fluctuation":  0.06814752686555603,
    "Day":  0.00000000000272987608644458,
    "Day_Fluctuation":  0.05975198389406345,
    "ThreeDay":  0.00000000000272987608644458,
    "ThreeDay_Fluctuation":  0.05975198389406345,
    "Week":  0.00000000000272987608644458,
    "Week_Fluctuation":  0.05975198389406345,
    "Duration":  "03:17:07.2560019",
    "Updated":  "\/Date(1640109101725)\/",
    "Failed":  0,
    "HashRate_Live":  0,
    "HashRate_Average":  0,
    "BlockRate_Live":  5,
    "BlockRate_Average":  5,
    "Diff_Live":  0,
    "Diff_Average":  0,
    "Actual24h_Week":  0,
    "Estimate24h_Week":  0,
    "ErrorRatio":  1
}
