{
    "Live":  0.00000000000002137,
    "Minute":  0.00000000000002137,
    "Minute_Fluctuation":  0,
    "Minute_5":  0.000000000000022997990224123,
    "Minute_5_Fluctuation":  0.246583137296502,
    "Minute_10":  0.0000000000000360028329893198,
    "Minute_10_Fluctuation":  0.54138293335611021,
    "Hour":  0.000000000000082451036396031,
    "Hour_Fluctuation":  0.55868412587228078,
    "Day":  0.0000000000000887124257210396,
    "Day_Fluctuation":  0.71060305672927193,
    "ThreeDay":  0.0000000000000887124257210396,
    "ThreeDay_Fluctuation":  0.710603056729272,
    "Week":  0.0000000000000887124257210396,
    "Week_Fluctuation":  0.71060305672927193,
    "Duration":  "07:45:40.8336074",
    "Updated":  "\/Date(1640192915438)\/",
    "Failed":  0,
    "HashRate_Live":  28587874.984482,
    "HashRate_Average":  46883504.09330219,
    "BlockRate_Live":  13,
    "BlockRate_Average":  13.830015711666405,
    "Diff_Live":  0,
    "Diff_Average":  0,
    "Actual24h_Week":  0,
    "Estimate24h_Week":  0,
    "ErrorRatio":  1
}
