{
    "Live":  0.00000000000006636,
    "Minute":  0.00000000000006636,
    "Minute_Fluctuation":  0,
    "Minute_5":  0.0000000000000663340693739956,
    "Minute_5_Fluctuation":  0.001010317856629802,
    "Minute_10":  0.0000000000000662596272049894,
    "Minute_10_Fluctuation":  0.0023268931645625077,
    "Hour":  0.000000000000066816993940884,
    "Hour_Fluctuation":  0.035223056161529036,
    "Day":  0.0000000000000689065630889096,
    "Day_Fluctuation":  0.074264186161228471,
    "ThreeDay":  0.0000000000000689065630889096,
    "ThreeDay_Fluctuation":  0.074264186161228471,
    "Week":  0.0000000000000689065630889096,
    "Week_Fluctuation":  0.074264186161228471,
    "Duration":  "11:44:44.0285476",
    "Updated":  "\/Date(1640192915899)\/",
    "Failed":  0,
    "HashRate_Live":  255013.683211,
    "HashRate_Average":  44344192.319830634,
    "BlockRate_Live":  99,
    "BlockRate_Average":  101.92232161391829,
    "Diff_Live":  0,
    "Diff_Average":  0,
    "Actual24h_Week":  0,
    "Estimate24h_Week":  0,
    "ErrorRatio":  1
}
