{
    "Live":  0.00000082896,
    "Minute":  0.00000082896,
    "Minute_Fluctuation":  0,
    "Minute_5":  0.000000844432844078166,
    "Minute_5_Fluctuation":  0.021379415804850178,
    "Minute_10":  0.00000085225822734523,
    "Minute_10_Fluctuation":  0.023562350363643465,
    "Hour":  0.000000798707818779512,
    "Hour_Fluctuation":  0.078704001434972762,
    "Day":  0.000000717766414161376,
    "Day_Fluctuation":  0.10434391848771946,
    "ThreeDay":  0.000000717766414161376,
    "ThreeDay_Fluctuation":  0.10434391848771943,
    "Week":  0.000000717766414161376,
    "Week_Fluctuation":  0.10434391848771943,
    "Duration":  "11:44:44.0285476",
    "Updated":  "\/Date(1640192916073)\/",
    "Failed":  0,
    "HashRate_Live":  224.63573747973,
    "HashRate_Average":  777.42968136063,
    "BlockRate_Live":  13,
    "BlockRate_Average":  13.281349867646355,
    "Diff_Live":  0,
    "Diff_Average":  0,
    "Actual24h_Week":  0,
    "Estimate24h_Week":  0,
    "ErrorRatio":  1
}
