{
    "Live":  0.0000000000008,
    "Minute":  0.0000000000008,
    "Minute_Fluctuation":  0,
    "Minute_5":  0.000000000000757919602618056,
    "Minute_5_Fluctuation":  0.12392436078408749,
    "Minute_10":  0.00000000000067774020279689,
    "Minute_10_Fluctuation":  0.28518189690168844,
    "Hour":  0.000000000000498545983084046,
    "Hour_Fluctuation":  0.54112551523031449,
    "Day":  0.000000000000379531784927943,
    "Day_Fluctuation":  0.61685578328803636,
    "ThreeDay":  0.000000000000379531784927943,
    "ThreeDay_Fluctuation":  0.61685578328803636,
    "Week":  0.000000000000379531784927943,
    "Week_Fluctuation":  0.61685578328803636,
    "Duration":  "07:33:52.0544062",
    "Updated":  "\/Date(1640192915522)\/",
    "Failed":  0,
    "HashRate_Live":  10863403.947349,
    "HashRate_Average":  2259459.0318342065,
    "BlockRate_Live":  15,
    "BlockRate_Average":  14.552437381529019,
    "Diff_Live":  0,
    "Diff_Average":  0,
    "Actual24h_Week":  0,
    "Estimate24h_Week":  0,
    "ErrorRatio":  1
}
