{
    "Live":  0.00000000092748,
    "Minute":  0.00000000092748,
    "Minute_Fluctuation":  0,
    "Minute_5":  0.000000000927465011528767,
    "Minute_5_Fluctuation":  7.6547082566695882E-05,
    "Minute_10":  0.000000000927314332662804,
    "Minute_10_Fluctuation":  0.00048832459167482485,
    "Hour":  0.000000000922745210471176,
    "Hour_Fluctuation":  0.0058189955207774329,
    "Day":  0.000000000905625570929558,
    "Day_Fluctuation":  0.012346201643863887,
    "ThreeDay":  0.000000000905625570929558,
    "ThreeDay_Fluctuation":  0.012346201643863887,
    "Week":  0.000000000905625570929558,
    "Week_Fluctuation":  0.012346201643863887,
    "Duration":  "11:44:44.0285476",
    "Updated":  "\/Date(1640191945729)\/",
    "Failed":  0,
    "HashRate_Live":  0,
    "HashRate_Average":  37.467297927486555,
    "BlockRate_Live":  0,
    "BlockRate_Average":  0,
    "Diff_Live":  0,
    "Diff_Average":  0,
    "Actual24h_Week":  0,
    "Estimate24h_Week":  0,
    "ErrorRatio":  1
}
