{
    "Live":  0.00000000000000007206,
    "Minute":  0.00000000000000007206,
    "Minute_Fluctuation":  0,
    "Minute_5":  0.0000000000000000720600000011,
    "Minute_5_Fluctuation":  4.0506628855862759E-10,
    "Minute_10":  0.0000000000000000720602209422,
    "Minute_10_Fluctuation":  3.502493996550951E-05,
    "Hour":  0.0000000000000000754560411432,
    "Hour_Fluctuation":  0.090525366018611164,
    "Day":  0.0000000000000001032046925032,
    "Day_Fluctuation":  0.18081511614617285,
    "ThreeDay":  0.0000000000000001032046925032,
    "ThreeDay_Fluctuation":  0.18081511614617285,
    "Week":  0.0000000000000001032046925032,
    "Week_Fluctuation":  0.18081511614617285,
    "Duration":  "11:44:44.0285476",
    "Updated":  "\/Date(1640187066098)\/",
    "Failed":  0,
    "HashRate_Live":  0,
    "HashRate_Average":  1167316416.1326151,
    "BlockRate_Live":  0,
    "BlockRate_Average":  0,
    "Diff_Live":  0,
    "Diff_Average":  0,
    "Actual24h_Week":  0,
    "Estimate24h_Week":  0,
    "ErrorRatio":  1
}
