{
    "Live":  0.0000000000001121,
    "Minute":  0.0000000000001121,
    "Minute_Fluctuation":  0,
    "Minute_5":  0.000000000000110605632378536,
    "Minute_5_Fluctuation":  0.030912813655462702,
    "Minute_10":  0.000000000000107806985295819,
    "Minute_10_Fluctuation":  0.046692115112364214,
    "Hour":  0.000000000000116867252502584,
    "Hour_Fluctuation":  0.26513444694460331,
    "Day":  0.000000000000325532948308758,
    "Day_Fluctuation":  0.36871176591059646,
    "ThreeDay":  0.000000000000325532948308758,
    "ThreeDay_Fluctuation":  0.36871176591059646,
    "Week":  0.000000000000325532948308758,
    "Week_Fluctuation":  0.36871176591059646,
    "Duration":  "11:44:44.0285476",
    "Updated":  "\/Date(1640192786571)\/",
    "Failed":  0,
    "HashRate_Live":  0,
    "HashRate_Average":  7628049.9501332091,
    "BlockRate_Live":  348,
    "BlockRate_Average":  362.8220326498876,
    "Diff_Live":  0,
    "Diff_Average":  0,
    "Actual24h_Week":  0,
    "Estimate24h_Week":  0,
    "ErrorRatio":  1
}
