{
    "Live":  0.00000000000043,
    "Minute":  0.00000000000043,
    "Minute_Fluctuation":  0,
    "Minute_5":  0.00000000000043,
    "Minute_5_Fluctuation":  0.38012612016797781,
    "Minute_10":  0.0000000000011235291498565,
    "Minute_10_Fluctuation":  0.58504386686291587,
    "Hour":  0.00000000000134592472751444,
    "Hour_Fluctuation":  0.539850883692131,
    "Day":  0.00000000000134592472751444,
    "Day_Fluctuation":  0.539850883692131,
    "ThreeDay":  0.00000000000134592472751444,
    "ThreeDay_Fluctuation":  0.539850883692131,
    "Week":  0.00000000000134592472751444,
    "Week_Fluctuation":  0.539850883692131,
    "Duration":  "00:19:30.4701514",
    "Updated":  "\/Date(1640378734672)\/",
    "Failed":  0,
    "HashRate_Live":  18133925,
    "HashRate_Average":  10846632.398402223,
    "BlockRate_Live":  17,
    "BlockRate_Average":  18.222990502523459,
    "Diff_Live":  0,
    "Diff_Average":  0,
    "Actual24h_Week":  0.00000181359409847521,
    "Estimate24h_Week":  0.000000726421362672884,
    "ErrorRatio":  1
}
