{
    "Live":  0.00000000000568,
    "Minute":  0.00000000000568,
    "Minute_Fluctuation":  0,
    "Minute_5":  0.00000000000570918578036284,
    "Minute_5_Fluctuation":  0.01900281833523107,
    "Minute_10":  0.0000000000056759166559723,
    "Minute_10_Fluctuation":  0.042507806226694776,
    "Hour":  0.00000000000558690416835281,
    "Hour_Fluctuation":  0.12972082215117647,
    "Day":  0.0000000000050903832791096,
    "Day_Fluctuation":  0.26267225882156414,
    "ThreeDay":  0.0000000000050903832791096,
    "ThreeDay_Fluctuation":  0.26267225882156414,
    "Week":  0.0000000000050903832791096,
    "Week_Fluctuation":  0.26267225882156414,
    "Duration":  "11:44:44.0285476",
    "Updated":  "\/Date(1640192528253)\/",
    "Failed":  0,
    "HashRate_Live":  0,
    "HashRate_Average":  285748.04977549548,
    "BlockRate_Live":  39,
    "BlockRate_Average":  39.86999296407469,
    "Diff_Live":  0,
    "Diff_Average":  0,
    "Actual24h_Week":  0,
    "Estimate24h_Week":  0,
    "ErrorRatio":  1
}
