{
    "Live":  0.00000000000000024,
    "Minute":  0.00000000000000024,
    "Minute_Fluctuation":  0,
    "Minute_5":  0.00000000000000024,
    "Minute_5_Fluctuation":  0.27019149749532689,
    "Minute_10":  0.0000000000000001971845589876,
    "Minute_10_Fluctuation":  0.72615104023630528,
    "Hour":  0.0000000000000001468115059341,
    "Hour_Fluctuation":  0.66770975375682851,
    "Day":  0.0000000000000002156135111015,
    "Day_Fluctuation":  0.72385561248787456,
    "ThreeDay":  0.0000000000000002156135111015,
    "ThreeDay_Fluctuation":  0.72385561248787422,
    "Week":  0.0000000000000002156135111015,
    "Week_Fluctuation":  0.72385561248787456,
    "Duration":  "07:25:09.4775253",
    "Updated":  "\/Date(1640378734765)\/",
    "Failed":  0,
    "HashRate_Live":  18419018789,
    "HashRate_Average":  19530975011.435085,
    "BlockRate_Live":  18,
    "BlockRate_Average":  21.301503596006579,
    "Diff_Live":  0,
    "Diff_Average":  0,
    "Actual24h_Week":  0.000000104155831186179,
    "Estimate24h_Week":  0.0000000983300954087507,
    "ErrorRatio":  1
}
