{
    "Live":  0.00000000000074,
    "Minute":  0.00000000000074,
    "Minute_Fluctuation":  0,
    "Minute_5":  0.000000000000694961525731263,
    "Minute_5_Fluctuation":  0.1289810463806868,
    "Minute_10":  0.000000000000623343394243263,
    "Minute_10_Fluctuation":  0.2626648189613997,
    "Hour":  0.00000000000060851702306593,
    "Hour_Fluctuation":  0.42778007261802514,
    "Day":  0.000000000000619433508380838,
    "Day_Fluctuation":  0.66089870892540459,
    "ThreeDay":  0.000000000000619433508380838,
    "ThreeDay_Fluctuation":  0.66089870892540459,
    "Week":  0.000000000000619433508380838,
    "Week_Fluctuation":  0.66089870892540459,
    "Duration":  "11:44:44.0285476",
    "Updated":  "\/Date(1640192786328)\/",
    "Failed":  0,
    "HashRate_Live":  0,
    "HashRate_Average":  1059575.0552784069,
    "BlockRate_Live":  16,
    "BlockRate_Average":  15.52255224438821,
    "Diff_Live":  0,
    "Diff_Average":  0,
    "Actual24h_Week":  0,
    "Estimate24h_Week":  0,
    "ErrorRatio":  1
}
