{
    "Live":  0.0000000000009,
    "Minute":  0.0000000000009,
    "Minute_Fluctuation":  0,
    "Minute_5":  0.0000000000009,
    "Minute_5_Fluctuation":  0.017300970013354736,
    "Minute_10":  0.000000000000909980093760843,
    "Minute_10_Fluctuation":  0.049554345057725317,
    "Hour":  0.00000000000108423099039055,
    "Hour_Fluctuation":  0.241187451173935,
    "Day":  0.00000000000103031096516396,
    "Day_Fluctuation":  0.11094818132700048,
    "ThreeDay":  0.00000000000101093773005384,
    "ThreeDay_Fluctuation":  0.094524365633249632,
    "Week":  0.00000000000101093773005384,
    "Week_Fluctuation":  0.094524365633249632,
    "Duration":  "1.12:07:13.2212229",
    "Updated":  "\/Date(1640378730057)\/",
    "Failed":  0,
    "HashRate_Live":  46208809,
    "HashRate_Average":  163059524.59185976,
    "BlockRate_Live":  4094,
    "BlockRate_Average":  4018.3956644812865,
    "Diff_Live":  0,
    "Diff_Average":  0,
    "Actual24h_Week":  0.00000042884134586929,
    "Estimate24h_Week":  0.00000044602521885057,
    "ErrorRatio":  0.985214299437717
}
