{
    "Live":  0.00000000000035217,
    "Minute":  0.00000000000035217,
    "Minute_Fluctuation":  0,
    "Minute_5":  0.000000000000361025531345054,
    "Minute_5_Fluctuation":  0.08227971716892063,
    "Minute_10":  0.000000000000355492592905347,
    "Minute_10_Fluctuation":  0.080814520818162858,
    "Hour":  0.000000000000397259336903818,
    "Hour_Fluctuation":  0.20966642803409694,
    "Day":  0.000000000000484343324826068,
    "Day_Fluctuation":  0.300463308792189,
    "ThreeDay":  0.000000000000484343324826068,
    "ThreeDay_Fluctuation":  0.300463308792189,
    "Week":  0.000000000000484343324826068,
    "Week_Fluctuation":  0.300463308792189,
    "Duration":  "04:49:47.6124505",
    "Updated":  "\/Date(1640192656707)\/",
    "Failed":  0,
    "HashRate_Live":  0,
    "HashRate_Average":  595294.00473609311,
    "BlockRate_Live":  284,
    "BlockRate_Average":  278.99714115651625,
    "Diff_Live":  0,
    "Diff_Average":  0,
    "Actual24h_Week":  0,
    "Estimate24h_Week":  0,
    "ErrorRatio":  1
}
