{
    "Live":  0.00000000000086625,
    "Minute":  0.00000000000086625,
    "Minute_Fluctuation":  0,
    "Minute_5":  0.00000000000086625,
    "Minute_5_Fluctuation":  0.0045541952085129426,
    "Minute_10":  0.000000000000855222969508899,
    "Minute_10_Fluctuation":  0.041130921797328822,
    "Hour":  0.000000000000757484090799472,
    "Hour_Fluctuation":  0.12483727753545887,
    "Day":  0.000000000000512249521052205,
    "Day_Fluctuation":  0.10256659798575452,
    "ThreeDay":  0.000000000000500376907799669,
    "ThreeDay_Fluctuation":  0.084886329428066287,
    "Week":  0.000000000000500376907799669,
    "Week_Fluctuation":  0.084886329428066287,
    "Duration":  "1.12:07:13.2212229",
    "Updated":  "\/Date(1640378736451)\/",
    "Failed":  0,
    "HashRate_Live":  2015418558,
    "HashRate_Average":  2179375802.4300795,
    "BlockRate_Live":  868,
    "BlockRate_Average":  809.87025073475218,
    "Diff_Live":  0,
    "Diff_Average":  0,
    "Actual24h_Week":  0.000206526635110399,
    "Estimate24h_Week":  0.000230110962672368,
    "ErrorRatio":  0.960666150055364
}
