{
    "Live":  0.00000000000000025039,
    "Minute":  0.00000000000000025039,
    "Minute_Fluctuation":  0,
    "Minute_5":  0.00000000000000025039,
    "Minute_5_Fluctuation":  0.00087927513084479756,
    "Minute_10":  0.000000000000000254479882233,
    "Minute_10_Fluctuation":  0.054303864065303312,
    "Hour":  0.0000000000000002999713714249,
    "Hour_Fluctuation":  0.069550357014782,
    "Day":  0.0000000000000002734677684623,
    "Day_Fluctuation":  0.11708055421384697,
    "ThreeDay":  0.0000000000000002678074484303,
    "ThreeDay_Fluctuation":  0.10626311196065018,
    "Week":  0.0000000000000002678074484303,
    "Week_Fluctuation":  0.10626311196065018,
    "Duration":  "1.12:07:13.2212229",
    "Updated":  "\/Date(1640378733175)\/",
    "Failed":  0,
    "HashRate_Live":  26205444934834,
    "HashRate_Average":  23840520887231.172,
    "BlockRate_Live":  155,
    "BlockRate_Average":  157.89530642984678,
    "Diff_Live":  0,
    "Diff_Average":  0,
    "Actual24h_Week":  0.000120503037395365,
    "Estimate24h_Week":  0.00012570815484,
    "ErrorRatio":  0.984109141917221
}
