{
    "Live":  0.00000000000026,
    "Minute":  0.00000000000026,
    "Minute_Fluctuation":  0,
    "Minute_5":  0.00000000000026,
    "Minute_5_Fluctuation":  0.25001288350180689,
    "Minute_10":  0.000000000000417443257384631,
    "Minute_10_Fluctuation":  0.60224277320265629,
    "Hour":  0.000000000000608981265956653,
    "Hour_Fluctuation":  0.60025157709932409,
    "Day":  0.000000000000736167369051237,
    "Day_Fluctuation":  0.563864615856777,
    "ThreeDay":  0.000000000000736167369051237,
    "ThreeDay_Fluctuation":  0.56386461585677694,
    "Week":  0.000000000000736167369051237,
    "Week_Fluctuation":  0.563864615856777,
    "Duration":  "08:49:05.9652210",
    "Updated":  "\/Date(1640378734499)\/",
    "Failed":  0,
    "HashRate_Live":  33672544,
    "HashRate_Average":  5540144.3158064727,
    "BlockRate_Live":  18,
    "BlockRate_Average":  15.131532159204191,
    "Diff_Live":  0,
    "Diff_Average":  0,
    "Actual24h_Week":  0.000000769341544776362,
    "Estimate24h_Week":  0.000000432847422974247,
    "ErrorRatio":  1
}
