{
    "Live":  0.00000000000002789,
    "Minute":  0.00000000000002789,
    "Minute_Fluctuation":  0,
    "Minute_5":  0.00000000000002789,
    "Minute_5_Fluctuation":  0.10371047954828064,
    "Minute_10":  0.0000000000000296117231657801,
    "Minute_10_Fluctuation":  0.19807804488139497,
    "Hour":  0.0000000000000211150183065849,
    "Hour_Fluctuation":  0.36054129033401994,
    "Day":  0.0000000000000269091878212279,
    "Day_Fluctuation":  0.13089279213943797,
    "ThreeDay":  0.0000000000000276876517471929,
    "ThreeDay_Fluctuation":  0.10847859676478608,
    "Week":  0.0000000000000276876517471929,
    "Week_Fluctuation":  0.10847859676478608,
    "Duration":  "1.12:07:13.2212229",
    "Updated":  "\/Date(1640378735538)\/",
    "Failed":  0,
    "HashRate_Live":  564415969,
    "HashRate_Average":  647967647.65004277,
    "BlockRate_Live":  27,
    "BlockRate_Average":  25.366714056173375,
    "Diff_Live":  0,
    "Diff_Average":  0,
    "Actual24h_Week":  0.0000105843679993217,
    "Estimate24h_Week":  0.00000992987630066805,
    "ErrorRatio":  1.0252953429523
}
