{
    "Live":  0.00000000000000102698,
    "Minute":  0.00000000000000102698,
    "Minute_Fluctuation":  0,
    "Minute_5":  0.0000000000000009746876241589,
    "Minute_5_Fluctuation":  0.14159577934251316,
    "Minute_10":  0.0000000000000008655182903887,
    "Minute_10_Fluctuation":  0.2901133815049653,
    "Hour":  0.0000000000000008535247249693,
    "Hour_Fluctuation":  0.440840043030294,
    "Day":  0.0000000000000010666969239352,
    "Day_Fluctuation":  0.50506828761045874,
    "ThreeDay":  0.0000000000000010666969239352,
    "ThreeDay_Fluctuation":  0.50506828761045852,
    "Week":  0.0000000000000010666969239352,
    "Week_Fluctuation":  0.50506828761045874,
    "Duration":  "04:59:45.9450910",
    "Updated":  "\/Date(1640192915475)\/",
    "Failed":  0,
    "HashRate_Live":  2120386183.9335,
    "HashRate_Average":  856874289.06654859,
    "BlockRate_Live":  23,
    "BlockRate_Average":  23.1953344506838,
    "Diff_Live":  0,
    "Diff_Average":  0,
    "Actual24h_Week":  0,
    "Estimate24h_Week":  0,
    "ErrorRatio":  1
}
