{
    "Live":  0.00000000000004675,
    "Minute":  0.00000000000004675,
    "Minute_Fluctuation":  0,
    "Minute_5":  0.0000000000000411971785615355,
    "Minute_5_Fluctuation":  0.0981582111797108,
    "Minute_10":  0.0000000000000383674867591237,
    "Minute_10_Fluctuation":  0.13352456954261602,
    "Hour":  0.0000000000000288330684160108,
    "Hour_Fluctuation":  0.30500000486017836,
    "Day":  0.0000000000000260316250433568,
    "Day_Fluctuation":  0.28773032127101644,
    "ThreeDay":  0.0000000000000260316250433568,
    "ThreeDay_Fluctuation":  0.28773032127101644,
    "Week":  0.0000000000000260316250433568,
    "Week_Fluctuation":  0.28773032127101644,
    "Duration":  "11:44:44.0285476",
    "Updated":  "\/Date(1640192915701)\/",
    "Failed":  0,
    "HashRate_Live":  7925103891.149,
    "HashRate_Average":  6830117571.2641525,
    "BlockRate_Live":  92,
    "BlockRate_Average":  93.221253980407056,
    "Diff_Live":  0,
    "Diff_Average":  0,
    "Actual24h_Week":  0,
    "Estimate24h_Week":  0,
    "ErrorRatio":  1
}
