{
    "Live":  0.00000000000000006832,
    "Minute":  0.00000000000000006832,
    "Minute_Fluctuation":  0,
    "Minute_5":  0.00000000000000006832,
    "Minute_5_Fluctuation":  0.036207845302084096,
    "Minute_10":  0.000000000000000071357316123,
    "Minute_10_Fluctuation":  0.090245023569215918,
    "Hour":  0.0000000000000000747271379081,
    "Hour_Fluctuation":  0.20320862360680828,
    "Day":  0.0000000000000000586210706584,
    "Day_Fluctuation":  0.12511565445929251,
    "ThreeDay":  0.0000000000000000578932274839,
    "ThreeDay_Fluctuation":  0.10812411740159608,
    "Week":  0.0000000000000000578932274839,
    "Week_Fluctuation":  0.10812411740159608,
    "Duration":  "1.12:07:13.2212229",
    "Updated":  "\/Date(1640378730634)\/",
    "Failed":  0,
    "HashRate_Live":  8092028521244,
    "HashRate_Average":  6782408757232.9229,
    "BlockRate_Live":  212,
    "BlockRate_Average":  214.16842317925756,
    "Diff_Live":  0,
    "Diff_Average":  0,
    "Actual24h_Week":  0.0000230245851704017,
    "Estimate24h_Week":  0.0000240036944307894,
    "ErrorRatio":  0.984345711389162
}
