{
    "Live":  0.00000000000000079766,
    "Minute":  0.00000000000000079766,
    "Minute_Fluctuation":  0,
    "Minute_5":  0.00000000000000079766,
    "Minute_5_Fluctuation":  0.15108844394749885,
    "Minute_10":  0.0000000000000007380285758658,
    "Minute_10_Fluctuation":  0.32879405971358294,
    "Hour":  0.0000000000000005982731031946,
    "Hour_Fluctuation":  0.35136819549418791,
    "Day":  0.0000000000000013421937181705,
    "Day_Fluctuation":  0.24395694260892289,
    "ThreeDay":  0.0000000000000014162403523684,
    "ThreeDay_Fluctuation":  0.20944537533446664,
    "Week":  0.0000000000000014162403523684,
    "Week_Fluctuation":  0.20944537533446664,
    "Duration":  "1.12:07:13.2212229",
    "Updated":  "\/Date(1640378735494)\/",
    "Failed":  0,
    "HashRate_Live":  46658963397,
    "HashRate_Average":  47591465061.2655,
    "BlockRate_Live":  18,
    "BlockRate_Average":  21.221153160084288,
    "Diff_Live":  0,
    "Diff_Average":  0,
    "Actual24h_Week":  0.000297561560256033,
    "Estimate24h_Week":  0.000363488265348688,
    "ErrorRatio":  0.930393268070483
}
