{
    "Live":  0.00000000000001603,
    "Minute":  0.00000000000001603,
    "Minute_Fluctuation":  0,
    "Minute_5":  0.00000000000001603,
    "Minute_5_Fluctuation":  0.13233955676551157,
    "Minute_10":  0.0000000000000187513896194959,
    "Minute_10_Fluctuation":  0.2867692565963495,
    "Hour":  0.0000000000000180104212850545,
    "Hour_Fluctuation":  0.23873661239819294,
    "Day":  0.0000000000000141116228844722,
    "Day_Fluctuation":  0.19851571794447062,
    "ThreeDay":  0.0000000000000137095231995752,
    "ThreeDay_Fluctuation":  0.18393261347412265,
    "Week":  0.0000000000000137095231995752,
    "Week_Fluctuation":  0.18393261347412257,
    "Duration":  "1.12:07:13.2212229",
    "Updated":  "\/Date(1640378735259)\/",
    "Failed":  0,
    "HashRate_Live":  7645886578,
    "HashRate_Average":  4595166454.9335308,
    "BlockRate_Live":  101,
    "BlockRate_Average":  46.526226861678573,
    "Diff_Live":  0,
    "Diff_Average":  0,
    "Actual24h_Week":  0.00000536571583439446,
    "Estimate24h_Week":  0.00000644079449511526,
    "ErrorRatio":  0.935940865445903
}
