{
    "Live":  0.00000000000000235,
    "Minute":  0.00000000000000235,
    "Minute_Fluctuation":  0,
    "Minute_5":  0.00000000000000235,
    "Minute_5_Fluctuation":  0.226294222008046,
    "Minute_10":  0.000000000000002269800391631,
    "Minute_10_Fluctuation":  0.22191221510234815,
    "Hour":  0.0000000000000035072906834064,
    "Hour_Fluctuation":  0.46963103548245233,
    "Day":  0.0000000000000048303127926707,
    "Day_Fluctuation":  0.50588586678800418,
    "ThreeDay":  0.0000000000000048303127926707,
    "ThreeDay_Fluctuation":  0.50588586678800418,
    "Week":  0.0000000000000048303127926707,
    "Week_Fluctuation":  0.50588586678800418,
    "Duration":  "03:06:09.6629190",
    "Updated":  "\/Date(1640378736102)\/",
    "Failed":  0,
    "HashRate_Live":  0,
    "HashRate_Average":  313243349.05061686,
    "BlockRate_Live":  7,
    "BlockRate_Average":  8.6426649035970371,
    "Diff_Live":  0,
    "Diff_Average":  0,
    "Actual24h_Week":  0.00000922270929570734,
    "Estimate24h_Week":  0.00000341590611189267,
    "ErrorRatio":  1
}
