{
    "Live":  0.00000000000046918,
    "Minute":  0.00000000000046918,
    "Minute_Fluctuation":  0,
    "Minute_5":  0.000000000000444803632344804,
    "Minute_5_Fluctuation":  0.12174349844261943,
    "Minute_10":  0.000000000000398364849330744,
    "Minute_10_Fluctuation":  0.28017059308833275,
    "Hour":  0.000000000000306186389734208,
    "Hour_Fluctuation":  0.47881278743927408,
    "Day":  0.000000000000292200682003023,
    "Day_Fluctuation":  0.61424990938698876,
    "ThreeDay":  0.000000000000292200682003023,
    "ThreeDay_Fluctuation":  0.61424990938698887,
    "Week":  0.000000000000292200682003023,
    "Week_Fluctuation":  0.61424990938698887,
    "Duration":  "06:08:49.3820077",
    "Updated":  "\/Date(1640192786499)\/",
    "Failed":  0,
    "HashRate_Live":  0,
    "HashRate_Average":  16190222.884357058,
    "BlockRate_Live":  18,
    "BlockRate_Average":  17.514346731100197,
    "Diff_Live":  0,
    "Diff_Average":  0,
    "Actual24h_Week":  0,
    "Estimate24h_Week":  0,
    "ErrorRatio":  1
}
