{
    "Live":  0.000000000324,
    "Minute":  0.000000000324,
    "Minute_Fluctuation":  0,
    "Minute_5":  0.000000000325098117167228,
    "Minute_5_Fluctuation":  0.01182084215471434,
    "Minute_10":  0.000000000330084259863536,
    "Minute_10_Fluctuation":  0.030239037707948918,
    "Hour":  0.000000000356299410626418,
    "Hour_Fluctuation":  0.061337430603940236,
    "Day":  0.000000000381601133354642,
    "Day_Fluctuation":  0.15239364730815594,
    "ThreeDay":  0.000000000381601133354642,
    "ThreeDay_Fluctuation":  0.15239364730815594,
    "Week":  0.000000000381601133354642,
    "Week_Fluctuation":  0.15239364730815594,
    "Duration":  "11:44:44.0285476",
    "Updated":  "\/Date(1640192915983)\/",
    "Failed":  0,
    "HashRate_Live":  522469.34968069,
    "HashRate_Average":  606580.31743398961,
    "BlockRate_Live":  85,
    "BlockRate_Average":  86.33910628224335,
    "Diff_Live":  0,
    "Diff_Average":  0,
    "Actual24h_Week":  0,
    "Estimate24h_Week":  0,
    "ErrorRatio":  1
}
