{
    "Live":  0.00000000000000261,
    "Minute":  0.00000000000000261,
    "Minute_Fluctuation":  0,
    "Minute_5":  0.00000000000000261,
    "Minute_5_Fluctuation":  0.050539821747406996,
    "Minute_10":  0.00000000000000252039699001,
    "Minute_10_Fluctuation":  0.11794010683304841,
    "Hour":  0.0000000000000024275748992534,
    "Hour_Fluctuation":  0.27795475819425708,
    "Day":  0.0000000000000016811751075753,
    "Day_Fluctuation":  0.24543442027491294,
    "ThreeDay":  0.000000000000001612518770723,
    "ThreeDay_Fluctuation":  0.21520011941714517,
    "Week":  0.000000000000001612518770723,
    "Week_Fluctuation":  0.21520011941714517,
    "Duration":  "1.12:07:13.2212229",
    "Updated":  "\/Date(1640378733360)\/",
    "Failed":  0,
    "HashRate_Live":  23313884210,
    "HashRate_Average":  17101187189.581295,
    "BlockRate_Live":  21,
    "BlockRate_Average":  38.799229960353408,
    "Diff_Live":  0,
    "Diff_Average":  0,
    "Actual24h_Week":  0.000000921319309807919,
    "Estimate24h_Week":  0.000000930702533864645,
    "ErrorRatio":  0.996130797512916
}
