{
    "Live":  0.000000000000021,
    "Minute":  0.000000000000021,
    "Minute_Fluctuation":  0,
    "Minute_5":  0.000000000000021,
    "Minute_5_Fluctuation":  0.241067147129575,
    "Minute_10":  0.0000000000000174517995690784,
    "Minute_10_Fluctuation":  0.6878077811248503,
    "Hour":  0.0000000000000077490020572504,
    "Hour_Fluctuation":  0,
    "Day":  0.0000000000000074435614477457,
    "Day_Fluctuation":  0.67784076071445254,
    "ThreeDay":  0.0000000000000074435614477457,
    "ThreeDay_Fluctuation":  0.67784076071445254,
    "Week":  0.0000000000000074435614477457,
    "Week_Fluctuation":  0.67784076071445254,
    "Duration":  "04:55:54.0648429",
    "Updated":  "\/Date(1640378732864)\/",
    "Failed":  0,
    "HashRate_Live":  0,
    "HashRate_Average":  413593078.59596562,
    "BlockRate_Live":  19,
    "BlockRate_Average":  18.52723902259385,
    "Diff_Live":  0,
    "Diff_Average":  0,
    "Actual24h_Week":  0.0000250843363207456,
    "Estimate24h_Week":  0.0000796216225476979,
    "ErrorRatio":  0.960376133063735
}
