{
    "Live":  0.00000000000432,
    "Minute":  0.00000000000432,
    "Minute_Fluctuation":  0,
    "Minute_5":  0.00000000000405492303040969,
    "Minute_5_Fluctuation":  0.12863755124251858,
    "Minute_10":  0.00000000000361741010321232,
    "Minute_10_Fluctuation":  0.28661385099860542,
    "Hour":  0.00000000000253566753161893,
    "Hour_Fluctuation":  0.40908390679718803,
    "Day":  0.00000000000253566753161893,
    "Day_Fluctuation":  0.40908390679718803,
    "ThreeDay":  0.00000000000253566753161893,
    "ThreeDay_Fluctuation":  0.40908390679718803,
    "Week":  0.00000000000253566753161893,
    "Week_Fluctuation":  0.40908390679718803,
    "Duration":  "00:45:46.7036998",
    "Updated":  "\/Date(1640192915532)\/",
    "Failed":  0,
    "HashRate_Live":  11602046.696292,
    "HashRate_Average":  2950043.9726582263,
    "BlockRate_Live":  12,
    "BlockRate_Average":  11.538695241406662,
    "Diff_Live":  0,
    "Diff_Average":  0,
    "Actual24h_Week":  0,
    "Estimate24h_Week":  0,
    "ErrorRatio":  1
}
