{
    "Live":  0.00000000000004136,
    "Minute":  0.00000000000004136,
    "Minute_Fluctuation":  0,
    "Minute_5":  0.0000000000000414524241712076,
    "Minute_5_Fluctuation":  0.0051209693412231508,
    "Minute_10":  0.0000000000000415619697612256,
    "Minute_10_Fluctuation":  0.0085548243597837713,
    "Hour":  0.0000000000000400007714771177,
    "Hour_Fluctuation":  0.068256640013434774,
    "Day":  0.0000000000000354232623129259,
    "Day_Fluctuation":  0.10281978495368432,
    "ThreeDay":  0.0000000000000354232623129259,
    "ThreeDay_Fluctuation":  0.10281978495368432,
    "Week":  0.0000000000000354232623129259,
    "Week_Fluctuation":  0.10281978495368432,
    "Duration":  "11:44:44.0285476",
    "Updated":  "\/Date(1640192657446)\/",
    "Failed":  0,
    "HashRate_Live":  0,
    "HashRate_Average":  0,
    "BlockRate_Live":  0,
    "BlockRate_Average":  0,
    "Diff_Live":  0,
    "Diff_Average":  0,
    "Actual24h_Week":  0,
    "Estimate24h_Week":  0,
    "ErrorRatio":  1
}
