{
    "Live":  0.00000000000000012038,
    "Minute":  0.00000000000000012038,
    "Minute_Fluctuation":  0,
    "Minute_5":  0.0000000000000001179731256313,
    "Minute_5_Fluctuation":  0.050434785102948326,
    "Minute_10":  0.0000000000000001168323871081,
    "Minute_10_Fluctuation":  0.069865831248196314,
    "Hour":  0.0000000000000001229429704694,
    "Hour_Fluctuation":  0.10339184493457571,
    "Day":  0.0000000000000001279526274235,
    "Day_Fluctuation":  0.2191691814912636,
    "ThreeDay":  0.0000000000000001279526274235,
    "ThreeDay_Fluctuation":  0.2191691814912636,
    "Week":  0.0000000000000001279526274235,
    "Week_Fluctuation":  0.2191691814912636,
    "Duration":  "11:36:53.3501619",
    "Updated":  "\/Date(1640192915637)\/",
    "Failed":  0,
    "HashRate_Live":  55466469922799,
    "HashRate_Average":  55156472462265.977,
    "BlockRate_Live":  30,
    "BlockRate_Average":  29.842919165863993,
    "Diff_Live":  0,
    "Diff_Average":  0,
    "Actual24h_Week":  0,
    "Estimate24h_Week":  0,
    "ErrorRatio":  1
}
