{
    "Live":  0.00000000000000259,
    "Minute":  0.00000000000000259,
    "Minute_Fluctuation":  0,
    "Minute_5":  0.0000000000000028139333364279,
    "Minute_5_Fluctuation":  0.25043451294357855,
    "Minute_10":  0.0000000000000043732570859487,
    "Minute_10_Fluctuation":  0.54505458230204784,
    "Hour":  0.000000000000007278883991956,
    "Hour_Fluctuation":  0.54053832482193054,
    "Day":  0.0000000000000091764930899737,
    "Day_Fluctuation":  0.666030605382994,
    "ThreeDay":  0.0000000000000091764930899737,
    "ThreeDay_Fluctuation":  0.666030605382994,
    "Week":  0.0000000000000091764930899737,
    "Week_Fluctuation":  0.666030605382994,
    "Duration":  "09:21:29.3876970",
    "Updated":  "\/Date(1640192786479)\/",
    "Failed":  0,
    "HashRate_Live":  0,
    "HashRate_Average":  244692070.45419496,
    "BlockRate_Live":  16,
    "BlockRate_Average":  14.953189357848142,
    "Diff_Live":  0,
    "Diff_Average":  0,
    "Actual24h_Week":  0,
    "Estimate24h_Week":  0,
    "ErrorRatio":  1
}
