{
    "Live":  0.0000000035055,
    "Minute":  0.0000000035055,
    "Minute_Fluctuation":  0,
    "Minute_5":  0.00000000352790041325324,
    "Minute_5_Fluctuation":  0.020524602170750996,
    "Minute_10":  0.0000000036138680338952,
    "Minute_10_Fluctuation":  0.049375541170247658,
    "Hour":  0.00000000366886841533758,
    "Hour_Fluctuation":  0.051236165346391242,
    "Day":  0.00000000363369769298653,
    "Day_Fluctuation":  0.044281749802877246,
    "ThreeDay":  0.00000000363369769298653,
    "ThreeDay_Fluctuation":  0.044281749802877239,
    "Week":  0.00000000363369769298653,
    "Week_Fluctuation":  0.044281749802877246,
    "Duration":  "02:10:58.8556207",
    "Updated":  "\/Date(1640192787234)\/",
    "Failed":  0,
    "HashRate_Live":  0,
    "HashRate_Average":  0,
    "BlockRate_Live":  0,
    "BlockRate_Average":  0,
    "Diff_Live":  0,
    "Diff_Average":  0,
    "Actual24h_Week":  0,
    "Estimate24h_Week":  0,
    "ErrorRatio":  1
}
