{
    "Live":  0.00000000000000027923,
    "Minute":  0.00000000000000027923,
    "Minute_Fluctuation":  0,
    "Minute_5":  0.0000000000000002710866764895,
    "Minute_5_Fluctuation":  0.045692251011933707,
    "Minute_10":  0.0000000000000002606642699564,
    "Minute_10_Fluctuation":  0.07598861062154541,
    "Hour":  0.0000000000000002270580730628,
    "Hour_Fluctuation":  0.13200168038589247,
    "Day":  0.0000000000000002280406079167,
    "Day_Fluctuation":  0.21371713089276531,
    "ThreeDay":  0.0000000000000002280406079167,
    "ThreeDay_Fluctuation":  0.21371713089276531,
    "Week":  0.0000000000000002280406079167,
    "Week_Fluctuation":  0.21371713089276531,
    "Duration":  "11:44:44.0285476",
    "Updated":  "\/Date(1640192786730)\/",
    "Failed":  0,
    "HashRate_Live":  35624176739.942,
    "HashRate_Average":  63591728697.03466,
    "BlockRate_Live":  137,
    "BlockRate_Average":  139.26127932468773,
    "Diff_Live":  0,
    "Diff_Average":  0,
    "Actual24h_Week":  0,
    "Estimate24h_Week":  0,
    "ErrorRatio":  1
}
