{
    "Live":  0.00000478874,
    "Minute":  0.00000478874,
    "Minute_Fluctuation":  0,
    "Minute_5":  0.00000468299049720116,
    "Minute_5_Fluctuation":  0.031941684444447282,
    "Minute_10":  0.00000456659001264583,
    "Minute_10_Fluctuation":  0.051289681702967473,
    "Hour":  0.00000442980146166653,
    "Hour_Fluctuation":  0.0840348872264946,
    "Day":  0.00000446306168569888,
    "Day_Fluctuation":  0.096397212835676357,
    "ThreeDay":  0.00000446306168569888,
    "ThreeDay_Fluctuation":  0.096397212835676357,
    "Week":  0.00000446306168569888,
    "Week_Fluctuation":  0.096397212835676357,
    "Duration":  "02:10:58.8556207",
    "Updated":  "\/Date(1640192787181)\/",
    "Failed":  0,
    "HashRate_Live":  0,
    "HashRate_Average":  0,
    "BlockRate_Live":  0,
    "BlockRate_Average":  0,
    "Diff_Live":  0,
    "Diff_Average":  0,
    "Actual24h_Week":  0,
    "Estimate24h_Week":  0,
    "ErrorRatio":  1
}
