{
    "Live":  0.00000000000166,
    "Minute":  0.00000000000166,
    "Minute_Fluctuation":  0,
    "Minute_5":  0.00000000000166,
    "Minute_5_Fluctuation":  0.0084473457873602241,
    "Minute_10":  0.00000000000167947387417766,
    "Minute_10_Fluctuation":  0.045742837753144847,
    "Hour":  0.00000000000184008483964112,
    "Hour_Fluctuation":  0.109710880663353,
    "Day":  0.00000000000171275901853354,
    "Day_Fluctuation":  0.04535167216742985,
    "ThreeDay":  0.00000000000170759051950146,
    "ThreeDay_Fluctuation":  0.037767002754628312,
    "Week":  0.00000000000170759051950146,
    "Week_Fluctuation":  0.037767002754628312,
    "Duration":  "1.12:07:13.2212229",
    "Updated":  "\/Date(1640378729989)\/",
    "Failed":  0,
    "HashRate_Live":  281381404,
    "HashRate_Average":  279765644.53923416,
    "BlockRate_Live":  351,
    "BlockRate_Average":  327.47732588941921,
    "Diff_Live":  0,
    "Diff_Average":  0,
    "Actual24h_Week":  0.000000712188950273542,
    "Estimate24h_Week":  0.000000711009916069308,
    "ErrorRatio":  1.0006364012361
}
