{
    "Live":  0.00000000000000000388609,
    "Minute":  0.00000000000000000388609,
    "Minute_Fluctuation":  0,
    "Minute_5":  0.0000000000000000038605351974,
    "Minute_5_Fluctuation":  0.01323651127515507,
    "Minute_10":  0.0000000000000000038705590059,
    "Minute_10_Fluctuation":  0.019457970099104643,
    "Hour":  0.0000000000000000040664981552,
    "Hour_Fluctuation":  0.072227902747618408,
    "Day":  0.0000000000000000039467384569,
    "Day_Fluctuation":  0.11655892727553305,
    "ThreeDay":  0.0000000000000000039467384569,
    "ThreeDay_Fluctuation":  0.11655892727553305,
    "Week":  0.0000000000000000039467384569,
    "Week_Fluctuation":  0.11655892727553303,
    "Duration":  "11:44:44.0285476",
    "Updated":  "\/Date(1640192786234)\/",
    "Failed":  0,
    "HashRate_Live":  0,
    "HashRate_Average":  156723643264273.13,
    "BlockRate_Live":  133,
    "BlockRate_Average":  132.87024447534858,
    "Diff_Live":  0,
    "Diff_Average":  0,
    "Actual24h_Week":  0,
    "Estimate24h_Week":  0,
    "ErrorRatio":  1
}
