{
    "Live":  0.00000000832,
    "Minute":  0.00000000832,
    "Minute_Fluctuation":  0,
    "Minute_5":  0.00000000835937087354571,
    "Minute_5_Fluctuation":  0.0071664975832255347,
    "Minute_10":  0.00000000836512058890631,
    "Minute_10_Fluctuation":  0.010902851500568562,
    "Hour":  0.00000000787963489981142,
    "Hour_Fluctuation":  0.060458847597742504,
    "Day":  0.0000000125508962152987,
    "Day_Fluctuation":  0.40039624309114719,
    "ThreeDay":  0.0000000125508962152987,
    "ThreeDay_Fluctuation":  0.40039624309114713,
    "Week":  0.0000000125508962152987,
    "Week_Fluctuation":  0.40039624309114719,
    "Duration":  "11:44:44.0285476",
    "Updated":  "\/Date(1640192785919)\/",
    "Failed":  0,
    "HashRate_Live":  0,
    "HashRate_Average":  0,
    "BlockRate_Live":  14,
    "BlockRate_Average":  14.004813961264205,
    "Diff_Live":  0,
    "Diff_Average":  0,
    "Actual24h_Week":  0,
    "Estimate24h_Week":  0,
    "ErrorRatio":  1
}
