{
    "Live":  0.00000000000000000382608,
    "Minute":  0.00000000000000000382608,
    "Minute_Fluctuation":  0,
    "Minute_5":  0.000000000000000003682232192,
    "Minute_5_Fluctuation":  0.04609369659009576,
    "Minute_10":  0.000000000000000003585363361,
    "Minute_10_Fluctuation":  0.038768798332518221,
    "Hour":  0.0000000000000000038415287997,
    "Hour_Fluctuation":  0.09297204158192568,
    "Day":  0.0000000000000000043466564024,
    "Day_Fluctuation":  0.046934477711905377,
    "ThreeDay":  0.0000000000000000043466564024,
    "ThreeDay_Fluctuation":  0.046934477711905377,
    "Week":  0.0000000000000000043466564024,
    "Week_Fluctuation":  0.046934477711905384,
    "Duration":  "11:44:44.0285476",
    "Updated":  "\/Date(1640192786218)\/",
    "Failed":  0,
    "HashRate_Live":  1274436597677.6,
    "HashRate_Average":  38036371725027.477,
    "BlockRate_Live":  229,
    "BlockRate_Average":  231.13006707995035,
    "Diff_Live":  0,
    "Diff_Average":  0,
    "Actual24h_Week":  0,
    "Estimate24h_Week":  0,
    "ErrorRatio":  1
}
