{
    "Live":  0.00000000000000037525,
    "Minute":  0.00000000000000037525,
    "Minute_Fluctuation":  0,
    "Minute_5":  0.0000000000000003847563013072,
    "Minute_5_Fluctuation":  0.052294400716400263,
    "Minute_10":  0.0000000000000004092145582423,
    "Minute_10_Fluctuation":  0.10990911252959761,
    "Hour":  0.0000000000000004800445763626,
    "Hour_Fluctuation":  0.12566504828853051,
    "Day":  0.0000000000000004632076069811,
    "Day_Fluctuation":  0.19992695758624682,
    "ThreeDay":  0.0000000000000004632076069811,
    "ThreeDay_Fluctuation":  0.19992695758624682,
    "Week":  0.0000000000000004632076069811,
    "Week_Fluctuation":  0.19992695758624682,
    "Duration":  "11:44:44.0285476",
    "Updated":  "\/Date(1640192915841)\/",
    "Failed":  0,
    "HashRate_Live":  2047999733297.7,
    "HashRate_Average":  2680405700082.0762,
    "BlockRate_Live":  43,
    "BlockRate_Average":  42.674432121296768,
    "Diff_Live":  0,
    "Diff_Average":  0,
    "Actual24h_Week":  0,
    "Estimate24h_Week":  0,
    "ErrorRatio":  1
}
