{
    "Live":  0.00000000002403,
    "Minute":  0.00000000002403,
    "Minute_Fluctuation":  0,
    "Minute_5":  0.00000000002403,
    "Minute_5_Fluctuation":  0.00018847339319953945,
    "Minute_10":  0.0000000000240778902449278,
    "Minute_10_Fluctuation":  0.0073665976892119973,
    "Hour":  0.0000000000242249838102999,
    "Hour_Fluctuation":  0.015658125900189227,
    "Day":  0.000000000025349781273267,
    "Day_Fluctuation":  0.021051102377483824,
    "ThreeDay":  0.0000000000254640221579447,
    "ThreeDay_Fluctuation":  0.018388126189365611,
    "Week":  0.0000000000254640221579447,
    "Week_Fluctuation":  0.018388126189365611,
    "Duration":  "1.12:07:13.2212229",
    "Updated":  "\/Date(1640378735726)\/",
    "Failed":  0,
    "HashRate_Live":  60659369,
    "HashRate_Average":  64705758.5265352,
    "BlockRate_Live":  13,
    "BlockRate_Average":  16.218083853961225,
    "Diff_Live":  0,
    "Diff_Average":  0,
    "Actual24h_Week":  0.0000116361018696958,
    "Estimate24h_Week":  0.00000976410285582125,
    "ErrorRatio":  1.07357894183513
}
