{
    "Live":  0.00000000000041361,
    "Minute":  0.00000000000041361,
    "Minute_Fluctuation":  0,
    "Minute_5":  0.000000000000388215200780259,
    "Minute_5_Fluctuation":  0.12888559189833027,
    "Minute_10":  0.000000000000346037611794647,
    "Minute_10_Fluctuation":  0.29816735356986684,
    "Hour":  0.000000000000194076863388438,
    "Hour_Fluctuation":  0.68358234636527193,
    "Day":  0.000000000000136450253658062,
    "Day_Fluctuation":  0.67280539209868606,
    "ThreeDay":  0.000000000000136450253658062,
    "ThreeDay_Fluctuation":  0.67280539209868606,
    "Week":  0.000000000000136450253658062,
    "Week_Fluctuation":  0.672805392098686,
    "Duration":  "04:24:51.4840190",
    "Updated":  "\/Date(1640192915405)\/",
    "Failed":  0,
    "HashRate_Live":  21462466.974188,
    "HashRate_Average":  20718109.587410565,
    "BlockRate_Live":  20,
    "BlockRate_Average":  20.20167528499859,
    "Diff_Live":  0,
    "Diff_Average":  0,
    "Actual24h_Week":  0,
    "Estimate24h_Week":  0,
    "ErrorRatio":  1
}
