{
    "Live":  0.0000000008953041,
    "Minute":  0.0000000008953041,
    "Minute_Fluctuation":  0,
    "Minute_5":  0.000000000899178649492039,
    "Minute_5_Fluctuation":  0.044524721765565975,
    "Minute_10":  0.000000000874751601739496,
    "Minute_10_Fluctuation":  0.077207155033229391,
    "Hour":  0.000000000810017428329236,
    "Hour_Fluctuation":  0.095244500657907835,
    "Day":  0.000000000786653057496304,
    "Day_Fluctuation":  0.0884441866498772,
    "ThreeDay":  0.000000000786653057496304,
    "ThreeDay_Fluctuation":  0.088444186649877188,
    "Week":  0.000000000786653057496304,
    "Week_Fluctuation":  0.088444186649877188,
    "Duration":  "02:10:58.8556207",
    "Updated":  "\/Date(1640192787205)\/",
    "Failed":  0,
    "HashRate_Live":  0,
    "HashRate_Average":  0,
    "BlockRate_Live":  0,
    "BlockRate_Average":  0,
    "Diff_Live":  0,
    "Diff_Average":  0,
    "Actual24h_Week":  0,
    "Estimate24h_Week":  0,
    "ErrorRatio":  1
}
