{
    "Live":  0.00000000000000036946,
    "Minute":  0.00000000000000036946,
    "Minute_Fluctuation":  0,
    "Minute_5":  0.00000000000000036946,
    "Minute_5_Fluctuation":  4.2478142605249468E-06,
    "Minute_10":  0.0000000000000003686205027443,
    "Minute_10_Fluctuation":  0.012040974089939491,
    "Hour":  0.0000000000000003298200087622,
    "Hour_Fluctuation":  0.18782669223656781,
    "Day":  0.0000000000000004815528157324,
    "Day_Fluctuation":  0.12819349687849002,
    "ThreeDay":  0.0000000000000004882889352929,
    "ThreeDay_Fluctuation":  0.10839122385049389,
    "Week":  0.0000000000000004882889352929,
    "Week_Fluctuation":  0.10839122385049393,
    "Duration":  "1.12:07:13.2212229",
    "Updated":  "\/Date(1640377036070)\/",
    "Failed":  0,
    "HashRate_Live":  0,
    "HashRate_Average":  496701.36504507012,
    "BlockRate_Live":  4,
    "BlockRate_Average":  1.6534995280852536,
    "Diff_Live":  0,
    "Diff_Average":  0,
    "Actual24h_Week":  0.000191559280784957,
    "Estimate24h_Week":  0.000212746722593367,
    "ErrorRatio":  0.96177953978022
}
