{
    "Live":  0.00000000000000103,
    "Minute":  0.00000000000000103,
    "Minute_Fluctuation":  0,
    "Minute_5":  0.0000000000000010426922143736,
    "Minute_5_Fluctuation":  0.033120073821178375,
    "Minute_10":  0.0000000000000010678851205932,
    "Minute_10_Fluctuation":  0.053113053557475365,
    "Hour":  0.0000000000000010670298936804,
    "Hour_Fluctuation":  0.10804529714168067,
    "Day":  0.000000000000000990057887432,
    "Day_Fluctuation":  0.17538309338004959,
    "ThreeDay":  0.000000000000000990057887432,
    "ThreeDay_Fluctuation":  0.17538309338004959,
    "Week":  0.000000000000000990057887432,
    "Week_Fluctuation":  0.17538309338004959,
    "Duration":  "11:44:44.0285476",
    "Updated":  "\/Date(1640192915907)\/",
    "Failed":  0,
    "HashRate_Live":  1845742839.4701,
    "HashRate_Average":  1140479713.4186208,
    "BlockRate_Live":  21,
    "BlockRate_Average":  21.034920590186935,
    "Diff_Live":  0,
    "Diff_Average":  0,
    "Actual24h_Week":  0,
    "Estimate24h_Week":  0,
    "ErrorRatio":  1
}
