{
    "Live":  0.00000000000000721,
    "Minute":  0.00000000000000721,
    "Minute_Fluctuation":  0,
    "Minute_5":  0.0000000000000069547113326661,
    "Minute_5_Fluctuation":  0.20641651011254702,
    "Minute_10":  0.0000000000000081356451419745,
    "Minute_10_Fluctuation":  0.407634638598358,
    "Hour":  0.00000000000001350808240595,
    "Hour_Fluctuation":  0.55613928412080638,
    "Day":  0.0000000000000284300107659598,
    "Day_Fluctuation":  0.47781391604420786,
    "ThreeDay":  0.0000000000000284300107659598,
    "ThreeDay_Fluctuation":  0.47781391604420786,
    "Week":  0.0000000000000284300107659598,
    "Week_Fluctuation":  0.47781391604420786,
    "Duration":  "11:44:44.0285476",
    "Updated":  "\/Date(1640192785966)\/",
    "Failed":  0,
    "HashRate_Live":  0,
    "HashRate_Average":  793793.80705614085,
    "BlockRate_Live":  32,
    "BlockRate_Average":  32.741992348213088,
    "Diff_Live":  0,
    "Diff_Average":  0,
    "Actual24h_Week":  0,
    "Estimate24h_Week":  0,
    "ErrorRatio":  1
}
