{
    "Live":  0.00000000001613,
    "Minute":  0.00000000001613,
    "Minute_Fluctuation":  0.028313253012048158,
    "Minute_5":  0.0000000000166915955013304,
    "Minute_5_Fluctuation":  0.044419939511441568,
    "Minute_10":  0.0000000000175429329664729,
    "Minute_10_Fluctuation":  0.1006791661613879,
    "Hour":  0.0000000000175155697251841,
    "Hour_Fluctuation":  0.14119028036418793,
    "Day":  0.0000000000168971900413448,
    "Day_Fluctuation":  0.10944619830863798,
    "ThreeDay":  0.0000000000168971900413448,
    "ThreeDay_Fluctuation":  0.10944619830863798,
    "Week":  0.0000000000168971900413448,
    "Week_Fluctuation":  0.10944619830863798,
    "Duration":  "03:17:07.2560019",
    "Updated":  "\/Date(1640109101213)\/",
    "Failed":  0,
    "HashRate_Live":  503924.93208949,
    "HashRate_Average":  709700.40410198993,
    "BlockRate_Live":  39,
    "BlockRate_Average":  38.84103127128656,
    "Diff_Live":  0,
    "Diff_Average":  0,
    "Actual24h_Week":  0,
    "Estimate24h_Week":  0,
    "ErrorRatio":  1
}
