{
    "Live":  0.00000000015,
    "Minute":  0.00000000015,
    "Minute_Fluctuation":  0,
    "Minute_5":  0.000000000148917907866805,
    "Minute_5_Fluctuation":  0.035506623227408635,
    "Minute_10":  0.000000000153813692046634,
    "Minute_10_Fluctuation":  0.0686212574280113,
    "Hour":  0.0000000001747125354652,
    "Hour_Fluctuation":  0.18375426999191369,
    "Day":  0.000000000158243723080583,
    "Day_Fluctuation":  0.195272780455464,
    "ThreeDay":  0.000000000158243723080583,
    "ThreeDay_Fluctuation":  0.195272780455464,
    "Week":  0.000000000158243723080583,
    "Week_Fluctuation":  0.195272780455464,
    "Duration":  "11:44:44.0285476",
    "Updated":  "\/Date(1640192786147)\/",
    "Failed":  0,
    "HashRate_Live":  0,
    "HashRate_Average":  318.60800628766856,
    "BlockRate_Live":  23,
    "BlockRate_Average":  22.836058376332208,
    "Diff_Live":  0,
    "Diff_Average":  0,
    "Actual24h_Week":  0,
    "Estimate24h_Week":  0,
    "ErrorRatio":  1
}
