{
    "Live":  0.00000000000485,
    "Minute":  0.00000000000485,
    "Minute_Fluctuation":  0,
    "Minute_5":  0.00000000000534761329366956,
    "Minute_5_Fluctuation":  0.19254945031997789,
    "Minute_10":  0.00000000000596666264042984,
    "Minute_10_Fluctuation":  0.2408101981995687,
    "Hour":  0.00000000000661147302688758,
    "Hour_Fluctuation":  0.19723400972919289,
    "Day":  0.00000000000631992563296534,
    "Day_Fluctuation":  0.17615707924354584,
    "ThreeDay":  0.00000000000631992563296534,
    "ThreeDay_Fluctuation":  0.17615707924354584,
    "Week":  0.00000000000631992563296534,
    "Week_Fluctuation":  0.17615707924354584,
    "Duration":  "11:44:44.0285476",
    "Updated":  "\/Date(1640192786903)\/",
    "Failed":  0,
    "HashRate_Live":  0,
    "HashRate_Average":  1158771.5184241761,
    "BlockRate_Live":  19,
    "BlockRate_Average":  20.65964855792831,
    "Diff_Live":  0,
    "Diff_Average":  0,
    "Actual24h_Week":  0,
    "Estimate24h_Week":  0,
    "ErrorRatio":  1
}
