{
    "Live":  0.00000000000012584,
    "Minute":  0.00000000000012584,
    "Minute_Fluctuation":  0,
    "Minute_5":  0.000000000000124983894810315,
    "Minute_5_Fluctuation":  0.01523028460332687,
    "Minute_10":  0.000000000000124796933513691,
    "Minute_10_Fluctuation":  0.019010573680563355,
    "Hour":  0.000000000000137435412990602,
    "Hour_Fluctuation":  0.13221881515460809,
    "Day":  0.000000000000162882527496162,
    "Day_Fluctuation":  0.22108202892561776,
    "ThreeDay":  0.000000000000162882527496162,
    "ThreeDay_Fluctuation":  0.22108202892561776,
    "Week":  0.000000000000162882527496162,
    "Week_Fluctuation":  0.22108202892561776,
    "Duration":  "11:44:44.0285476",
    "Updated":  "\/Date(1640192916002)\/",
    "Failed":  0,
    "HashRate_Live":  425291097.62375,
    "HashRate_Average":  629819125.9627037,
    "BlockRate_Live":  361,
    "BlockRate_Average":  359.22586476747114,
    "Diff_Live":  0,
    "Diff_Average":  0,
    "Actual24h_Week":  0,
    "Estimate24h_Week":  0,
    "ErrorRatio":  1
}
