{
    "Live":  0.00000000000007769,
    "Minute":  0.00000000000007769,
    "Minute_Fluctuation":  0,
    "Minute_5":  0.00000000000007769,
    "Minute_5_Fluctuation":  0.0048458969487793942,
    "Minute_10":  0.0000000000000779015097903869,
    "Minute_10_Fluctuation":  0.017184705148370071,
    "Hour":  0.0000000000000919078601654215,
    "Hour_Fluctuation":  0.26396076455193779,
    "Day":  0.0000000000000988457093792503,
    "Day_Fluctuation":  0.17091298819297737,
    "ThreeDay":  0.0000000000000968657508568669,
    "ThreeDay_Fluctuation":  0.13866166796516952,
    "Week":  0.0000000000000968657508568669,
    "Week_Fluctuation":  0.13866166796516949,
    "Duration":  "1.12:07:13.2212229",
    "Updated":  "\/Date(1640378731928)\/",
    "Failed":  0,
    "HashRate_Live":  16625319499,
    "HashRate_Average":  42626907171.541534,
    "BlockRate_Live":  11,
    "BlockRate_Average":  18.796401020911297,
    "Diff_Live":  0,
    "Diff_Average":  0,
    "Actual24h_Week":  0.0000664500124858545,
    "Estimate24h_Week":  0.0000388107876436817,
    "ErrorRatio":  1.27330883444496
}
