{
    "Live":  0.00000000000000222,
    "Minute":  0.00000000000000222,
    "Minute_Fluctuation":  0,
    "Minute_5":  0.00000000000000222,
    "Minute_5_Fluctuation":  0.055368991391015754,
    "Minute_10":  0.0000000000000023422045679464,
    "Minute_10_Fluctuation":  0.10323549723723437,
    "Hour":  0.0000000000000024765533865647,
    "Hour_Fluctuation":  0.1540620430412443,
    "Day":  0.0000000000000021955980755613,
    "Day_Fluctuation":  0.089075858959573109,
    "ThreeDay":  0.0000000000000021667659849333,
    "ThreeDay_Fluctuation":  0.077491598425723521,
    "Week":  0.0000000000000021667659849333,
    "Week_Fluctuation":  0.077491598425723521,
    "Duration":  "1.12:07:13.2212229",
    "Updated":  "\/Date(1640378731855)\/",
    "Failed":  0,
    "HashRate_Live":  314376945912,
    "HashRate_Average":  392560750668.76654,
    "BlockRate_Live":  24,
    "BlockRate_Average":  15.443678085425679,
    "Diff_Live":  0,
    "Diff_Average":  0,
    "Actual24h_Week":  0.00000126399418737899,
    "Estimate24h_Week":  0.000000946258105075691,
    "ErrorRatio":  1.12886565685257
}
