{
    "Live":  0.00000000000018311,
    "Minute":  0.00000000000018311,
    "Minute_Fluctuation":  0,
    "Minute_5":  0.000000000000173600729034497,
    "Minute_5_Fluctuation":  0.12146186289735231,
    "Minute_10":  0.000000000000157458571975791,
    "Minute_10_Fluctuation":  0.23960921906996574,
    "Hour":  0.000000000000188300260365779,
    "Hour_Fluctuation":  0.39768576744414696,
    "Day":  0.000000000000188497064744895,
    "Day_Fluctuation":  0.4035530239319059,
    "ThreeDay":  0.000000000000188497064744895,
    "ThreeDay_Fluctuation":  0.4035530239319059,
    "Week":  0.000000000000188497064744895,
    "Week_Fluctuation":  0.4035530239319059,
    "Duration":  "01:12:15.0844674",
    "Updated":  "\/Date(1640192786430)\/",
    "Failed":  0,
    "HashRate_Live":  0,
    "HashRate_Average":  20805187.444544151,
    "BlockRate_Live":  15,
    "BlockRate_Average":  15.272015919826122,
    "Diff_Live":  0,
    "Diff_Average":  0,
    "Actual24h_Week":  0,
    "Estimate24h_Week":  0,
    "ErrorRatio":  1
}
