{
    "Live":  0.00000000000111,
    "Minute":  0.00000000000111,
    "Minute_Fluctuation":  0,
    "Minute_5":  0.00000000000111000121902362,
    "Minute_5_Fluctuation":  1.4868327948300852E-05,
    "Minute_10":  0.00000000000111080319624446,
    "Minute_10_Fluctuation":  0.0043443706464057642,
    "Hour":  0.00000000000121376221741108,
    "Hour_Fluctuation":  0.10227564457776493,
    "Day":  0.00000000000121785749202723,
    "Day_Fluctuation":  0.17197679306709715,
    "ThreeDay":  0.00000000000121785749202723,
    "ThreeDay_Fluctuation":  0.17197679306709715,
    "Week":  0.00000000000121785749202723,
    "Week_Fluctuation":  0.17197679306709715,
    "Duration":  "11:44:44.0285476",
    "Updated":  "\/Date(1640192462015)\/",
    "Failed":  0,
    "HashRate_Live":  0,
    "HashRate_Average":  2420918.7248005681,
    "BlockRate_Live":  98,
    "BlockRate_Average":  100.53801040888825,
    "Diff_Live":  0,
    "Diff_Average":  0,
    "Actual24h_Week":  0,
    "Estimate24h_Week":  0,
    "ErrorRatio":  1
}
