{
    "Live":  0.00000000282062,
    "Minute":  0.00000000282062,
    "Minute_Fluctuation":  0,
    "Minute_5":  0.00000000267816259779931,
    "Minute_5_Fluctuation":  0.068519891769469932,
    "Minute_10":  0.00000000256225408749796,
    "Minute_10_Fluctuation":  0.071957460985225624,
    "Hour":  0.00000000228511229319343,
    "Hour_Fluctuation":  0.11513478034296315,
    "Day":  0.00000000263374875717194,
    "Day_Fluctuation":  0.2863073716247298,
    "ThreeDay":  0.00000000263374875717194,
    "ThreeDay_Fluctuation":  0.2863073716247298,
    "Week":  0.00000000263374875717194,
    "Week_Fluctuation":  0.2863073716247298,
    "Duration":  "11:44:44.0285476",
    "Updated":  "\/Date(1640192915773)\/",
    "Failed":  0,
    "HashRate_Live":  115390.6501952,
    "HashRate_Average":  25486.24614164931,
    "BlockRate_Live":  155,
    "BlockRate_Average":  155.65401667983841,
    "Diff_Live":  0,
    "Diff_Average":  0,
    "Actual24h_Week":  0,
    "Estimate24h_Week":  0,
    "ErrorRatio":  1
}
