{
    "Live":  0.00000000000786,
    "Minute":  0.00000000000786,
    "Minute_Fluctuation":  0,
    "Minute_5":  0.00000000000786,
    "Minute_5_Fluctuation":  0.0037941658257526134,
    "Minute_10":  0.00000000000796858669008968,
    "Minute_10_Fluctuation":  0.037227489239533673,
    "Hour":  0.0000000000084663369580381,
    "Hour_Fluctuation":  0.083522386352869987,
    "Day":  0.0000000000094765562800273,
    "Day_Fluctuation":  0.056418613401090431,
    "ThreeDay":  0.00000000000955189475756189,
    "ThreeDay_Fluctuation":  0.049582376730917539,
    "Week":  0.00000000000955189475756189,
    "Week_Fluctuation":  0.049582376730917539,
    "Duration":  "1.12:07:13.2212229",
    "Updated":  "\/Date(1640378734174)\/",
    "Failed":  0,
    "HashRate_Live":  27082453,
    "HashRate_Average":  28115936.949044045,
    "BlockRate_Live":  186,
    "BlockRate_Average":  111.26119431408699,
    "Diff_Live":  0,
    "Diff_Average":  0,
    "Actual24h_Week":  0.00000372891277904421,
    "Estimate24h_Week":  0.00000357399043213953,
    "ErrorRatio":  1.01663569501432
}
