{
    "Live":  0.00000000000075,
    "Minute":  0.00000000000075,
    "Minute_Fluctuation":  0,
    "Minute_5":  0.000000000000753467222104829,
    "Minute_5_Fluctuation":  0.016782591970028932,
    "Minute_10":  0.000000000000776951878040176,
    "Minute_10_Fluctuation":  0.075838123936427387,
    "Hour":  0.00000000000115747727100677,
    "Hour_Fluctuation":  0.27528371099195975,
    "Day":  0.00000000000120478828077445,
    "Day_Fluctuation":  0.19232804261957714,
    "ThreeDay":  0.00000000000120478828077445,
    "ThreeDay_Fluctuation":  0.19232804261957714,
    "Week":  0.00000000000120478828077445,
    "Week_Fluctuation":  0.19232804261957717,
    "Duration":  "11:44:44.0285476",
    "Updated":  "\/Date(1640192914942)\/",
    "Failed":  0,
    "HashRate_Live":  45698635.281378,
    "HashRate_Average":  218966120.62799668,
    "BlockRate_Live":  4246,
    "BlockRate_Average":  3987.0123895799625,
    "Diff_Live":  0,
    "Diff_Average":  0,
    "Actual24h_Week":  0,
    "Estimate24h_Week":  0,
    "ErrorRatio":  1
}
