{
    "Live":  0.00000000000000603,
    "Minute":  0.00000000000000603,
    "Minute_Fluctuation":  0,
    "Minute_5":  0.0000000000000096442294193879,
    "Minute_5_Fluctuation":  0.37114072944130283,
    "Minute_10":  0.0000000000000111509755246794,
    "Minute_10_Fluctuation":  0.4145301983999502,
    "Hour":  0.0000000000000118903414246892,
    "Hour_Fluctuation":  0.3764834965238506,
    "Day":  0.0000000000000104448393034765,
    "Day_Fluctuation":  0.31334345204369168,
    "ThreeDay":  0.0000000000000104448393034765,
    "ThreeDay_Fluctuation":  0.31334345204369163,
    "Week":  0.0000000000000104448393034765,
    "Week_Fluctuation":  0.31334345204369168,
    "Duration":  "11:44:44.0285476",
    "Updated":  "\/Date(1640192786172)\/",
    "Failed":  0,
    "HashRate_Live":  0,
    "HashRate_Average":  0,
    "BlockRate_Live":  0,
    "BlockRate_Average":  0,
    "Diff_Live":  0,
    "Diff_Average":  0,
    "Actual24h_Week":  0,
    "Estimate24h_Week":  0,
    "ErrorRatio":  1
}
