{
    "Live":  0.00000214957,
    "Minute":  0.00000214957,
    "Minute_Fluctuation":  0,
    "Minute_5":  0.00000228511099538626,
    "Minute_5_Fluctuation":  0.097046520265271649,
    "Minute_10":  0.00000238834263708643,
    "Minute_10_Fluctuation":  0.12542008629872184,
    "Hour":  0.00000255416547821868,
    "Hour_Fluctuation":  0.18020857213894459,
    "Day":  0.00000257889140957714,
    "Day_Fluctuation":  0.19418314822049909,
    "ThreeDay":  0.00000257889140957714,
    "ThreeDay_Fluctuation":  0.19418314822049909,
    "Week":  0.00000257889140957714,
    "Week_Fluctuation":  0.19418314822049909,
    "Duration":  "02:10:58.8556207",
    "Updated":  "\/Date(1640192787201)\/",
    "Failed":  0,
    "HashRate_Live":  0,
    "HashRate_Average":  0,
    "BlockRate_Live":  0,
    "BlockRate_Average":  0,
    "Diff_Live":  0,
    "Diff_Average":  0,
    "Actual24h_Week":  0,
    "Estimate24h_Week":  0,
    "ErrorRatio":  1
}
