{
    "Live":  0.00000000000000039002,
    "Minute":  0.00000000000000039002,
    "Minute_Fluctuation":  0,
    "Minute_5":  0.0000000000000003707955387823,
    "Minute_5_Fluctuation":  0.061687627128703737,
    "Minute_10":  0.0000000000000003559765104455,
    "Minute_10_Fluctuation":  0.064628658953512524,
    "Hour":  0.0000000000000003125995660631,
    "Hour_Fluctuation":  0.1960177813708186,
    "Day":  0.0000000000000004471881863789,
    "Day_Fluctuation":  0.32377301934812375,
    "ThreeDay":  0.0000000000000004471881863789,
    "ThreeDay_Fluctuation":  0.32377301934812375,
    "Week":  0.0000000000000004471881863789,
    "Week_Fluctuation":  0.32377301934812375,
    "Duration":  "11:44:44.0285476",
    "Updated":  "\/Date(1640192786297)\/",
    "Failed":  0,
    "HashRate_Live":  0,
    "HashRate_Average":  0,
    "BlockRate_Live":  0,
    "BlockRate_Average":  0.48982459990030269,
    "Diff_Live":  0,
    "Diff_Average":  0,
    "Actual24h_Week":  0,
    "Estimate24h_Week":  0,
    "ErrorRatio":  1
}
