{
    "Live":  0.00000000000008523,
    "Minute":  0.00000000000008523,
    "Minute_Fluctuation":  0,
    "Minute_5":  0.0000000000000852350303935642,
    "Minute_5_Fluctuation":  0.00068455583264952278,
    "Minute_10":  0.0000000000000849731489358981,
    "Minute_10_Fluctuation":  0.012957447014001259,
    "Hour":  0.0000000000000978405847919269,
    "Hour_Fluctuation":  0.29559749027187343,
    "Day":  0.000000000000114706195547753,
    "Day_Fluctuation":  0.38603883983231596,
    "ThreeDay":  0.000000000000114706195547753,
    "ThreeDay_Fluctuation":  0.38603883983231596,
    "Week":  0.000000000000114706195547753,
    "Week_Fluctuation":  0.38603883983231596,
    "Duration":  "11:44:44.0285476",
    "Updated":  "\/Date(1640192915740)\/",
    "Failed":  0,
    "HashRate_Live":  29073579664.754,
    "HashRate_Average":  53017524371.073967,
    "BlockRate_Live":  22,
    "BlockRate_Average":  22.661387079781942,
    "Diff_Live":  0,
    "Diff_Average":  0,
    "Actual24h_Week":  0,
    "Estimate24h_Week":  0,
    "ErrorRatio":  1
}
