{
    "Live":  0.00000000000006944,
    "Minute":  0.00000000000006944,
    "Minute_Fluctuation":  0,
    "Minute_5":  0.0000000000000659043726404675,
    "Minute_5_Fluctuation":  0.14175026922060446,
    "Minute_10":  0.0000000000000581264115734117,
    "Minute_10_Fluctuation":  0.32838362487621675,
    "Hour":  0.0000000000000356699468661163,
    "Hour_Fluctuation":  0.61353354721912567,
    "Day":  0.000000000000068021550698924,
    "Day_Fluctuation":  0.69626780287760925,
    "ThreeDay":  0.000000000000068021550698924,
    "ThreeDay_Fluctuation":  0.69626780287760925,
    "Week":  0.000000000000068021550698924,
    "Week_Fluctuation":  0.69626780287760925,
    "Duration":  "08:25:36.7725457",
    "Updated":  "\/Date(1640192915482)\/",
    "Failed":  0,
    "HashRate_Live":  44273668.21178,
    "HashRate_Average":  32220313.045040172,
    "BlockRate_Live":  23,
    "BlockRate_Average":  23.006493368729437,
    "Diff_Live":  0,
    "Diff_Average":  0,
    "Actual24h_Week":  0,
    "Estimate24h_Week":  0,
    "ErrorRatio":  1
}
