{
    "Live":  0.00000000078673,
    "Minute":  0.00000000078673,
    "Minute_Fluctuation":  0,
    "Minute_5":  0.000000000870791219169221,
    "Minute_5_Fluctuation":  0.099032483040168956,
    "Minute_10":  0.00000000092956271864162,
    "Minute_10_Fluctuation":  0.093374083545045936,
    "Hour":  0.000000000984309300600048,
    "Hour_Fluctuation":  0.0759468981099265,
    "Day":  0.00000000102603509360021,
    "Day_Fluctuation":  0.0895765585411564,
    "ThreeDay":  0.00000000102603509360021,
    "ThreeDay_Fluctuation":  0.0895765585411564,
    "Week":  0.00000000102603509360021,
    "Week_Fluctuation":  0.0895765585411564,
    "Duration":  "11:44:44.0285476",
    "Updated":  "\/Date(1640192914965)\/",
    "Failed":  0,
    "HashRate_Live":  570442.39017773,
    "HashRate_Average":  1107836.3175477949,
    "BlockRate_Live":  39,
    "BlockRate_Average":  38.928775547334673,
    "Diff_Live":  0,
    "Diff_Average":  0,
    "Actual24h_Week":  0,
    "Estimate24h_Week":  0,
    "ErrorRatio":  1
}
