{
    "Live":  0.00000000000001889,
    "Minute":  0.00000000000001889,
    "Minute_Fluctuation":  0,
    "Minute_5":  0.0000000000000185201658423994,
    "Minute_5_Fluctuation":  0.038014744692226217,
    "Minute_10":  0.0000000000000178081694490545,
    "Minute_10_Fluctuation":  0.10083298976730584,
    "Hour":  0.0000000000000162001503366118,
    "Hour_Fluctuation":  0.17290396703988106,
    "Day":  0.0000000000000193951520050751,
    "Day_Fluctuation":  0.18342070585246578,
    "ThreeDay":  0.0000000000000193951520050751,
    "ThreeDay_Fluctuation":  0.18342070585246578,
    "Week":  0.0000000000000193951520050751,
    "Week_Fluctuation":  0.18342070585246578,
    "Duration":  "11:44:44.0285476",
    "Updated":  "\/Date(1640192915319)\/",
    "Failed":  0,
    "HashRate_Live":  2479472021.4101,
    "HashRate_Average":  1492872741.5574174,
    "BlockRate_Live":  17,
    "BlockRate_Average":  19.361285326957734,
    "Diff_Live":  0,
    "Diff_Average":  0,
    "Actual24h_Week":  0,
    "Estimate24h_Week":  0,
    "ErrorRatio":  1
}
