{
    "Live":  0.00000000000000495,
    "Minute":  0.00000000000000495,
    "Minute_Fluctuation":  0,
    "Minute_5":  0.0000000000000046260422735259,
    "Minute_5_Fluctuation":  0.062154612173274365,
    "Minute_10":  0.0000000000000044061286271632,
    "Minute_10_Fluctuation":  0.0972378748301154,
    "Hour":  0.0000000000000038544971998312,
    "Hour_Fluctuation":  0.14876902350200674,
    "Day":  0.0000000000000034698707238344,
    "Day_Fluctuation":  0.18190657561213805,
    "ThreeDay":  0.0000000000000034698707238344,
    "ThreeDay_Fluctuation":  0.18190657561213805,
    "Week":  0.0000000000000034698707238344,
    "Week_Fluctuation":  0.18190657561213805,
    "Duration":  "11:44:44.0285476",
    "Updated":  "\/Date(1640192915685)\/",
    "Failed":  0,
    "HashRate_Live":  0,
    "HashRate_Average":  12196.312762675459,
    "BlockRate_Live":  0,
    "BlockRate_Average":  0,
    "Diff_Live":  0,
    "Diff_Average":  0,
    "Actual24h_Week":  0,
    "Estimate24h_Week":  0,
    "ErrorRatio":  1
}
