{
    "Live":  0.00000000000016613,
    "Minute":  0.00000000000016613,
    "Minute_Fluctuation":  0,
    "Minute_5":  0.000000000000166852763420988,
    "Minute_5_Fluctuation":  0.012209286728488141,
    "Minute_10":  0.000000000000168183065960655,
    "Minute_10_Fluctuation":  0.023394952903491535,
    "Hour":  0.000000000000175050972803808,
    "Hour_Fluctuation":  0.068018165908347888,
    "Day":  0.000000000000210696368280533,
    "Day_Fluctuation":  0.14074480444623205,
    "ThreeDay":  0.000000000000210696368280533,
    "ThreeDay_Fluctuation":  0.14074480444623205,
    "Week":  0.000000000000210696368280533,
    "Week_Fluctuation":  0.14074480444623208,
    "Duration":  "11:44:44.0285476",
    "Updated":  "\/Date(1640192916050)\/",
    "Failed":  0,
    "HashRate_Live":  665242215.98422,
    "HashRate_Average":  647096029.197359,
    "BlockRate_Live":  381,
    "BlockRate_Average":  383.13315179833324,
    "Diff_Live":  0,
    "Diff_Average":  0,
    "Actual24h_Week":  0,
    "Estimate24h_Week":  0,
    "ErrorRatio":  1
}
