{
    "Live":  0.00000000000011971,
    "Minute":  0.00000000000011971,
    "Minute_Fluctuation":  0,
    "Minute_5":  0.000000000000113613556727213,
    "Minute_5_Fluctuation":  0.141765771302953,
    "Minute_10":  0.000000000000100238651085111,
    "Minute_10_Fluctuation":  0.322752603420596,
    "Hour":  0.0000000000000652608072062242,
    "Hour_Fluctuation":  0.49653095935007524,
    "Day":  0.0000000000000749586175429521,
    "Day_Fluctuation":  0.53629700340163433,
    "ThreeDay":  0.0000000000000749586175429521,
    "ThreeDay_Fluctuation":  0.53629700340163433,
    "Week":  0.0000000000000749586175429521,
    "Week_Fluctuation":  0.53629700340163422,
    "Duration":  "07:55:13.7011977",
    "Updated":  "\/Date(1640192915516)\/",
    "Failed":  0,
    "HashRate_Live":  224505614.23682,
    "HashRate_Average":  22767058.925549868,
    "BlockRate_Live":  16,
    "BlockRate_Average":  14.608415285741808,
    "Diff_Live":  0,
    "Diff_Average":  0,
    "Actual24h_Week":  0,
    "Estimate24h_Week":  0,
    "ErrorRatio":  1
}
