{
    "Live":  0.00000000000005311,
    "Minute":  0.00000000000005311,
    "Minute_Fluctuation":  0,
    "Minute_5":  0.0000000000000509493800749705,
    "Minute_5_Fluctuation":  0.057601754253417924,
    "Minute_10":  0.0000000000000491382890149771,
    "Minute_10_Fluctuation":  0.070808251716535819,
    "Hour":  0.0000000000000501277105419467,
    "Hour_Fluctuation":  0.12930486831226864,
    "Day":  0.0000000000000499720870636043,
    "Day_Fluctuation":  0.19378059711754753,
    "ThreeDay":  0.0000000000000499720870636043,
    "ThreeDay_Fluctuation":  0.19378059711754753,
    "Week":  0.0000000000000499720870636043,
    "Week_Fluctuation":  0.19378059711754753,
    "Duration":  "11:44:44.0285476",
    "Updated":  "\/Date(1640192786578)\/",
    "Failed":  0,
    "HashRate_Live":  0,
    "HashRate_Average":  18406124.466938622,
    "BlockRate_Live":  0,
    "BlockRate_Average":  0.00019513201264583979,
    "Diff_Live":  0,
    "Diff_Average":  0,
    "Actual24h_Week":  0,
    "Estimate24h_Week":  0,
    "ErrorRatio":  1
}
