{
    "Live":  0.00000000000000081,
    "Minute":  0.00000000000000081,
    "Minute_Fluctuation":  0,
    "Minute_5":  0.0000000000000007690714473884,
    "Minute_5_Fluctuation":  0.14005364039534879,
    "Minute_10":  0.0000000000000006945725251796,
    "Minute_10_Fluctuation":  0.25196527481576608,
    "Hour":  0.0000000000000021464140463914,
    "Hour_Fluctuation":  0.84202391806658794,
    "Day":  0.0000000000000030798230235316,
    "Day_Fluctuation":  0.66383413491592791,
    "ThreeDay":  0.0000000000000030798230235316,
    "ThreeDay_Fluctuation":  0.66383413491592791,
    "Week":  0.0000000000000030798230235316,
    "Week_Fluctuation":  0.66383413491592791,
    "Duration":  "05:25:46.4667915",
    "Updated":  "\/Date(1640192656837)\/",
    "Failed":  0,
    "HashRate_Live":  0,
    "HashRate_Average":  2322570516.7403903,
    "BlockRate_Live":  23,
    "BlockRate_Average":  22.599354381871162,
    "Diff_Live":  0,
    "Diff_Average":  0,
    "Actual24h_Week":  0,
    "Estimate24h_Week":  0,
    "ErrorRatio":  1
}
