{
    "Live":  0.00000000000000006204,
    "Minute":  0.00000000000000006204,
    "Minute_Fluctuation":  0,
    "Minute_5":  0.0000000000000000679401139177,
    "Minute_5_Fluctuation":  0.17958197694662387,
    "Minute_10":  0.0000000000000000788573435536,
    "Minute_10_Fluctuation":  0.25353200201565407,
    "Hour":  0.0000000000000001022241611619,
    "Hour_Fluctuation":  0.40095747933599757,
    "Day":  0.0000000000000000947889659432,
    "Day_Fluctuation":  0.48434572422218658,
    "ThreeDay":  0.0000000000000000947889659432,
    "ThreeDay_Fluctuation":  0.48434572422218658,
    "Week":  0.0000000000000000947889659432,
    "Week_Fluctuation":  0.48434572422218658,
    "Duration":  "08:10:33.5816193",
    "Updated":  "\/Date(1640192461418)\/",
    "Failed":  0,
    "HashRate_Live":  0,
    "HashRate_Average":  177552831.24840468,
    "BlockRate_Live":  12,
    "BlockRate_Average":  20.197683598890219,
    "Diff_Live":  0,
    "Diff_Average":  0,
    "Actual24h_Week":  0,
    "Estimate24h_Week":  0,
    "ErrorRatio":  1
}
