{
    "Live":  0.00000026338,
    "Minute":  0.00000026338,
    "Minute_Fluctuation":  0,
    "Minute_5":  0.000000266397702533789,
    "Minute_5_Fluctuation":  0.032447896101961859,
    "Minute_10":  0.000000275722381481086,
    "Minute_10_Fluctuation":  0.079776126108246054,
    "Hour":  0.000000284921744666856,
    "Hour_Fluctuation":  0.10965545453152792,
    "Day":  0.000000307350911399642,
    "Day_Fluctuation":  0.12328390309801047,
    "ThreeDay":  0.000000307350911399642,
    "ThreeDay_Fluctuation":  0.12328390309801047,
    "Week":  0.000000307350911399642,
    "Week_Fluctuation":  0.12328390309801047,
    "Duration":  "11:44:44.0285476",
    "Updated":  "\/Date(1640192915027)\/",
    "Failed":  0,
    "HashRate_Live":  50.107951581424,
    "HashRate_Average":  568.16954307773017,
    "BlockRate_Live":  13,
    "BlockRate_Average":  12.712421336468053,
    "Diff_Live":  0,
    "Diff_Average":  0,
    "Actual24h_Week":  0,
    "Estimate24h_Week":  0,
    "ErrorRatio":  1
}
