{
    "Live":  0.00000000000016684,
    "Minute":  0.00000000000016684,
    "Minute_Fluctuation":  0,
    "Minute_5":  0.00000000000016684,
    "Minute_5_Fluctuation":  0.23350248038960536,
    "Minute_10":  0.000000000000149893156839293,
    "Minute_10_Fluctuation":  0.33342137746042755,
    "Hour":  0.00000000000017781930767847,
    "Hour_Fluctuation":  0.41547787063482156,
    "Day":  0.000000000000234216195461706,
    "Day_Fluctuation":  0.51183633466442091,
    "ThreeDay":  0.00000000000022180911638566,
    "ThreeDay_Fluctuation":  0.46209033990767018,
    "Week":  0.00000000000022180911638566,
    "Week_Fluctuation":  0.46209033990767018,
    "Duration":  "1.12:07:13.2212229",
    "Updated":  "\/Date(1640378736805)\/",
    "Failed":  0,
    "HashRate_Live":  53245683,
    "HashRate_Average":  19489082.527556293,
    "BlockRate_Live":  17,
    "BlockRate_Average":  21.565099419247602,
    "Diff_Live":  0,
    "Diff_Average":  0,
    "Actual24h_Week":  0.000432449834737756,
    "Estimate24h_Week":  0.000138711137115077,
    "ErrorRatio":  1.5
}
