{
    "Live":  0.0000000000002229,
    "Minute":  0.0000000000002229,
    "Minute_Fluctuation":  0,
    "Minute_5":  0.000000000000203250603256295,
    "Minute_5_Fluctuation":  0.12177681922769966,
    "Minute_10":  0.000000000000189426164586488,
    "Minute_10_Fluctuation":  0.10205615271880483,
    "Hour":  0.000000000000180881160929504,
    "Hour_Fluctuation":  0.083302684172726238,
    "Day":  0.000000000000279234238416242,
    "Day_Fluctuation":  0.34926336436880795,
    "ThreeDay":  0.000000000000279234238416242,
    "ThreeDay_Fluctuation":  0.34926336436880795,
    "Week":  0.000000000000279234238416242,
    "Week_Fluctuation":  0.34926336436880795,
    "Duration":  "11:44:44.0285476",
    "Updated":  "\/Date(1640192786776)\/",
    "Failed":  0,
    "HashRate_Live":  0,
    "HashRate_Average":  0,
    "BlockRate_Live":  0,
    "BlockRate_Average":  0,
    "Diff_Live":  0,
    "Diff_Average":  0,
    "Actual24h_Week":  0,
    "Estimate24h_Week":  0,
    "ErrorRatio":  1
}
