{
    "Live":  0.00000000213,
    "Minute":  0.00000000213,
    "Minute_Fluctuation":  0,
    "Minute_5":  0.00000000213,
    "Minute_5_Fluctuation":  0.019545337150544882,
    "Minute_10":  0.00000000203724527339301,
    "Minute_10_Fluctuation":  0.1313182715127888,
    "Hour":  0.00000000202567609120327,
    "Hour_Fluctuation":  0.18738927863000521,
    "Day":  0.00000000201692511130822,
    "Day_Fluctuation":  0.089700474523092918,
    "ThreeDay":  0.00000000201090190493321,
    "ThreeDay_Fluctuation":  0.076925262074201653,
    "Week":  0.00000000201090190493321,
    "Week_Fluctuation":  0.076925262074201653,
    "Duration":  "1.12:07:13.2212229",
    "Updated":  "\/Date(1640378737848)\/",
    "Failed":  0,
    "HashRate_Live":  8230,
    "HashRate_Average":  11529.165237753958,
    "BlockRate_Live":  18,
    "BlockRate_Average":  20.636557131957471,
    "Diff_Live":  0,
    "Diff_Average":  0,
    "Actual24h_Week":  0.000000635922917055826,
    "Estimate24h_Week":  0.000000809309512213308,
    "ErrorRatio":  0.917779305423972
}
