{
    "Live":  0.00000000000024722,
    "Minute":  0.00000000000024722,
    "Minute_Fluctuation":  0,
    "Minute_5":  0.00000000000024722,
    "Minute_5_Fluctuation":  0.13026469627626353,
    "Minute_10":  0.000000000000271869491464501,
    "Minute_10_Fluctuation":  0.23839406703722882,
    "Hour":  0.000000000000214019846675998,
    "Hour_Fluctuation":  0.49160816021168541,
    "Day":  0.000000000000199194232241463,
    "Day_Fluctuation":  0.51629144057236087,
    "ThreeDay":  0.000000000000199194232241463,
    "ThreeDay_Fluctuation":  0.51629144057236087,
    "Week":  0.000000000000199194232241463,
    "Week_Fluctuation":  0.51629144057236087,
    "Duration":  "01:57:45.1172596",
    "Updated":  "\/Date(1640378734575)\/",
    "Failed":  0,
    "HashRate_Live":  27326529,
    "HashRate_Average":  23383488.329684161,
    "BlockRate_Live":  381,
    "BlockRate_Average":  135.85888126051361,
    "Diff_Live":  0,
    "Diff_Average":  0,
    "Actual24h_Week":  0.000104974682922367,
    "Estimate24h_Week":  0.000144096808923432,
    "ErrorRatio":  0.993693889499673
}
