{
    "Live":  0.00000000000041949,
    "Minute":  0.00000000000041949,
    "Minute_Fluctuation":  0,
    "Minute_5":  0.000000000000422385604479572,
    "Minute_5_Fluctuation":  0.04399671916136335,
    "Minute_10":  0.000000000000407962035799523,
    "Minute_10_Fluctuation":  0.092531979946141221,
    "Hour":  0.000000000000449161445054289,
    "Hour_Fluctuation":  0.1949791315790354,
    "Day":  0.000000000000374544834666422,
    "Day_Fluctuation":  0.65294105221704235,
    "ThreeDay":  0.000000000000374544834666422,
    "ThreeDay_Fluctuation":  0.65294105221704246,
    "Week":  0.000000000000374544834666422,
    "Week_Fluctuation":  0.65294105221704246,
    "Duration":  "11:44:44.0285476",
    "Updated":  "\/Date(1640192786984)\/",
    "Failed":  0,
    "HashRate_Live":  0,
    "HashRate_Average":  26818027.868658483,
    "BlockRate_Live":  748,
    "BlockRate_Average":  748.98861238955942,
    "Diff_Live":  0,
    "Diff_Average":  0,
    "Actual24h_Week":  0,
    "Estimate24h_Week":  0,
    "ErrorRatio":  1
}
