{
    "Live":  0.00000000019418722,
    "Minute":  0.00000000019418722,
    "Minute_Fluctuation":  0,
    "Minute_5":  0.000000000195568846192205,
    "Minute_5_Fluctuation":  0.012115366658517895,
    "Minute_10":  0.000000000199035368304667,
    "Minute_10_Fluctuation":  0.04147233291267885,
    "Hour":  0.00000000022954494560589,
    "Hour_Fluctuation":  0.13073550491800073,
    "Day":  0.000000000238871156290788,
    "Day_Fluctuation":  0.13175136819378491,
    "ThreeDay":  0.000000000238871156290788,
    "ThreeDay_Fluctuation":  0.13175136819378494,
    "Week":  0.000000000238871156290788,
    "Week_Fluctuation":  0.13175136819378491,
    "Duration":  "02:10:58.8556207",
    "Updated":  "\/Date(1640192787164)\/",
    "Failed":  0,
    "HashRate_Live":  0,
    "HashRate_Average":  0,
    "BlockRate_Live":  0,
    "BlockRate_Average":  0,
    "Diff_Live":  0,
    "Diff_Average":  0,
    "Actual24h_Week":  0,
    "Estimate24h_Week":  0,
    "ErrorRatio":  1
}
