{
    "Live":  0.00000000000000009875,
    "Minute":  0.00000000000000009875,
    "Minute_Fluctuation":  0,
    "Minute_5":  0.0000000000000000987534315313,
    "Minute_5_Fluctuation":  0.00010356466707948162,
    "Minute_10":  0.0000000000000000987571836078,
    "Minute_10_Fluctuation":  0.00014308961268419605,
    "Hour":  0.0000000000000001024758754579,
    "Hour_Fluctuation":  0.083016624436331871,
    "Day":  0.0000000000000001235665773365,
    "Day_Fluctuation":  0.10824377284600982,
    "ThreeDay":  0.0000000000000001235665773365,
    "ThreeDay_Fluctuation":  0.10824377284600982,
    "Week":  0.0000000000000001235665773365,
    "Week_Fluctuation":  0.10824377284600982,
    "Duration":  "11:44:44.0285476",
    "Updated":  "\/Date(1640192916023)\/",
    "Failed":  0,
    "HashRate_Live":  17621506354.49,
    "HashRate_Average":  29884771688.854137,
    "BlockRate_Live":  8,
    "BlockRate_Average":  7.9270175703072638,
    "Diff_Live":  0,
    "Diff_Average":  0,
    "Actual24h_Week":  0,
    "Estimate24h_Week":  0,
    "ErrorRatio":  1
}
