{
    "Live":  0.00000000079883,
    "Minute":  0.00000000079883,
    "Minute_Fluctuation":  0,
    "Minute_5":  0.000000000795454706681265,
    "Minute_5_Fluctuation":  0.011265901772527828,
    "Minute_10":  0.000000000784386869597989,
    "Minute_10_Fluctuation":  0.031182244452654054,
    "Hour":  0.000000000727812627540854,
    "Hour_Fluctuation":  0.051751725191881058,
    "Day":  0.000000000744208999433798,
    "Day_Fluctuation":  0.070677403682648063,
    "ThreeDay":  0.000000000744208999433798,
    "ThreeDay_Fluctuation":  0.070677403682648063,
    "Week":  0.000000000744208999433798,
    "Week_Fluctuation":  0.070677403682648063,
    "Duration":  "11:44:44.0285476",
    "Updated":  "\/Date(1640192915642)\/",
    "Failed":  0,
    "HashRate_Live":  636111.30661772,
    "HashRate_Average":  29983.634557558606,
    "BlockRate_Live":  3,
    "BlockRate_Average":  3.0003902640252922,
    "Diff_Live":  0,
    "Diff_Average":  0,
    "Actual24h_Week":  0,
    "Estimate24h_Week":  0,
    "ErrorRatio":  1
}
