{
    "Live":  0.00000000000000557873,
    "Minute":  0.00000000000000557873,
    "Minute_Fluctuation":  0,
    "Minute_5":  0.00000000000000557873,
    "Minute_5_Fluctuation":  0.13682557763763306,
    "Minute_10":  0.0000000000000049316364921232,
    "Minute_10_Fluctuation":  0.33613743253186151,
    "Hour":  0.0000000000000035864848438047,
    "Hour_Fluctuation":  0.3075867653818094,
    "Day":  0.0000000000000052952317213434,
    "Day_Fluctuation":  0.1731145781569236,
    "ThreeDay":  0.0000000000000054868589268137,
    "ThreeDay_Fluctuation":  0.14975375054277529,
    "Week":  0.0000000000000054868589268137,
    "Week_Fluctuation":  0.14975375054277529,
    "Duration":  "1.12:07:13.2212229",
    "Updated":  "\/Date(1640378734861)\/",
    "Failed":  0,
    "HashRate_Live":  215307510443,
    "HashRate_Average":  172341315614.26929,
    "BlockRate_Live":  304,
    "BlockRate_Average":  115.90677899964479,
    "Diff_Live":  0,
    "Diff_Average":  0,
    "Actual24h_Week":  0.001847250577688,
    "Estimate24h_Week":  0.00130621264504936,
    "ErrorRatio":  1.15896228578585
}
