{
    "Live":  0.00000000000023614,
    "Minute":  0.00000000000023614,
    "Minute_Fluctuation":  0,
    "Minute_5":  0.000000000000235332377821892,
    "Minute_5_Fluctuation":  0.0076736055540530769,
    "Minute_10":  0.000000000000235741995979885,
    "Minute_10_Fluctuation":  0.015233976078937155,
    "Hour":  0.000000000000253134520675213,
    "Hour_Fluctuation":  0.075797833172281309,
    "Day":  0.0000000000002676534969279,
    "Day_Fluctuation":  0.12414746144976251,
    "ThreeDay":  0.0000000000002676534969279,
    "ThreeDay_Fluctuation":  0.12414746144976251,
    "Week":  0.0000000000002676534969279,
    "Week_Fluctuation":  0.12414746144976251,
    "Duration":  "11:44:44.0285476",
    "Updated":  "\/Date(1640192914927)\/",
    "Failed":  0,
    "HashRate_Live":  23649481501.18,
    "HashRate_Average":  22340564966.325916,
    "BlockRate_Live":  461,
    "BlockRate_Average":  460.78742855936082,
    "Diff_Live":  0,
    "Diff_Average":  0,
    "Actual24h_Week":  0,
    "Estimate24h_Week":  0,
    "ErrorRatio":  1
}
