{
    "Live":  0.00000000000005938,
    "Minute":  0.00000000000005938,
    "Minute_Fluctuation":  0,
    "Minute_5":  0.000000000000057233012055132,
    "Minute_5_Fluctuation":  0.067303910895523178,
    "Minute_10":  0.0000000000000543784575622114,
    "Minute_10_Fluctuation":  0.08955410455472472,
    "Hour":  0.0000000000000453949060441321,
    "Hour_Fluctuation":  0.12498410795691606,
    "Day":  0.000000000000048406416708019,
    "Day_Fluctuation":  0.12135708031581674,
    "ThreeDay":  0.000000000000048406416708019,
    "ThreeDay_Fluctuation":  0.12135708031581674,
    "Week":  0.000000000000048406416708019,
    "Week_Fluctuation":  0.12135708031581674,
    "Duration":  "11:44:44.0285476",
    "Updated":  "\/Date(1640192915328)\/",
    "Failed":  0,
    "HashRate_Live":  0,
    "HashRate_Average":  18307.966313615827,
    "BlockRate_Live":  0,
    "BlockRate_Average":  0.063666504760472309,
    "Diff_Live":  0,
    "Diff_Average":  0,
    "Actual24h_Week":  0,
    "Estimate24h_Week":  0,
    "ErrorRatio":  1
}
