{
    "Live":  0.00000000000009936,
    "Minute":  0.00000000000009936,
    "Minute_Fluctuation":  0,
    "Minute_5":  0.0000000000000989882440125629,
    "Minute_5_Fluctuation":  0.00955590956161822,
    "Minute_10":  0.0000000000000980240741667091,
    "Minute_10_Fluctuation":  0.019656165453602534,
    "Hour":  0.000000000000099191908615037,
    "Hour_Fluctuation":  0.047768922852982447,
    "Day":  0.000000000000108385583585632,
    "Day_Fluctuation":  0.11438622843897095,
    "ThreeDay":  0.000000000000108385583585632,
    "ThreeDay_Fluctuation":  0.11438622843897095,
    "Week":  0.000000000000108385583585632,
    "Week_Fluctuation":  0.11438622843897095,
    "Duration":  "11:44:44.0285476",
    "Updated":  "\/Date(1640192915370)\/",
    "Failed":  0,
    "HashRate_Live":  41227748540.853,
    "HashRate_Average":  28226669202.933556,
    "BlockRate_Live":  206,
    "BlockRate_Average":  210.682429130749,
    "Diff_Live":  0,
    "Diff_Average":  0,
    "Actual24h_Week":  0,
    "Estimate24h_Week":  0,
    "ErrorRatio":  1
}
