{
    "Live":  0.00000000198581,
    "Minute":  0.00000000198581,
    "Minute_Fluctuation":  0,
    "Minute_5":  0.00000000198581,
    "Minute_5_Fluctuation":  0.017437142844814135,
    "Minute_10":  0.00000000202598829072026,
    "Minute_10_Fluctuation":  0.097834303808882722,
    "Hour":  0.00000000328814893509973,
    "Hour_Fluctuation":  0.29632935514148129,
    "Day":  0.0000000040512643514261,
    "Day_Fluctuation":  0.098044784588985065,
    "ThreeDay":  0.00000000404451817882784,
    "ThreeDay_Fluctuation":  0.081726813114990041,
    "Week":  0.00000000404451817882784,
    "Week_Fluctuation":  0.081726813114990041,
    "Duration":  "1.12:07:13.2212229",
    "Updated":  "\/Date(1640378733656)\/",
    "Failed":  0,
    "HashRate_Live":  199556,
    "HashRate_Average":  171670.4957575704,
    "BlockRate_Live":  243,
    "BlockRate_Average":  303.16650733815209,
    "Diff_Live":  0,
    "Diff_Average":  0,
    "Actual24h_Week":  0.00159375520834097,
    "Estimate24h_Week":  0.00176149575601884,
    "ErrorRatio":  0.96345426309953
}
