{
    "Live":  0.00000000000000863,
    "Minute":  0.00000000000000863,
    "Minute_Fluctuation":  0,
    "Minute_5":  0.0000000000000210821424978659,
    "Minute_5_Fluctuation":  0.76098675957772788,
    "Minute_10":  0.0000000000000862022909581504,
    "Minute_10_Fluctuation":  0.826922397105055,
    "Hour":  0.0000000000001717943369176,
    "Hour_Fluctuation":  0.95651674114976648,
    "Day":  0.000000000000128755183178992,
    "Day_Fluctuation":  0.777903018390587,
    "ThreeDay":  0.000000000000128755183178992,
    "ThreeDay_Fluctuation":  0.777903018390587,
    "Week":  0.000000000000128755183178993,
    "Week_Fluctuation":  0.77790301839058651,
    "Duration":  "08:23:17.8969186",
    "Updated":  "\/Date(1640192915391)\/",
    "Failed":  0,
    "HashRate_Live":  105598929.25099,
    "HashRate_Average":  68104803.628517687,
    "BlockRate_Live":  23,
    "BlockRate_Average":  21.873193097014543,
    "Diff_Live":  0,
    "Diff_Average":  0,
    "Actual24h_Week":  0,
    "Estimate24h_Week":  0,
    "ErrorRatio":  1
}
