{
    "Live":  0.00000000102,
    "Minute":  0.00000000102,
    "Minute_Fluctuation":  0,
    "Minute_5":  0.000000000992618695707517,
    "Minute_5_Fluctuation":  0.10134120878076285,
    "Minute_10":  0.00000000091609124377998,
    "Minute_10_Fluctuation":  0.18337146728858017,
    "Hour":  0.00000000070679334100558,
    "Hour_Fluctuation":  0.28333738001807784,
    "Day":  0.000000000764444710915842,
    "Day_Fluctuation":  0.23590090601846544,
    "ThreeDay":  0.000000000764444710915842,
    "ThreeDay_Fluctuation":  0.23590090601846542,
    "Week":  0.000000000764444710915842,
    "Week_Fluctuation":  0.23590090601846544,
    "Duration":  "11:44:44.0285476",
    "Updated":  "\/Date(1640192786833)\/",
    "Failed":  0,
    "HashRate_Live":  0,
    "HashRate_Average":  0,
    "BlockRate_Live":  2,
    "BlockRate_Average":  2.0142894832344718,
    "Diff_Live":  0,
    "Diff_Average":  0,
    "Actual24h_Week":  0,
    "Estimate24h_Week":  0,
    "ErrorRatio":  1
}
