{
    "Live":  0.00000000073,
    "Minute":  0.00000000073,
    "Minute_Fluctuation":  0,
    "Minute_5":  0.000000000693980418756246,
    "Minute_5_Fluctuation":  0.11828829091972759,
    "Minute_10":  0.000000000620915799683807,
    "Minute_10_Fluctuation":  0.2949431336002214,
    "Hour":  0.000000000373029374429524,
    "Hour_Fluctuation":  0.62568307352586838,
    "Day":  0.000000000320659409475005,
    "Day_Fluctuation":  0.63867908419215325,
    "ThreeDay":  0.000000000320659409475005,
    "ThreeDay_Fluctuation":  0.63867908419215325,
    "Week":  0.000000000320659409475005,
    "Week_Fluctuation":  0.63867908419215325,
    "Duration":  "02:28:35.6193716",
    "Updated":  "\/Date(1640192915416)\/",
    "Failed":  0,
    "HashRate_Live":  37217.681189686,
    "HashRate_Average":  5431.9443149582139,
    "BlockRate_Live":  17,
    "BlockRate_Average":  17.034481081098974,
    "Diff_Live":  0,
    "Diff_Average":  0,
    "Actual24h_Week":  0,
    "Estimate24h_Week":  0,
    "ErrorRatio":  1
}
