{
    "Live":  0.00000000229,
    "Minute":  0.00000000229,
    "Minute_Fluctuation":  0,
    "Minute_5":  0.00000000229,
    "Minute_5_Fluctuation":  0.0017387563265784303,
    "Minute_10":  0.00000000218991857663652,
    "Minute_10_Fluctuation":  0.23973899507482122,
    "Hour":  0.00000000122625512237418,
    "Hour_Fluctuation":  0.46340346327172743,
    "Day":  0.000000000948130665176091,
    "Day_Fluctuation":  0.089805581953608229,
    "ThreeDay":  0.000000000955861998281563,
    "ThreeDay_Fluctuation":  0.072177278319353028,
    "Week":  0.000000000955861998281563,
    "Week_Fluctuation":  0.072177278319353042,
    "Duration":  "1.12:07:13.2212229",
    "Updated":  "\/Date(1640378730946)\/",
    "Failed":  0,
    "HashRate_Live":  81647,
    "HashRate_Average":  75214.114818207483,
    "BlockRate_Live":  222,
    "BlockRate_Average":  121.58799409211753,
    "Diff_Live":  0,
    "Diff_Average":  0,
    "Actual24h_Week":  0.000000360359689109121,
    "Estimate24h_Week":  0.00000038671691368748,
    "ErrorRatio":  0.973843069539082
}
