{
    "Live":  0.00000000000000000112838,
    "Minute":  0.00000000000000000112838,
    "Minute_Fluctuation":  0,
    "Minute_5":  0.0000000000000000011283616438,
    "Minute_5_Fluctuation":  7.7150754945227946E-05,
    "Minute_10":  0.0000000000000000011281756178,
    "Minute_10_Fluctuation":  0.00049780415551265486,
    "Hour":  0.0000000000000000011324781723,
    "Hour_Fluctuation":  0.012002755332622735,
    "Day":  0.000000000000000001162276283,
    "Day_Fluctuation":  0.015102961456373565,
    "ThreeDay":  0.000000000000000001162276283,
    "ThreeDay_Fluctuation":  0.015102961456373565,
    "Week":  0.000000000000000001162276283,
    "Week_Fluctuation":  0.015102961456373565,
    "Duration":  "11:44:44.0285476",
    "Updated":  "\/Date(1640191944758)\/",
    "Failed":  0,
    "HashRate_Live":  0,
    "HashRate_Average":  32066028.007663473,
    "BlockRate_Live":  0,
    "BlockRate_Average":  0,
    "Diff_Live":  0,
    "Diff_Average":  0,
    "Actual24h_Week":  0,
    "Estimate24h_Week":  0,
    "ErrorRatio":  1
}
