{
    "Live":  0.00000000000000507,
    "Minute":  0.00000000000000507,
    "Minute_Fluctuation":  0,
    "Minute_5":  0.0000000000000047800207907864,
    "Minute_5_Fluctuation":  0.153834354373863,
    "Minute_10":  0.000000000000004208332021784,
    "Minute_10_Fluctuation":  0.29771384849632948,
    "Hour":  0.0000000000000031553874328789,
    "Hour_Fluctuation":  0.33759384245715773,
    "Day":  0.000000000000003629787061157,
    "Day_Fluctuation":  0.27166067488496765,
    "ThreeDay":  0.000000000000003629787061157,
    "ThreeDay_Fluctuation":  0.27166067488496759,
    "Week":  0.000000000000003629787061157,
    "Week_Fluctuation":  0.27166067488496765,
    "Duration":  "11:44:44.0285476",
    "Updated":  "\/Date(1640192657476)\/",
    "Failed":  0,
    "HashRate_Live":  0,
    "HashRate_Average":  22471.673191692902,
    "BlockRate_Live":  0,
    "BlockRate_Average":  0,
    "Diff_Live":  0,
    "Diff_Average":  0,
    "Actual24h_Week":  0,
    "Estimate24h_Week":  0,
    "ErrorRatio":  1
}
