{
    "Live":  0.00000000255,
    "Minute":  0.00000000255,
    "Minute_Fluctuation":  0,
    "Minute_5":  0.00000000244175764947782,
    "Minute_5_Fluctuation":  0.045503273814170117,
    "Minute_10":  0.00000000241997392181611,
    "Minute_10_Fluctuation":  0.049640782298437269,
    "Hour":  0.00000000228411206881832,
    "Hour_Fluctuation":  0.1368277477572124,
    "Day":  0.00000000174331772351758,
    "Day_Fluctuation":  0.028492264833792753,
    "ThreeDay":  0.00000000173919821810879,
    "ThreeDay_Fluctuation":  0.026170491354579196,
    "Week":  0.00000000173919821810879,
    "Week_Fluctuation":  0.026170491354579196,
    "Duration":  "1.03:16:07.2560019",
    "Updated":  "\/Date(1640108971669)\/",
    "Failed":  0,
    "HashRate_Live":  7161,
    "HashRate_Average":  6512.49299693626,
    "BlockRate_Live":  10,
    "BlockRate_Average":  10.296142924040497,
    "Diff_Live":  0,
    "Diff_Average":  0,
    "Actual24h_Week":  0.000000240002424571392,
    "Estimate24h_Week":  0.000000273127963295861,
    "ErrorRatio":  0.96382379068311
}
