{
    "Live":  0.00000000000006856,
    "Minute":  0.00000000000006856,
    "Minute_Fluctuation":  0,
    "Minute_5":  0.0000000000000743642820903304,
    "Minute_5_Fluctuation":  0.15365752317793116,
    "Minute_10":  0.0000000000000766190396655043,
    "Minute_10_Fluctuation":  0.17042415775155395,
    "Hour":  0.0000000000000707645374184272,
    "Hour_Fluctuation":  0.11604056136233463,
    "Day":  0.0000000000000716715660911997,
    "Day_Fluctuation":  0.1204799464527241,
    "ThreeDay":  0.0000000000000716715660911997,
    "ThreeDay_Fluctuation":  0.1204799464527241,
    "Week":  0.0000000000000716715660911997,
    "Week_Fluctuation":  0.12047994645272411,
    "Duration":  "11:44:44.0285476",
    "Updated":  "\/Date(1640192915187)\/",
    "Failed":  0,
    "HashRate_Live":  313874420.42197,
    "HashRate_Average":  770646295.66243768,
    "BlockRate_Live":  1,
    "BlockRate_Average":  1,
    "Diff_Live":  0,
    "Diff_Average":  0,
    "Actual24h_Week":  0,
    "Estimate24h_Week":  0,
    "ErrorRatio":  1
}
