{
    "Live":  0.00000000000042,
    "Minute":  0.00000000000042,
    "Minute_Fluctuation":  0,
    "Minute_5":  0.000000000000396005648234468,
    "Minute_5_Fluctuation":  0.12651200572200832,
    "Minute_10":  0.000000000000352796368304997,
    "Minute_10_Fluctuation":  0.30697247035173192,
    "Hour":  0.000000000000267491467252587,
    "Hour_Fluctuation":  0.53633058656613031,
    "Day":  0.000000000000264298072988835,
    "Day_Fluctuation":  0.59209521409989507,
    "ThreeDay":  0.000000000000264298072988835,
    "ThreeDay_Fluctuation":  0.59209521409989507,
    "Week":  0.000000000000264298072988835,
    "Week_Fluctuation":  0.59209521409989507,
    "Duration":  "02:04:08.0928824",
    "Updated":  "\/Date(1640192786338)\/",
    "Failed":  0,
    "HashRate_Live":  0,
    "HashRate_Average":  14391507.38507947,
    "BlockRate_Live":  16,
    "BlockRate_Average":  15.863743606787164,
    "Diff_Live":  0,
    "Diff_Average":  0,
    "Actual24h_Week":  0,
    "Estimate24h_Week":  0,
    "ErrorRatio":  1
}
