{
    "Live":  0.0000039185306,
    "Minute":  0.0000039185306,
    "Minute_Fluctuation":  0,
    "Minute_5":  0.00000426870285088115,
    "Minute_5_Fluctuation":  0.11355569884800192,
    "Minute_10":  0.00000454862582954988,
    "Minute_10_Fluctuation":  0.14094780217107758,
    "Hour":  0.00000500515485392825,
    "Hour_Fluctuation":  0.18871475153469161,
    "Day":  0.0000050379814315287,
    "Day_Fluctuation":  0.19256859922403302,
    "ThreeDay":  0.0000050379814315287,
    "ThreeDay_Fluctuation":  0.19256859922403302,
    "Week":  0.0000050379814315287,
    "Week_Fluctuation":  0.19256859922403302,
    "Duration":  "02:10:58.8556207",
    "Updated":  "\/Date(1640192787168)\/",
    "Failed":  0,
    "HashRate_Live":  0,
    "HashRate_Average":  0,
    "BlockRate_Live":  0,
    "BlockRate_Average":  0,
    "Diff_Live":  0,
    "Diff_Average":  0,
    "Actual24h_Week":  0,
    "Estimate24h_Week":  0,
    "ErrorRatio":  1
}
