{
    "Live":  0.00000000104,
    "Minute":  0.00000000104,
    "Minute_Fluctuation":  0,
    "Minute_5":  0.0000000010302555609578,
    "Minute_5_Fluctuation":  0.017640992356469945,
    "Minute_10":  0.00000000101379233512056,
    "Minute_10_Fluctuation":  0.038715253069268957,
    "Hour":  0.000000000841640090326404,
    "Hour_Fluctuation":  0.19762777738314263,
    "Day":  0.000000000860444144096482,
    "Day_Fluctuation":  0.12416347128912165,
    "ThreeDay":  0.000000000860444144096482,
    "ThreeDay_Fluctuation":  0.12416347128912165,
    "Week":  0.000000000860444144096482,
    "Week_Fluctuation":  0.12416347128912165,
    "Duration":  "11:44:44.0285476",
    "Updated":  "\/Date(1640192915627)\/",
    "Failed":  0,
    "HashRate_Live":  37330.424080979,
    "HashRate_Average":  233481.39067562754,
    "BlockRate_Live":  3,
    "BlockRate_Average":  3.3636001735001315,
    "Diff_Live":  0,
    "Diff_Average":  0,
    "Actual24h_Week":  0,
    "Estimate24h_Week":  0,
    "ErrorRatio":  1
}
