{
    "Live":  0.00000000000000071,
    "Minute":  0.00000000000000071,
    "Minute_Fluctuation":  0,
    "Minute_5":  0.0000000000000007120467778905,
    "Minute_5_Fluctuation":  0.01706563436409507,
    "Minute_10":  0.0000000000000007592602463587,
    "Minute_10_Fluctuation":  0.16069547322151398,
    "Hour":  0.0000000000000012005920157196,
    "Hour_Fluctuation":  0.33272730390262495,
    "Day":  0.0000000000000014385608758816,
    "Day_Fluctuation":  0.30913743414630068,
    "ThreeDay":  0.0000000000000014385608758816,
    "ThreeDay_Fluctuation":  0.30913743414630068,
    "Week":  0.0000000000000014385608758816,
    "Week_Fluctuation":  0.30913743414630068,
    "Duration":  "03:17:07.2560019",
    "Updated":  "\/Date(1640107526355)\/",
    "Failed":  0,
    "HashRate_Live":  0,
    "HashRate_Average":  7923752054.9212008,
    "BlockRate_Live":  454,
    "BlockRate_Average":  450.3693919824014,
    "Diff_Live":  0,
    "Diff_Average":  0,
    "Actual24h_Week":  0,
    "Estimate24h_Week":  0,
    "ErrorRatio":  1
}
