{
    "Live":  0.00000000000006639,
    "Minute":  0.00000000000006639,
    "Minute_Fluctuation":  0,
    "Minute_5":  0.0000000000000665842885635894,
    "Minute_5_Fluctuation":  0.00384849746159961,
    "Minute_10":  0.0000000000000665289931357855,
    "Minute_10_Fluctuation":  0.0030736054417817953,
    "Hour":  0.0000000000000660883688286164,
    "Hour_Fluctuation":  0.006819962393472395,
    "Day":  0.0000000000000652419901414836,
    "Day_Fluctuation":  0.00785217517294982,
    "ThreeDay":  0.0000000000000652419901414836,
    "ThreeDay_Fluctuation":  0.007852175172949824,
    "Week":  0.0000000000000652419901414836,
    "Week_Fluctuation":  0.00785217517294982,
    "Duration":  "11:44:44.0285476",
    "Updated":  "\/Date(1640192915654)\/",
    "Failed":  0,
    "HashRate_Live":  0,
    "HashRate_Average":  0,
    "BlockRate_Live":  0,
    "BlockRate_Average":  0,
    "Diff_Live":  0,
    "Diff_Average":  0,
    "Actual24h_Week":  0,
    "Estimate24h_Week":  0,
    "ErrorRatio":  1
}
