{
    "Live":  0.00000000000002836,
    "Minute":  0.00000000000002836,
    "Minute_Fluctuation":  0,
    "Minute_5":  0.0000000000000283595211279024,
    "Minute_5_Fluctuation":  8.0084726612077311E-05,
    "Minute_10":  0.0000000000000283546572224358,
    "Minute_10_Fluctuation":  0.00051767409775068556,
    "Hour":  0.0000000000000282124874743616,
    "Hour_Fluctuation":  0.0060209227854093545,
    "Day":  0.0000000000000289998825615662,
    "Day_Fluctuation":  0.040222847732470965,
    "ThreeDay":  0.0000000000000289998825615662,
    "ThreeDay_Fluctuation":  0.040222847732470965,
    "Week":  0.0000000000000289998825615662,
    "Week_Fluctuation":  0.040222847732470965,
    "Duration":  "11:44:44.0285476",
    "Updated":  "\/Date(1640191945379)\/",
    "Failed":  0,
    "HashRate_Live":  0,
    "HashRate_Average":  0,
    "BlockRate_Live":  0,
    "BlockRate_Average":  0,
    "Diff_Live":  0,
    "Diff_Average":  0,
    "Actual24h_Week":  0,
    "Estimate24h_Week":  0,
    "ErrorRatio":  1
}
