{
    "Live":  0.00000000000000006952,
    "Minute":  0.00000000000000006952,
    "Minute_Fluctuation":  0,
    "Minute_5":  0.0000000000000000659797479362,
    "Minute_5_Fluctuation":  0.14176433818879941,
    "Minute_10":  0.0000000000000000581939068431,
    "Minute_10_Fluctuation":  0.3277153465601384,
    "Hour":  0.0000000000000000303252205004,
    "Hour_Fluctuation":  0.72390530326709945,
    "Day":  0.0000000000000000213774113641,
    "Day_Fluctuation":  0.672125817232118,
    "ThreeDay":  0.0000000000000000213774113641,
    "ThreeDay_Fluctuation":  0.67212581723211806,
    "Week":  0.0000000000000000213774113641,
    "Week_Fluctuation":  0.672125817232118,
    "Duration":  "11:44:44.0285476",
    "Updated":  "\/Date(1640192915400)\/",
    "Failed":  0,
    "HashRate_Live":  909268555079.28,
    "HashRate_Average":  51591429838.273392,
    "BlockRate_Live":  16,
    "BlockRate_Average":  14.942674237760979,
    "Diff_Live":  0,
    "Diff_Average":  0,
    "Actual24h_Week":  0,
    "Estimate24h_Week":  0,
    "ErrorRatio":  1
}
