{
    "Live":  0.00000000000071963,
    "Minute":  0.00000000000071963,
    "Minute_Fluctuation":  0,
    "Minute_5":  0.000000000000748083679575721,
    "Minute_5_Fluctuation":  0.060671296754631239,
    "Minute_10":  0.000000000000770865987330308,
    "Minute_10_Fluctuation":  0.073692589215285,
    "Hour":  0.000000000000737976640289555,
    "Hour_Fluctuation":  0.10236866815962208,
    "Day":  0.000000000000680095923062933,
    "Day_Fluctuation":  0.12010607016868116,
    "ThreeDay":  0.000000000000680095923062933,
    "ThreeDay_Fluctuation":  0.12010607016868118,
    "Week":  0.000000000000680095923062933,
    "Week_Fluctuation":  0.12010607016868118,
    "Duration":  "11:44:44.0285476",
    "Updated":  "\/Date(1640192914970)\/",
    "Failed":  0,
    "HashRate_Live":  15257002017.659,
    "HashRate_Average":  9908307826.0264244,
    "BlockRate_Live":  370,
    "BlockRate_Average":  366.1763126767205,
    "Diff_Live":  0,
    "Diff_Average":  0,
    "Actual24h_Week":  0,
    "Estimate24h_Week":  0,
    "ErrorRatio":  1
}
