{
    "Live":  0.00000000000000362,
    "Minute":  0.00000000000000362,
    "Minute_Fluctuation":  0,
    "Minute_5":  0.0000000000000030991712571261,
    "Minute_5_Fluctuation":  0.46807478333723068,
    "Minute_10":  0.0000000000000026017935368925,
    "Minute_10_Fluctuation":  0.60277614355611342,
    "Hour":  0.0000000000000015623253319732,
    "Hour_Fluctuation":  0.73744175922281785,
    "Day":  0.0000000000000012232173988998,
    "Day_Fluctuation":  0.54441607904507261,
    "ThreeDay":  0.0000000000000012232173988998,
    "ThreeDay_Fluctuation":  0.54441607904507261,
    "Week":  0.0000000000000012232173988998,
    "Week_Fluctuation":  0.54441607904507261,
    "Duration":  "10:42:30.5386291",
    "Updated":  "\/Date(1640192656567)\/",
    "Failed":  0,
    "HashRate_Live":  0,
    "HashRate_Average":  0,
    "BlockRate_Live":  0,
    "BlockRate_Average":  0.00454640216252391,
    "Diff_Live":  0,
    "Diff_Average":  0,
    "Actual24h_Week":  0,
    "Estimate24h_Week":  0,
    "ErrorRatio":  1
}
