{
    "Live":  0.00000000102348,
    "Minute":  0.00000000102348,
    "Minute_Fluctuation":  0,
    "Minute_5":  0.00000000102348,
    "Minute_5_Fluctuation":  0.0002504545386117779,
    "Minute_10":  0.00000000101792508370619,
    "Minute_10_Fluctuation":  0.020880579295145953,
    "Hour":  0.000000000952922669985852,
    "Hour_Fluctuation":  0.035296975781818785,
    "Day":  0.000000000905173910814291,
    "Day_Fluctuation":  0.01629446660868366,
    "ThreeDay":  0.000000000905173910814291,
    "ThreeDay_Fluctuation":  0.01629446660868366,
    "Week":  0.000000000905173910814291,
    "Week_Fluctuation":  0.01629446660868366,
    "Duration":  "11:57:12.5907376",
    "Updated":  "\/Date(1640378737937)\/",
    "Failed":  0,
    "HashRate_Live":  7388,
    "HashRate_Average":  7448.9037772202455,
    "BlockRate_Live":  0,
    "BlockRate_Average":  0,
    "Diff_Live":  0,
    "Diff_Average":  0,
    "Actual24h_Week":  0,
    "Estimate24h_Week":  0.00104941288623007,
    "ErrorRatio":  0.862759033632037
}
