{
    "Live":  0.00000000000096,
    "Minute":  0.00000000000096,
    "Minute_Fluctuation":  0,
    "Minute_5":  0.00000000000096955213804016,
    "Minute_5_Fluctuation":  0.02985264033196686,
    "Minute_10":  0.000000000000979126084774237,
    "Minute_10_Fluctuation":  0.049297870384459562,
    "Hour":  0.000000000000950669623343732,
    "Hour_Fluctuation":  0.11315969796650267,
    "Day":  0.000000000000881520373221736,
    "Day_Fluctuation":  0.13026030543708034,
    "ThreeDay":  0.000000000000881520373221736,
    "ThreeDay_Fluctuation":  0.13026030543708034,
    "Week":  0.000000000000881520373221736,
    "Week_Fluctuation":  0.13026030543708034,
    "Duration":  "11:44:44.0285476",
    "Updated":  "\/Date(1640192915747)\/",
    "Failed":  0,
    "HashRate_Live":  656966787.53075,
    "HashRate_Average":  682824449.29275954,
    "BlockRate_Live":  76,
    "BlockRate_Average":  75.499969003851248,
    "Diff_Live":  0,
    "Diff_Average":  0,
    "Actual24h_Week":  0,
    "Estimate24h_Week":  0,
    "ErrorRatio":  1
}
