{
    "Live":  0.00000000000000396,
    "Minute":  0.00000000000000396,
    "Minute_Fluctuation":  0,
    "Minute_5":  0.0000000000000039659150210285,
    "Minute_5_Fluctuation":  0.0052938889237389986,
    "Minute_10":  0.0000000000000039600957416232,
    "Minute_10_Fluctuation":  0.0054513514421660669,
    "Hour":  0.000000000000003920872671867,
    "Hour_Fluctuation":  0.017895342987603848,
    "Day":  0.0000000000000039254168536437,
    "Day_Fluctuation":  0.020483816470523261,
    "ThreeDay":  0.0000000000000039254168536437,
    "ThreeDay_Fluctuation":  0.020483816470523261,
    "Week":  0.0000000000000039254168536437,
    "Week_Fluctuation":  0.020483816470523261,
    "Duration":  "11:44:44.0285476",
    "Updated":  "\/Date(1640192915734)\/",
    "Failed":  0,
    "HashRate_Live":  17396385013.742,
    "HashRate_Average":  15876510417.092854,
    "BlockRate_Live":  33,
    "BlockRate_Average":  34.071706108332805,
    "Diff_Live":  0,
    "Diff_Average":  0,
    "Actual24h_Week":  0,
    "Estimate24h_Week":  0,
    "ErrorRatio":  1
}
