{
    "Live":  0.00000000000014,
    "Minute":  0.00000000000014,
    "Minute_Fluctuation":  0,
    "Minute_5":  0.00000000000014,
    "Minute_5_Fluctuation":  0,
    "Minute_10":  0.00000000000014,
    "Minute_10_Fluctuation":  0,
    "Hour":  0.00000000000014,
    "Hour_Fluctuation":  0,
    "Day":  0.00000000000014,
    "Day_Fluctuation":  0,
    "ThreeDay":  0.00000000000014,
    "ThreeDay_Fluctuation":  0,
    "Week":  0.00000000000014,
    "Week_Fluctuation":  0,
    "Duration":  "00:07:58.4503836",
    "Updated":  "\/Date(1640378733025)\/",
    "Failed":  0,
    "HashRate_Live":  71010126,
    "HashRate_Average":  71010126,
    "BlockRate_Live":  19,
    "BlockRate_Average":  19,
    "Diff_Live":  0,
    "Diff_Average":  0,
    "Actual24h_Week":  0.0000000789996127796506,
    "Estimate24h_Week":  0.000000279131965154765,
    "ErrorRatio":  0.998866057505953
}
