{
    "Live":  0.00000000000153,
    "Minute":  0.00000000000153,
    "Minute_Fluctuation":  0,
    "Minute_5":  0.00000000000172755436702851,
    "Minute_5_Fluctuation":  0.13371980198825992,
    "Minute_10":  0.00000000000187567153991896,
    "Minute_10_Fluctuation":  0.12703602719917936,
    "Hour":  0.0000000000019251440012638,
    "Hour_Fluctuation":  0.11095343821859194,
    "Day":  0.00000000000174509222244525,
    "Day_Fluctuation":  0.11367113324185379,
    "ThreeDay":  0.00000000000174509222244525,
    "ThreeDay_Fluctuation":  0.11367113324185379,
    "Week":  0.00000000000174509222244525,
    "Week_Fluctuation":  0.11367113324185379,
    "Duration":  "11:44:44.0285476",
    "Updated":  "\/Date(1640192915542)\/",
    "Failed":  0,
    "HashRate_Live":  346025242.79308,
    "HashRate_Average":  284644085.29374379,
    "BlockRate_Live":  318,
    "BlockRate_Average":  317.86878553302267,
    "Diff_Live":  0,
    "Diff_Average":  0,
    "Actual24h_Week":  0,
    "Estimate24h_Week":  0,
    "ErrorRatio":  1
}
