{
    "Live":  0.00000000000042,
    "Minute":  0.00000000000042,
    "Minute_Fluctuation":  0,
    "Minute_5":  0.000000000000393954083162129,
    "Minute_5_Fluctuation":  0.12217528442528718,
    "Minute_10":  0.000000000000381314070337434,
    "Minute_10_Fluctuation":  0.17663818645680296,
    "Hour":  0.000000000000615973153257886,
    "Hour_Fluctuation":  0.56947893945281236,
    "Day":  0.000000000000766124974471976,
    "Day_Fluctuation":  0.56527743856296253,
    "ThreeDay":  0.000000000000766124974471976,
    "ThreeDay_Fluctuation":  0.56527743856296242,
    "Week":  0.000000000000766124974471976,
    "Week_Fluctuation":  0.56527743856296253,
    "Duration":  "08:25:36.7725457",
    "Updated":  "\/Date(1640192786425)\/",
    "Failed":  0,
    "HashRate_Live":  0,
    "HashRate_Average":  161517.30180266371,
    "BlockRate_Live":  14,
    "BlockRate_Average":  13.405896393312783,
    "Diff_Live":  0,
    "Diff_Average":  0,
    "Actual24h_Week":  0,
    "Estimate24h_Week":  0,
    "ErrorRatio":  1
}
