{
    "Live":  0.00000000000003091,
    "Minute":  0.00000000000003091,
    "Minute_Fluctuation":  0,
    "Minute_5":  0.0000000000000442984801985572,
    "Minute_5_Fluctuation":  0.37211329242787566,
    "Minute_10":  0.0000000000000594023128852275,
    "Minute_10_Fluctuation":  0.37395714052991841,
    "Hour":  0.0000000000000703075553840766,
    "Hour_Fluctuation":  0.54504563109511051,
    "Day":  0.0000000000000725080031298748,
    "Day_Fluctuation":  0.63378799797997765,
    "ThreeDay":  0.0000000000000725080031298748,
    "ThreeDay_Fluctuation":  0.63378799797997776,
    "Week":  0.0000000000000725080031298748,
    "Week_Fluctuation":  0.63378799797997765,
    "Duration":  "07:38:06.7347281",
    "Updated":  "\/Date(1640192916053)\/",
    "Failed":  0,
    "HashRate_Live":  558455807.01692,
    "HashRate_Average":  844928934.343751,
    "BlockRate_Live":  5,
    "BlockRate_Average":  4.4399720368501354,
    "Diff_Live":  0,
    "Diff_Average":  0,
    "Actual24h_Week":  0,
    "Estimate24h_Week":  0,
    "ErrorRatio":  1
}
