{
    "Live":  0.00000000000025604,
    "Minute":  0.00000000000025604,
    "Minute_Fluctuation":  0,
    "Minute_5":  0.000000000000255047283266908,
    "Minute_5_Fluctuation":  0.020457659672597765,
    "Minute_10":  0.000000000000251233835374851,
    "Minute_10_Fluctuation":  0.041094055957218066,
    "Hour":  0.000000000000251283680388126,
    "Hour_Fluctuation":  0.047864522931924051,
    "Day":  0.000000000000252395058097261,
    "Day_Fluctuation":  0.074981978500683541,
    "ThreeDay":  0.000000000000252395058097261,
    "ThreeDay_Fluctuation":  0.074981978500683541,
    "Week":  0.000000000000252395058097261,
    "Week_Fluctuation":  0.074981978500683541,
    "Duration":  "11:44:44.0285476",
    "Updated":  "\/Date(1640192915300)\/",
    "Failed":  0,
    "HashRate_Live":  16808784.009626,
    "HashRate_Average":  9815176.1368315313,
    "BlockRate_Live":  243,
    "BlockRate_Average":  227.78546663929785,
    "Diff_Live":  0,
    "Diff_Average":  0,
    "Actual24h_Week":  0,
    "Estimate24h_Week":  0,
    "ErrorRatio":  1
}
