{
    "Live":  0.00000000113081,
    "Minute":  0.00000000113081,
    "Minute_Fluctuation":  0,
    "Minute_5":  0.00000000113307966009106,
    "Minute_5_Fluctuation":  0.01598940891733484,
    "Minute_10":  0.00000000110862890517004,
    "Minute_10_Fluctuation":  0.069204455855940969,
    "Hour":  0.00000000101392499877516,
    "Hour_Fluctuation":  0.10393336616008399,
    "Day":  0.000000000995292826342386,
    "Day_Fluctuation":  0.098766171514248491,
    "ThreeDay":  0.000000000995292826342386,
    "ThreeDay_Fluctuation":  0.098766171514248491,
    "Week":  0.000000000995292826342386,
    "Week_Fluctuation":  0.098766171514248491,
    "Duration":  "02:10:58.8556207",
    "Updated":  "\/Date(1640192787221)\/",
    "Failed":  0,
    "HashRate_Live":  0,
    "HashRate_Average":  0,
    "BlockRate_Live":  0,
    "BlockRate_Average":  0,
    "Diff_Live":  0,
    "Diff_Average":  0,
    "Actual24h_Week":  0,
    "Estimate24h_Week":  0,
    "ErrorRatio":  1
}
