{
    "Live":  0.00000000001488013,
    "Minute":  0.00000000001488013,
    "Minute_Fluctuation":  0,
    "Minute_5":  0.0000000000153937331904828,
    "Minute_5_Fluctuation":  0.035640301601761654,
    "Minute_10":  0.0000000000160695963831896,
    "Minute_10_Fluctuation":  0.084256072042321883,
    "Hour":  0.0000000000216420300707967,
    "Hour_Fluctuation":  0.24761935233061333,
    "Day":  0.0000000000236473122242042,
    "Day_Fluctuation":  0.25089528023420643,
    "ThreeDay":  0.0000000000236473122242042,
    "ThreeDay_Fluctuation":  0.25089528023420643,
    "Week":  0.0000000000236473122242042,
    "Week_Fluctuation":  0.25089528023420643,
    "Duration":  "02:10:58.8556207",
    "Updated":  "\/Date(1640192787197)\/",
    "Failed":  0,
    "HashRate_Live":  403154264,
    "HashRate_Average":  335846334.188289,
    "BlockRate_Live":  5,
    "BlockRate_Average":  4.422892988688286,
    "Diff_Live":  0,
    "Diff_Average":  0,
    "Actual24h_Week":  0,
    "Estimate24h_Week":  0,
    "ErrorRatio":  1
}
