{
    "Live":  0.00000000000000000371138,
    "Minute":  0.00000000000000000371138,
    "Minute_Fluctuation":  0,
    "Minute_5":  0.00000000000000000371138,
    "Minute_5_Fluctuation":  0.025894866704234666,
    "Minute_10":  0.0000000000000000038696675285,
    "Minute_10_Fluctuation":  0.090627423780095764,
    "Hour":  0.0000000000000000045430057636,
    "Hour_Fluctuation":  0.11997749156817905,
    "Day":  0.0000000000000000038412750035,
    "Day_Fluctuation":  0.13356576926303976,
    "ThreeDay":  0.0000000000000000037489181831,
    "ThreeDay_Fluctuation":  0.12080825978518936,
    "Week":  0.0000000000000000037489181831,
    "Week_Fluctuation":  0.12080825978518936,
    "Duration":  "1.12:07:13.2212229",
    "Updated":  "\/Date(1640378735210)\/",
    "Failed":  0,
    "HashRate_Live":  5971782986837770,
    "HashRate_Average":  5231340397333809,
    "BlockRate_Live":  675,
    "BlockRate_Average":  526.11044697351463,
    "Diff_Live":  0,
    "Diff_Average":  0,
    "Actual24h_Week":  0.00125519366575193,
    "Estimate24h_Week":  0.00190744724314137,
    "ErrorRatio":  0.868766653800779
}
