{
    "Live":  0.00000000000000000446549,
    "Minute":  0.00000000000000000446549,
    "Minute_Fluctuation":  0,
    "Minute_5":  0.0000000000000000044654900732,
    "Minute_5_Fluctuation":  2.05660386736129E-07,
    "Minute_10":  0.0000000000000000044655179962,
    "Minute_10_Fluctuation":  3.6866146627633479E-05,
    "Hour":  0.0000000000000000044845615729,
    "Hour_Fluctuation":  0.0083397475767360129,
    "Day":  0.0000000000000000045523872562,
    "Day_Fluctuation":  0.01481831882791282,
    "ThreeDay":  0.0000000000000000045523872562,
    "ThreeDay_Fluctuation":  0.01481831882791282,
    "Week":  0.0000000000000000045523872562,
    "Week_Fluctuation":  0.01481831882791282,
    "Duration":  "11:44:44.0285476",
    "Updated":  "\/Date(1640192915755)\/",
    "Failed":  0,
    "HashRate_Live":  48502067408796,
    "HashRate_Average":  744153002897458.38,
    "BlockRate_Live":  2,
    "BlockRate_Average":  2.5874693504255917,
    "Diff_Live":  0,
    "Diff_Average":  0,
    "Actual24h_Week":  0,
    "Estimate24h_Week":  0,
    "ErrorRatio":  1
}
