{
    "Live":  0.00000000000000025704,
    "Minute":  0.00000000000000025704,
    "Minute_Fluctuation":  0,
    "Minute_5":  0.0000000000000002570399978064,
    "Minute_5_Fluctuation":  1.0705322251389306E-07,
    "Minute_10":  0.0000000000000002570392100003,
    "Minute_10_Fluctuation":  1.728234468496979E-05,
    "Hour":  0.0000000000000002565046676054,
    "Hour_Fluctuation":  0.0042145385484540351,
    "Day":  0.0000000000000002696031327762,
    "Day_Fluctuation":  0.19908691134498435,
    "ThreeDay":  0.0000000000000002696031327762,
    "ThreeDay_Fluctuation":  0.19908691134498435,
    "Week":  0.0000000000000002696031327762,
    "Week_Fluctuation":  0.19908691134498435,
    "Duration":  "11:02:57.5650544",
    "Updated":  "\/Date(1640190105197)\/",
    "Failed":  0,
    "HashRate_Live":  0,
    "HashRate_Average":  10686255.062684415,
    "BlockRate_Live":  14,
    "BlockRate_Average":  21.285403039596066,
    "Diff_Live":  0,
    "Diff_Average":  0,
    "Actual24h_Week":  0,
    "Estimate24h_Week":  0,
    "ErrorRatio":  1
}
