{
    "Live":  0.00000000006596975,
    "Minute":  0.00000000006596975,
    "Minute_Fluctuation":  0,
    "Minute_5":  0.0000000000546286920249788,
    "Minute_5_Fluctuation":  0.43438576381690686,
    "Minute_10":  0.000000000047051954245614,
    "Minute_10_Fluctuation":  0.49006617249612633,
    "Hour":  0.0000000000609058720907849,
    "Hour_Fluctuation":  0.46407529086743471,
    "Day":  0.0000000000616590992126636,
    "Day_Fluctuation":  0.47315333785978736,
    "ThreeDay":  0.0000000000616590992126636,
    "ThreeDay_Fluctuation":  0.47315333785978736,
    "Week":  0.0000000000616590992126636,
    "Week_Fluctuation":  0.47315333785978736,
    "Duration":  "01:20:52.6743010",
    "Updated":  "\/Date(1640192787157)\/",
    "Failed":  0,
    "HashRate_Live":  0,
    "HashRate_Average":  0,
    "BlockRate_Live":  0,
    "BlockRate_Average":  0,
    "Diff_Live":  0,
    "Diff_Average":  0,
    "Actual24h_Week":  0,
    "Estimate24h_Week":  0,
    "ErrorRatio":  1
}
