{
    "Live":  0.0000000000038,
    "Minute":  0.0000000000038,
    "Minute_Fluctuation":  0,
    "Minute_5":  0.00000000000352472996163799,
    "Minute_5_Fluctuation":  0.16650075270605114,
    "Minute_10":  0.00000000000336446303278101,
    "Minute_10_Fluctuation":  0.21145305178357027,
    "Hour":  0.00000000000436756334496619,
    "Hour_Fluctuation":  0.28197592754339385,
    "Day":  0.000000000004552832802627,
    "Day_Fluctuation":  0.23188590053375263,
    "ThreeDay":  0.000000000004552832802627,
    "ThreeDay_Fluctuation":  0.23188590053375263,
    "Week":  0.000000000004552832802627,
    "Week_Fluctuation":  0.23188590053375263,
    "Duration":  "11:44:44.0285476",
    "Updated":  "\/Date(1640192657116)\/",
    "Failed":  0,
    "HashRate_Live":  0,
    "HashRate_Average":  297940.7813853675,
    "BlockRate_Live":  4,
    "BlockRate_Average":  3.2211724571658582,
    "Diff_Live":  0,
    "Diff_Average":  0,
    "Actual24h_Week":  0,
    "Estimate24h_Week":  0,
    "ErrorRatio":  1
}
