{
    "Live":  0.00000000000000008646,
    "Minute":  0.00000000000000008646,
    "Minute_Fluctuation":  0,
    "Minute_5":  0.0000000000000000828214344117,
    "Minute_5_Fluctuation":  0.082847569650414843,
    "Minute_10":  0.0000000000000000804915693763,
    "Minute_10_Fluctuation":  0.12829760992629566,
    "Hour":  0.0000000000000000766387446125,
    "Hour_Fluctuation":  0.27581177573022042,
    "Day":  0.0000000000000000665619584176,
    "Day_Fluctuation":  0.26495587290624156,
    "ThreeDay":  0.0000000000000000665619584176,
    "ThreeDay_Fluctuation":  0.26495587290624156,
    "Week":  0.0000000000000000665619584176,
    "Week_Fluctuation":  0.26495587290624156,
    "Duration":  "11:44:44.0285476",
    "Updated":  "\/Date(1640192915891)\/",
    "Failed":  0,
    "HashRate_Live":  4231422560789,
    "HashRate_Average":  6613231690685.8438,
    "BlockRate_Live":  214,
    "BlockRate_Average":  213.64761630137721,
    "Diff_Live":  0,
    "Diff_Average":  0,
    "Actual24h_Week":  0,
    "Estimate24h_Week":  0,
    "ErrorRatio":  1
}
