{
    "Live":  0.00000000001651,
    "Minute":  0.00000000001651,
    "Minute_Fluctuation":  0,
    "Minute_5":  0.0000000000170715320811271,
    "Minute_5_Fluctuation":  0.069020806373784688,
    "Minute_10":  0.0000000000181505445601574,
    "Minute_10_Fluctuation":  0.10401720036983492,
    "Hour":  0.0000000000177745445501948,
    "Hour_Fluctuation":  0.14075381520160293,
    "Day":  0.0000000000175735022143977,
    "Day_Fluctuation":  0.01508691524883902,
    "ThreeDay":  0.0000000000175753257053596,
    "ThreeDay_Fluctuation":  0.014054477106050629,
    "Week":  0.0000000000175753257053596,
    "Week_Fluctuation":  0.014054477106050629,
    "Duration":  "1.03:16:07.2560019",
    "Updated":  "\/Date(1640108970654)\/",
    "Failed":  0,
    "HashRate_Live":  495541,
    "HashRate_Average":  715779.9356545,
    "BlockRate_Live":  39,
    "BlockRate_Average":  38.847204220507891,
    "Diff_Live":  0,
    "Diff_Average":  0,
    "Actual24h_Week":  0.00000225033050158702,
    "Estimate24h_Week":  0.00000209752203500084,
    "ErrorRatio":  1.0217303719403
}
