{
    "Live":  0.00000000000057151,
    "Minute":  0.00000000000057151,
    "Minute_Fluctuation":  0,
    "Minute_5":  0.00000000000057151,
    "Minute_5_Fluctuation":  0.053139402494747551,
    "Minute_10":  0.000000000000545601565610946,
    "Minute_10_Fluctuation":  0.11004756905384533,
    "Hour":  0.000000000000477431990617823,
    "Hour_Fluctuation":  0.15653450438275704,
    "Day":  0.000000000000439839612971159,
    "Day_Fluctuation":  0.20264524070706383,
    "ThreeDay":  0.000000000000439839612971159,
    "ThreeDay_Fluctuation":  0.2026452407070638,
    "Week":  0.000000000000439839612971159,
    "Week_Fluctuation":  0.2026452407070638,
    "Duration":  "11:57:12.5907376",
    "Updated":  "\/Date(1640378735806)\/",
    "Failed":  0,
    "HashRate_Live":  2175072128.832,
    "HashRate_Average":  951575732.50003338,
    "BlockRate_Live":  8,
    "BlockRate_Average":  3.320627626743577,
    "Diff_Live":  0,
    "Diff_Average":  0,
    "Actual24h_Week":  0.000395697230640261,
    "Estimate24h_Week":  0.000424988547030474,
    "ErrorRatio":  0.990540995526418
}
