{
    "Live":  0.00000000108,
    "Minute":  0.00000000108,
    "Minute_Fluctuation":  0,
    "Minute_5":  0.0000000009736064481285,
    "Minute_5_Fluctuation":  0.14272136974261276,
    "Minute_10":  0.000000000897474784415434,
    "Minute_10_Fluctuation":  0.12756825823075996,
    "Hour":  0.000000000821514387883012,
    "Hour_Fluctuation":  0.23094321620261382,
    "Day":  0.00000000125521657337026,
    "Day_Fluctuation":  0.43277358005507871,
    "ThreeDay":  0.00000000125521657337026,
    "ThreeDay_Fluctuation":  0.43277358005507871,
    "Week":  0.00000000125521657337026,
    "Week_Fluctuation":  0.43277358005507871,
    "Duration":  "11:26:16.5031064",
    "Updated":  "\/Date(1640192915787)\/",
    "Failed":  0,
    "HashRate_Live":  463.49859892339,
    "HashRate_Average":  2030.4332984837818,
    "BlockRate_Live":  37,
    "BlockRate_Average":  37.766134303022817,
    "Diff_Live":  0,
    "Diff_Average":  0,
    "Actual24h_Week":  0,
    "Estimate24h_Week":  0,
    "ErrorRatio":  1
}
