{
    "Live":  0.00000000000001099,
    "Minute":  0.00000000000001099,
    "Minute_Fluctuation":  0,
    "Minute_5":  0.00000000000001099,
    "Minute_5_Fluctuation":  0.060569461588770732,
    "Minute_10":  0.0000000000000114584684525972,
    "Minute_10_Fluctuation":  0.12998888500079941,
    "Hour":  0.000000000000011837133082105,
    "Hour_Fluctuation":  0.29423258828307108,
    "Day":  0.0000000000000104727918535984,
    "Day_Fluctuation":  0.29109412982062688,
    "ThreeDay":  0.0000000000000104727918535984,
    "ThreeDay_Fluctuation":  0.29109412982062688,
    "Week":  0.0000000000000104727918535984,
    "Week_Fluctuation":  0.29109412982062688,
    "Duration":  "11:57:12.5907376",
    "Updated":  "\/Date(1640378734395)\/",
    "Failed":  0,
    "HashRate_Live":  0,
    "HashRate_Average":  0,
    "BlockRate_Live":  0,
    "BlockRate_Average":  0,
    "Diff_Live":  0,
    "Diff_Average":  0,
    "Actual24h_Week":  0,
    "Estimate24h_Week":  0.00000970970949962431,
    "ErrorRatio":  0.862759033632037
}
