{
    "Live":  0.00000000000025,
    "Minute":  0.00000000000025,
    "Minute_Fluctuation":  0,
    "Minute_5":  0.00000000000025,
    "Minute_5_Fluctuation":  0,
    "Minute_10":  0.00000000000025,
    "Minute_10_Fluctuation":  0,
    "Hour":  0.00000000000025,
    "Hour_Fluctuation":  0,
    "Day":  0.00000000000025,
    "Day_Fluctuation":  0,
    "ThreeDay":  0.00000000000025,
    "ThreeDay_Fluctuation":  0,
    "Week":  0.00000000000025,
    "Week_Fluctuation":  0,
    "Duration":  "00:02:45.0544059",
    "Updated":  "\/Date(1640378870687)\/",
    "Failed":  0,
    "HashRate_Live":  121289876,
    "HashRate_Average":  121289876,
    "BlockRate_Live":  19,
    "BlockRate_Average":  19,
    "Diff_Live":  0,
    "Diff_Average":  0,
    "Actual24h_Week":  0,
    "Estimate24h_Week":  0,
    "ErrorRatio":  1
}
