{
    "Live":  0.00000000453,
    "Minute":  0.00000000453,
    "Minute_Fluctuation":  0,
    "Minute_5":  0.00000000479172688282094,
    "Minute_5_Fluctuation":  0.092756365098027468,
    "Minute_10":  0.00000000472519376949718,
    "Minute_10_Fluctuation":  0.12183765325458558,
    "Hour":  0.00000000427066265618752,
    "Hour_Fluctuation":  0.15787452868108415,
    "Day":  0.00000000459144931106882,
    "Day_Fluctuation":  0.21050232350232206,
    "ThreeDay":  0.00000000459144931106882,
    "ThreeDay_Fluctuation":  0.21050232350232206,
    "Week":  0.00000000459144931106882,
    "Week_Fluctuation":  0.21050232350232206,
    "Duration":  "11:44:44.0285476",
    "Updated":  "\/Date(1640192915091)\/",
    "Failed":  0,
    "HashRate_Live":  327721.5747077,
    "HashRate_Average":  246419.24715997549,
    "BlockRate_Live":  221,
    "BlockRate_Average":  218.61968958020475,
    "Diff_Live":  0,
    "Diff_Average":  0,
    "Actual24h_Week":  0,
    "Estimate24h_Week":  0,
    "ErrorRatio":  1
}
