{
    "Live":  0.00000000000000044845,
    "Minute":  0.00000000000000044845,
    "Minute_Fluctuation":  0,
    "Minute_5":  0.0000000000000004170397567453,
    "Minute_5_Fluctuation":  0.091160219525254133,
    "Minute_10":  0.000000000000000395072022381,
    "Minute_10_Fluctuation":  0.084941280485969259,
    "Hour":  0.0000000000000003274053108937,
    "Hour_Fluctuation":  0.27687210387500927,
    "Day":  0.0000000000000002727051687149,
    "Day_Fluctuation":  0.42052235677181216,
    "ThreeDay":  0.0000000000000002727051687149,
    "ThreeDay_Fluctuation":  0.42052235677181216,
    "Week":  0.0000000000000002727051687149,
    "Week_Fluctuation":  0.42052235677181216,
    "Duration":  "11:44:44.0285476",
    "Updated":  "\/Date(1640192914975)\/",
    "Failed":  0,
    "HashRate_Live":  1846211876470.3,
    "HashRate_Average":  393352610119.07166,
    "BlockRate_Live":  79,
    "BlockRate_Average":  66.975897020142739,
    "Diff_Live":  0,
    "Diff_Average":  0,
    "Actual24h_Week":  0,
    "Estimate24h_Week":  0,
    "ErrorRatio":  1
}
