{
    "Live":  0.0000000000001558887,
    "Minute":  0.0000000000001558887,
    "Minute_Fluctuation":  0,
    "Minute_5":  0.000000000000167276692746055,
    "Minute_5_Fluctuation":  0.18216206815770267,
    "Minute_10":  0.000000000000189347625846533,
    "Minute_10_Fluctuation":  0.2989290512433716,
    "Hour":  0.000000000000224353641436985,
    "Hour_Fluctuation":  0.22249802001721553,
    "Day":  0.000000000000231337041348573,
    "Day_Fluctuation":  0.19505463897566491,
    "ThreeDay":  0.000000000000231337041348573,
    "ThreeDay_Fluctuation":  0.19505463897566491,
    "Week":  0.000000000000231337041348573,
    "Week_Fluctuation":  0.19505463897566491,
    "Duration":  "02:10:58.8556207",
    "Updated":  "\/Date(1640192787115)\/",
    "Failed":  0,
    "HashRate_Live":  0,
    "HashRate_Average":  0,
    "BlockRate_Live":  0,
    "BlockRate_Average":  0,
    "Diff_Live":  0,
    "Diff_Average":  0,
    "Actual24h_Week":  0,
    "Estimate24h_Week":  0,
    "ErrorRatio":  1
}
