{
    "Live":  0.00000000000000051649,
    "Minute":  0.00000000000000051649,
    "Minute_Fluctuation":  0,
    "Minute_5":  0.0000000000000004939307721557,
    "Minute_5_Fluctuation":  0.09085924780896705,
    "Minute_10":  0.0000000000000004784235014567,
    "Minute_10_Fluctuation":  0.10844171030543628,
    "Hour":  0.0000000000000005035081089402,
    "Hour_Fluctuation":  0.0966998539703138,
    "Day":  0.0000000000000004877269936876,
    "Day_Fluctuation":  0.20852355529652958,
    "ThreeDay":  0.0000000000000004877269936876,
    "ThreeDay_Fluctuation":  0.20852355529652955,
    "Week":  0.0000000000000004877269936876,
    "Week_Fluctuation":  0.20852355529652958,
    "Duration":  "11:44:44.0285476",
    "Updated":  "\/Date(1640192656575)\/",
    "Failed":  0,
    "HashRate_Live":  0,
    "HashRate_Average":  0,
    "BlockRate_Live":  0,
    "BlockRate_Average":  0,
    "Diff_Live":  0,
    "Diff_Average":  0,
    "Actual24h_Week":  0,
    "Estimate24h_Week":  0,
    "ErrorRatio":  1
}
