{
    "Live":  0.00000000000166443,
    "Minute":  0.00000000000166443,
    "Minute_Fluctuation":  0,
    "Minute_5":  0.0000000000016818109502416,
    "Minute_5_Fluctuation":  0.018913750137908476,
    "Minute_10":  0.00000000000170642024654827,
    "Minute_10_Fluctuation":  0.026226908041158747,
    "Hour":  0.00000000000172258293307002,
    "Hour_Fluctuation":  0.033909488384876278,
    "Day":  0.00000000000161075534678172,
    "Day_Fluctuation":  0.044301359326070031,
    "ThreeDay":  0.00000000000161075534678172,
    "ThreeDay_Fluctuation":  0.044301359326070031,
    "Week":  0.00000000000161075534678172,
    "Week_Fluctuation":  0.044301359326070031,
    "Duration":  "11:44:44.0285476",
    "Updated":  "\/Date(1640192915823)\/",
    "Failed":  0,
    "HashRate_Live":  666625309.986,
    "HashRate_Average":  703681797.90781081,
    "BlockRate_Live":  0,
    "BlockRate_Average":  0,
    "Diff_Live":  0,
    "Diff_Average":  0,
    "Actual24h_Week":  0,
    "Estimate24h_Week":  0,
    "ErrorRatio":  1
}
