{
    "Live":  0.00000000000000294222,
    "Minute":  0.00000000000000294222,
    "Minute_Fluctuation":  0,
    "Minute_5":  0.0000000000000026965132567117,
    "Minute_5_Fluctuation":  0.22915035728701455,
    "Minute_10":  0.0000000000000026015342352268,
    "Minute_10_Fluctuation":  0.2276549025195663,
    "Hour":  0.0000000000000031617409279769,
    "Hour_Fluctuation":  0.28537323627541578,
    "Day":  0.0000000000000033720070012435,
    "Day_Fluctuation":  0.28312091012238277,
    "ThreeDay":  0.0000000000000033720070012435,
    "ThreeDay_Fluctuation":  0.28312091012238283,
    "Week":  0.0000000000000033720070012435,
    "Week_Fluctuation":  0.28312091012238277,
    "Duration":  "11:44:44.0285476",
    "Updated":  "\/Date(1640192915178)\/",
    "Failed":  0,
    "HashRate_Live":  145277503807.81,
    "HashRate_Average":  166002532824.62546,
    "BlockRate_Live":  3,
    "BlockRate_Average":  2.988919008471989,
    "Diff_Live":  0,
    "Diff_Average":  0,
    "Actual24h_Week":  0,
    "Estimate24h_Week":  0,
    "ErrorRatio":  1
}
