{
    "Live":  0.0000000369435,
    "Minute":  0.0000000369435,
    "Minute_Fluctuation":  0,
    "Minute_5":  0.0000000394874308926777,
    "Minute_5_Fluctuation":  0.068464840092060428,
    "Minute_10":  0.0000000411670804023596,
    "Minute_10_Fluctuation":  0.08860437923497605,
    "Hour":  0.0000000445879887365334,
    "Hour_Fluctuation":  0.080479773273347821,
    "Day":  0.0000000452848678463647,
    "Day_Fluctuation":  0.0777672281112186,
    "ThreeDay":  0.0000000452848678463647,
    "ThreeDay_Fluctuation":  0.0777672281112186,
    "Week":  0.0000000452848678463647,
    "Week_Fluctuation":  0.0777672281112186,
    "Duration":  "02:10:58.8556207",
    "Updated":  "\/Date(1640192787241)\/",
    "Failed":  0,
    "HashRate_Live":  0,
    "HashRate_Average":  0,
    "BlockRate_Live":  0,
    "BlockRate_Average":  0,
    "Diff_Live":  0,
    "Diff_Average":  0,
    "Actual24h_Week":  0,
    "Estimate24h_Week":  0,
    "ErrorRatio":  1
}
