{
    "Live":  0.00000000000076657138,
    "Minute":  0.00000000000076657138,
    "Minute_Fluctuation":  0,
    "Minute_5":  0.000000000000786075526987457,
    "Minute_5_Fluctuation":  0.15251937251279088,
    "Minute_10":  0.000000000000769400110158664,
    "Minute_10_Fluctuation":  0.18849913474193294,
    "Hour":  0.000000000000878754302738899,
    "Hour_Fluctuation":  0.35704338825696286,
    "Day":  0.000000000000937831526907698,
    "Day_Fluctuation":  0.41430884676328922,
    "ThreeDay":  0.000000000000937831526907698,
    "ThreeDay_Fluctuation":  0.41430884676328922,
    "Week":  0.000000000000937831526907698,
    "Week_Fluctuation":  0.41430884676328922,
    "Duration":  "02:10:58.8556207",
    "Updated":  "\/Date(1640192787093)\/",
    "Failed":  0,
    "HashRate_Live":  0,
    "HashRate_Average":  7253833340.7545652,
    "BlockRate_Live":  5,
    "BlockRate_Average":  3.9483124651989021,
    "Diff_Live":  0,
    "Diff_Average":  0,
    "Actual24h_Week":  0,
    "Estimate24h_Week":  0,
    "ErrorRatio":  1
}
