{
    "Live":  0.00000000004,
    "Minute":  0.00000000004,
    "Minute_Fluctuation":  0,
    "Minute_5":  0.00000000004,
    "Minute_5_Fluctuation":  0.14639330646841819,
    "Minute_10":  0.0000000000668327184178418,
    "Minute_10_Fluctuation":  0.65702445750268634,
    "Hour":  0.000000000233011801157487,
    "Hour_Fluctuation":  0.67379539985589587,
    "Day":  0.0000000000944431331325568,
    "Day_Fluctuation":  0.80365860488349639,
    "ThreeDay":  0.0000000000848779098582624,
    "ThreeDay_Fluctuation":  0.7233788555867029,
    "Week":  0.0000000000848779098582624,
    "Week_Fluctuation":  0.7233788555867029,
    "Duration":  "1.12:07:13.2212229",
    "Updated":  "\/Date(1640378731705)\/",
    "Failed":  0,
    "HashRate_Live":  916.26,
    "HashRate_Average":  4555.6215770362887,
    "BlockRate_Live":  20,
    "BlockRate_Average":  18.056132797517254,
    "Diff_Live":  0,
    "Diff_Average":  0,
    "Actual24h_Week":  0.0000000283451573364246,
    "Estimate24h_Week":  0.0000000570856015410726,
    "ErrorRatio":  0.806782186945448
}
