{
    "Live":  0.00000000186735,
    "Minute":  0.00000000186735,
    "Minute_Fluctuation":  0,
    "Minute_5":  0.00000000190271858344891,
    "Minute_5_Fluctuation":  0.067738423748353038,
    "Minute_10":  0.00000000200326963753521,
    "Minute_10_Fluctuation":  0.12922213900662652,
    "Hour":  0.00000000200548606630432,
    "Hour_Fluctuation":  0.093254518451696175,
    "Day":  0.00000000197509325951681,
    "Day_Fluctuation":  0.083037967445312527,
    "ThreeDay":  0.00000000197509325951681,
    "ThreeDay_Fluctuation":  0.083037967445312527,
    "Week":  0.00000000197509325951681,
    "Week_Fluctuation":  0.083037967445312527,
    "Duration":  "02:10:58.8556207",
    "Updated":  "\/Date(1640192787148)\/",
    "Failed":  0,
    "HashRate_Live":  40065781,
    "HashRate_Average":  38796187.0826039,
    "BlockRate_Live":  65,
    "BlockRate_Average":  63.380544343078796,
    "Diff_Live":  0,
    "Diff_Average":  0,
    "Actual24h_Week":  0,
    "Estimate24h_Week":  0,
    "ErrorRatio":  1
}
