{
    "Live":  0.00000000000007296,
    "Minute":  0.00000000000007296,
    "Minute_Fluctuation":  0,
    "Minute_5":  0.0000000000000727700211943857,
    "Minute_5_Fluctuation":  0.010027629157968629,
    "Minute_10":  0.0000000000000722516029632185,
    "Minute_10_Fluctuation":  0.026325858313918718,
    "Hour":  0.0000000000000738711159573022,
    "Hour_Fluctuation":  0.0746694308698852,
    "Day":  0.0000000000000833081052534778,
    "Day_Fluctuation":  0.21166250712904702,
    "ThreeDay":  0.0000000000000833081052534778,
    "ThreeDay_Fluctuation":  0.21166250712904702,
    "Week":  0.0000000000000833081052534778,
    "Week_Fluctuation":  0.21166250712904702,
    "Duration":  "11:44:44.0285476",
    "Updated":  "\/Date(1640192786582)\/",
    "Failed":  0,
    "HashRate_Live":  0,
    "HashRate_Average":  437454.75466532819,
    "BlockRate_Live":  3,
    "BlockRate_Average":  2.9855863430019247,
    "Diff_Live":  0,
    "Diff_Average":  0,
    "Actual24h_Week":  0,
    "Estimate24h_Week":  0,
    "ErrorRatio":  1
}
