{
    "Live":  0.00000000000006668,
    "Minute":  0.00000000000006668,
    "Minute_Fluctuation":  0,
    "Minute_5":  0.0000000000000665284233314983,
    "Minute_5_Fluctuation":  0.0060203527446194786,
    "Minute_10":  0.0000000000000662169071355705,
    "Minute_10_Fluctuation":  0.01005862459925793,
    "Hour":  0.0000000000000733301653430394,
    "Hour_Fluctuation":  0.1654506091230834,
    "Day":  0.000000000000110936191877398,
    "Day_Fluctuation":  0.129361613621993,
    "ThreeDay":  0.000000000000110936191877398,
    "ThreeDay_Fluctuation":  0.129361613621993,
    "Week":  0.000000000000110936191877398,
    "Week_Fluctuation":  0.129361613621993,
    "Duration":  "11:44:44.0285476",
    "Updated":  "\/Date(1640192657076)\/",
    "Failed":  0,
    "HashRate_Live":  0,
    "HashRate_Average":  15595755.664122622,
    "BlockRate_Live":  46,
    "BlockRate_Average":  45.485723627260434,
    "Diff_Live":  0,
    "Diff_Average":  0,
    "Actual24h_Week":  0,
    "Estimate24h_Week":  0,
    "ErrorRatio":  1
}
