{
    "Live":  0.00000000000007,
    "Minute":  0.00000000000007,
    "Minute_Fluctuation":  0,
    "Minute_5":  0.0000000000000734774257005989,
    "Minute_5_Fluctuation":  0.17434939778554653,
    "Minute_10":  0.000000000000187979587180685,
    "Minute_10_Fluctuation":  0.76124503213059713,
    "Hour":  0.00000000000084639911445393,
    "Hour_Fluctuation":  0.8909459157339733,
    "Day":  0.00000000000110407006084582,
    "Day_Fluctuation":  0.61101271327580253,
    "ThreeDay":  0.00000000000110407006084582,
    "ThreeDay_Fluctuation":  0.61101271327580253,
    "Week":  0.00000000000110407006084582,
    "Week_Fluctuation":  0.61101271327580253,
    "Duration":  "07:15:34.0452352",
    "Updated":  "\/Date(1640192915466)\/",
    "Failed":  0,
    "HashRate_Live":  0,
    "HashRate_Average":  4284320.3664246043,
    "BlockRate_Live":  23,
    "BlockRate_Average":  23.372975621985272,
    "Diff_Live":  0,
    "Diff_Average":  0,
    "Actual24h_Week":  0,
    "Estimate24h_Week":  0,
    "ErrorRatio":  1
}
