{
    "Live":  0.00000000000000000000037,
    "Minute":  0.00000000000000000000037,
    "Minute_Fluctuation":  0,
    "Minute_5":  0.00000000000000000000037,
    "Minute_5_Fluctuation":  0,
    "Minute_10":  0.00000000000000000000037,
    "Minute_10_Fluctuation":  0,
    "Hour":  0.00000000000000000000037,
    "Hour_Fluctuation":  0,
    "Day":  0.00000000000000000000037,
    "Day_Fluctuation":  0,
    "ThreeDay":  0.00000000000000000000037,
    "ThreeDay_Fluctuation":  0,
    "Week":  0.00000000000000000000037,
    "Week_Fluctuation":  0,
    "Duration":  "00:06:29.6856278",
    "Updated":  "\/Date(1640192915107)\/",
    "Failed":  0,
    "HashRate_Live":  160440736725.07,
    "HashRate_Average":  41886449691897.094,
    "BlockRate_Live":  468,
    "BlockRate_Average":  468,
    "Diff_Live":  0,
    "Diff_Average":  0,
    "Actual24h_Week":  0,
    "Estimate24h_Week":  0,
    "ErrorRatio":  1
}
