{
    "Live":  0.00000000000016642,
    "Minute":  0.00000000000016642,
    "Minute_Fluctuation":  0,
    "Minute_5":  0.00000000000016642,
    "Minute_5_Fluctuation":  0.016954824566735555,
    "Minute_10":  0.000000000000167378240049296,
    "Minute_10_Fluctuation":  0.032500005384901678,
    "Hour":  0.00000000000017314909059801,
    "Hour_Fluctuation":  0.063228140432344579,
    "Day":  0.000000000000172719227565115,
    "Day_Fluctuation":  0.102025674177152,
    "ThreeDay":  0.000000000000170119102270482,
    "ThreeDay_Fluctuation":  0.093686875380537007,
    "Week":  0.000000000000170119102270482,
    "Week_Fluctuation":  0.093686875380537007,
    "Duration":  "1.12:07:13.2212229",
    "Updated":  "\/Date(1640378736542)\/",
    "Failed":  0,
    "HashRate_Live":  472392114,
    "HashRate_Average":  590370510.94280684,
    "BlockRate_Live":  380,
    "BlockRate_Average":  381.24298771110671,
    "Diff_Live":  0,
    "Diff_Average":  0,
    "Actual24h_Week":  0.0000748408065987835,
    "Estimate24h_Week":  0.0000839305792229934,
    "ErrorRatio":  0.958436408550306
}
