{
    "Live":  0.0000000000000124,
    "Minute":  0.0000000000000124,
    "Minute_Fluctuation":  0,
    "Minute_5":  0.0000000000000123987627611286,
    "Minute_5_Fluctuation":  0.0024409721735996178,
    "Minute_10":  0.0000000000000123101610919969,
    "Minute_10_Fluctuation":  0.021892349741894131,
    "Hour":  0.0000000000000128974452053147,
    "Hour_Fluctuation":  0.13681003184844129,
    "Day":  0.0000000000000195631940698363,
    "Day_Fluctuation":  0.26162260470575616,
    "ThreeDay":  0.0000000000000195631940698363,
    "ThreeDay_Fluctuation":  0.26162260470575616,
    "Week":  0.0000000000000195631940698363,
    "Week_Fluctuation":  0.26162260470575616,
    "Duration":  "11:44:44.0285476",
    "Updated":  "\/Date(1640192915651)\/",
    "Failed":  0,
    "HashRate_Live":  14660155.037013,
    "HashRate_Average":  339285434.97283483,
    "BlockRate_Live":  24,
    "BlockRate_Average":  24.9146096254005,
    "Diff_Live":  0,
    "Diff_Average":  0,
    "Actual24h_Week":  0,
    "Estimate24h_Week":  0,
    "ErrorRatio":  1
}
