{
    "Live":  0.00000000000009849,
    "Minute":  0.00000000000009849,
    "Minute_Fluctuation":  0,
    "Minute_5":  0.000000000000106798746692761,
    "Minute_5_Fluctuation":  0.14667259399244884,
    "Minute_10":  0.000000000000111434837870787,
    "Minute_10_Fluctuation":  0.17768812312374585,
    "Hour":  0.000000000000112195170568592,
    "Hour_Fluctuation":  0.17210519556018311,
    "Day":  0.000000000000122338588830731,
    "Day_Fluctuation":  0.23734694715398352,
    "ThreeDay":  0.000000000000122338588830731,
    "ThreeDay_Fluctuation":  0.23734694715398352,
    "Week":  0.000000000000122338588830731,
    "Week_Fluctuation":  0.2373469471539835,
    "Duration":  "11:44:44.0285476",
    "Updated":  "\/Date(1640192915236)\/",
    "Failed":  0,
    "HashRate_Live":  6684949718.8488,
    "HashRate_Average":  3716884174.0243964,
    "BlockRate_Live":  2498,
    "BlockRate_Average":  2493.2069457500888,
    "Diff_Live":  0,
    "Diff_Average":  0,
    "Actual24h_Week":  0,
    "Estimate24h_Week":  0,
    "ErrorRatio":  1
}
