{
    "Live":  0.00000000124,
    "Minute":  0.00000000124,
    "Minute_Fluctuation":  0,
    "Minute_5":  0.00000000125137258376567,
    "Minute_5_Fluctuation":  0.0201904787071901,
    "Minute_10":  0.00000000126323276343703,
    "Minute_10_Fluctuation":  0.033856906828794345,
    "Hour":  0.0000000011889304205313,
    "Hour_Fluctuation":  0.069017151900443371,
    "Day":  0.00000000116718432125682,
    "Day_Fluctuation":  0.062437887421082458,
    "ThreeDay":  0.00000000116718432125682,
    "ThreeDay_Fluctuation":  0.062437887421082458,
    "Week":  0.00000000116718432125682,
    "Week_Fluctuation":  0.062437887421082458,
    "Duration":  "11:44:44.0285476",
    "Updated":  "\/Date(1640192657495)\/",
    "Failed":  0,
    "HashRate_Live":  0,
    "HashRate_Average":  22.237782239187734,
    "BlockRate_Live":  0,
    "BlockRate_Average":  0,
    "Diff_Live":  0,
    "Diff_Average":  0,
    "Actual24h_Week":  0,
    "Estimate24h_Week":  0,
    "ErrorRatio":  1
}
