{
    "Live":  0.00000000000005708,
    "Minute":  0.00000000000005708,
    "Minute_Fluctuation":  0,
    "Minute_5":  0.0000000000000510628112447207,
    "Minute_5_Fluctuation":  0.1584423954223021,
    "Minute_10":  0.0000000000000462400634427086,
    "Minute_10_Fluctuation":  0.1594098305020745,
    "Hour":  0.0000000000000391559136798279,
    "Hour_Fluctuation":  0.11626052630345131,
    "Day":  0.0000000000000434676752267732,
    "Day_Fluctuation":  0.16888302873614058,
    "ThreeDay":  0.0000000000000434676752267732,
    "ThreeDay_Fluctuation":  0.16888302873614058,
    "Week":  0.0000000000000434676752267732,
    "Week_Fluctuation":  0.16888302873614058,
    "Duration":  "11:44:44.0285476",
    "Updated":  "\/Date(1640192915778)\/",
    "Failed":  0,
    "HashRate_Live":  1010705573.2599,
    "HashRate_Average":  97860207.6181583,
    "BlockRate_Live":  77,
    "BlockRate_Average":  77.602452925211608,
    "Diff_Live":  0,
    "Diff_Average":  0,
    "Actual24h_Week":  0,
    "Estimate24h_Week":  0,
    "ErrorRatio":  1
}
