{
    "Live":  0.00000000175,
    "Minute":  0.00000000175,
    "Minute_Fluctuation":  0,
    "Minute_5":  0.00000000174681441114571,
    "Minute_5_Fluctuation":  0.0096174573081078789,
    "Minute_10":  0.00000000178466610039828,
    "Minute_10_Fluctuation":  0.066511209403611424,
    "Hour":  0.00000000211021234227187,
    "Hour_Fluctuation":  0.21278021240260436,
    "Day":  0.00000000205823952287961,
    "Day_Fluctuation":  0.24782668391060883,
    "ThreeDay":  0.00000000205823952287961,
    "ThreeDay_Fluctuation":  0.24782668391060883,
    "Week":  0.00000000205823952287961,
    "Week_Fluctuation":  0.24782668391060872,
    "Duration":  "11:44:44.0285476",
    "Updated":  "\/Date(1640192916078)\/",
    "Failed":  0,
    "HashRate_Live":  13532.592434027,
    "HashRate_Average":  13658.877456382377,
    "BlockRate_Live":  23,
    "BlockRate_Average":  21.945561442290696,
    "Diff_Live":  0,
    "Diff_Average":  0,
    "Actual24h_Week":  0,
    "Estimate24h_Week":  0,
    "ErrorRatio":  1
}
