{
    "Live":  0.00000033818,
    "Minute":  0.00000033818,
    "Minute_Fluctuation":  0.12952571810287236,
    "Minute_5":  0.000000318677201860598,
    "Minute_5_Fluctuation":  0.067945013950983887,
    "Minute_10":  0.000000330515461894382,
    "Minute_10_Fluctuation":  0.072512963598801022,
    "Hour":  0.000000343897133781883,
    "Hour_Fluctuation":  0.085227321892417163,
    "Day":  0.000000350419107975367,
    "Day_Fluctuation":  0.089959620209013755,
    "ThreeDay":  0.000000350419107975367,
    "ThreeDay_Fluctuation":  0.089959620209013755,
    "Week":  0.000000350419107975367,
    "Week_Fluctuation":  0.089959620209013755,
    "Duration":  "03:17:07.2560019",
    "Updated":  "\/Date(1640109101761)\/",
    "Failed":  0,
    "HashRate_Live":  38.207313239166,
    "HashRate_Average":  96.993707570712218,
    "BlockRate_Live":  145,
    "BlockRate_Average":  154.09677859405033,
    "Diff_Live":  0,
    "Diff_Average":  0,
    "Actual24h_Week":  0,
    "Estimate24h_Week":  0,
    "ErrorRatio":  1
}
