{
    "Live":  0.00000000000395,
    "Minute":  0.00000000000395,
    "Minute_Fluctuation":  0,
    "Minute_5":  0.00000000000379961057044862,
    "Minute_5_Fluctuation":  0.085996376861340165,
    "Minute_10":  0.00000000000361702268235722,
    "Minute_10_Fluctuation":  0.13317062361066828,
    "Hour":  0.00000000000441009693928834,
    "Hour_Fluctuation":  0.19966776994895202,
    "Day":  0.00000000000507063357480723,
    "Day_Fluctuation":  0.14653158184564305,
    "ThreeDay":  0.00000000000507063357480723,
    "ThreeDay_Fluctuation":  0.14653158184564305,
    "Week":  0.00000000000507063357480723,
    "Week_Fluctuation":  0.14653158184564305,
    "Duration":  "11:44:44.0285476",
    "Updated":  "\/Date(1640192915001)\/",
    "Failed":  0,
    "HashRate_Live":  527765.58133248,
    "HashRate_Average":  9025966.7733024489,
    "BlockRate_Live":  116,
    "BlockRate_Average":  114.11591889474195,
    "Diff_Live":  0,
    "Diff_Average":  0,
    "Actual24h_Week":  0,
    "Estimate24h_Week":  0,
    "ErrorRatio":  1
}
