{
    "Live":  0.00000000000730185,
    "Minute":  0.00000000000730185,
    "Minute_Fluctuation":  0,
    "Minute_5":  0.00000000000738031171682289,
    "Minute_5_Fluctuation":  0.0639929372873637,
    "Minute_10":  0.00000000000804903540680454,
    "Minute_10_Fluctuation":  0.16071977375001831,
    "Hour":  0.0000000000110715996951504,
    "Hour_Fluctuation":  0.21352025026928265,
    "Day":  0.0000000000118288499727379,
    "Day_Fluctuation":  0.19882918565425467,
    "ThreeDay":  0.0000000000118288499727379,
    "ThreeDay_Fluctuation":  0.19882918565425467,
    "Week":  0.0000000000118288499727379,
    "Week_Fluctuation":  0.19882918565425467,
    "Duration":  "02:10:58.8556207",
    "Updated":  "\/Date(1640192787119)\/",
    "Failed":  0,
    "HashRate_Live":  0,
    "HashRate_Average":  0,
    "BlockRate_Live":  0,
    "BlockRate_Average":  0,
    "Diff_Live":  0,
    "Diff_Average":  0,
    "Actual24h_Week":  0,
    "Estimate24h_Week":  0,
    "ErrorRatio":  1
}
