{
    "Live":  0.00000000000025447,
    "Minute":  0.00000000000025447,
    "Minute_Fluctuation":  0,
    "Minute_5":  0.00000000000025447,
    "Minute_5_Fluctuation":  0.012470550052252909,
    "Minute_10":  0.000000000000256552697220041,
    "Minute_10_Fluctuation":  0.032039290895436917,
    "Hour":  0.000000000000255314144086728,
    "Hour_Fluctuation":  0.06394055406597815,
    "Day":  0.000000000000287907027499812,
    "Day_Fluctuation":  0.050317923010294544,
    "ThreeDay":  0.000000000000289823888177495,
    "ThreeDay_Fluctuation":  0.043996183422966254,
    "Week":  0.000000000000289823888177495,
    "Week_Fluctuation":  0.043996183422966254,
    "Duration":  "1.12:07:13.2212229",
    "Updated":  "\/Date(1640378733552)\/",
    "Failed":  0,
    "HashRate_Live":  21728191447,
    "HashRate_Average":  22490646048.9302,
    "BlockRate_Live":  473,
    "BlockRate_Average":  466.21144441098392,
    "Diff_Live":  0,
    "Diff_Average":  0,
    "Actual24h_Week":  0.000108930790847902,
    "Estimate24h_Week":  0.000104041216948816,
    "ErrorRatio":  1.01803623389771
}
