{
    "Live":  0.00000000000000927,
    "Minute":  0.00000000000000927,
    "Minute_Fluctuation":  0,
    "Minute_5":  0.0000000000000114309646570432,
    "Minute_5_Fluctuation":  0.26591932542812152,
    "Minute_10":  0.000000000000011744171861852,
    "Minute_10_Fluctuation":  0.2336939390707648,
    "Hour":  0.0000000000000126144308313105,
    "Hour_Fluctuation":  0.23008639116844262,
    "Day":  0.0000000000000175236656257699,
    "Day_Fluctuation":  0.18015322388302232,
    "ThreeDay":  0.0000000000000175236656257699,
    "ThreeDay_Fluctuation":  0.18015322388302232,
    "Week":  0.0000000000000175236656257699,
    "Week_Fluctuation":  0.1801532238830223,
    "Duration":  "11:44:44.0285476",
    "Updated":  "\/Date(1640192786279)\/",
    "Failed":  0,
    "HashRate_Live":  5460871.959897,
    "HashRate_Average":  5134399.165354941,
    "BlockRate_Live":  96,
    "BlockRate_Average":  95.314393071714377,
    "Diff_Live":  0,
    "Diff_Average":  0,
    "Actual24h_Week":  0,
    "Estimate24h_Week":  0,
    "ErrorRatio":  1
}
