{
    "Live":  0.00000021159,
    "Minute":  0.00000021159,
    "Minute_Fluctuation":  0,
    "Minute_5":  0.00000021159,
    "Minute_5_Fluctuation":  0.0062842589523076755,
    "Minute_10":  0.00000021536886342513,
    "Minute_10_Fluctuation":  0.048099942660813043,
    "Hour":  0.00000024112405018541,
    "Hour_Fluctuation":  0.0611602614215728,
    "Day":  0.000000203161377349056,
    "Day_Fluctuation":  0.13889392163646655,
    "ThreeDay":  0.000000197946228603072,
    "ThreeDay_Fluctuation":  0.12641290438246433,
    "Week":  0.000000197946228603072,
    "Week_Fluctuation":  0.12641290438246433,
    "Duration":  "1.12:07:13.2212229",
    "Updated":  "\/Date(1640378735153)\/",
    "Failed":  0,
    "HashRate_Live":  21586,
    "HashRate_Average":  21999.164756674076,
    "BlockRate_Live":  597,
    "BlockRate_Average":  596.14393423549711,
    "Diff_Live":  0,
    "Diff_Average":  0,
    "Actual24h_Week":  0.0000838098255457019,
    "Estimate24h_Week":  0.0000986156241012309,
    "ErrorRatio":  0.94238091246392
}
