{
    "Live":  0.00000000000000005,
    "Minute":  0.00000000000000005,
    "Minute_Fluctuation":  0,
    "Minute_5":  0.0000000000000000485600443204,
    "Minute_5_Fluctuation":  0.10196912953115991,
    "Minute_10":  0.0000000000000000438535982544,
    "Minute_10_Fluctuation":  0.2823642120619545,
    "Hour":  0.0000000000000001388868278191,
    "Hour_Fluctuation":  0.71873093080183448,
    "Day":  0.0000000000000001816202226948,
    "Day_Fluctuation":  0.70004220537083162,
    "ThreeDay":  0.0000000000000001816202226948,
    "ThreeDay_Fluctuation":  0.70004220537083162,
    "Week":  0.0000000000000001816202226948,
    "Week_Fluctuation":  0.70004220537083162,
    "Duration":  "02:04:08.0928824",
    "Updated":  "\/Date(1640192915470)\/",
    "Failed":  0,
    "HashRate_Live":  19885972542.127,
    "HashRate_Average":  21784654505.345985,
    "BlockRate_Live":  23,
    "BlockRate_Average":  22.70860603538874,
    "Diff_Live":  0,
    "Diff_Average":  0,
    "Actual24h_Week":  0,
    "Estimate24h_Week":  0,
    "ErrorRatio":  1
}
