{
    "Live":  0.00000024296,
    "Minute":  0.00000024296,
    "Minute_Fluctuation":  0,
    "Minute_5":  0.000000244032862161541,
    "Minute_5_Fluctuation":  0.015166771454014133,
    "Minute_10":  0.000000249257917097114,
    "Minute_10_Fluctuation":  0.044610089295147939,
    "Hour":  0.000000280122662334556,
    "Hour_Fluctuation":  0.091756504077542017,
    "Day":  0.000000333268230843042,
    "Day_Fluctuation":  0.10679926017320915,
    "ThreeDay":  0.000000333268230843042,
    "ThreeDay_Fluctuation":  0.10679926017320915,
    "Week":  0.000000333268230843042,
    "Week_Fluctuation":  0.10679926017320915,
    "Duration":  "11:44:44.0285476",
    "Updated":  "\/Date(1640192269419)\/",
    "Failed":  0,
    "HashRate_Live":  0,
    "HashRate_Average":  3.2694705013283207,
    "BlockRate_Live":  0,
    "BlockRate_Average":  0,
    "Diff_Live":  0,
    "Diff_Average":  0,
    "Actual24h_Week":  0,
    "Estimate24h_Week":  0,
    "ErrorRatio":  1
}
