{
    "Live":  0.00000000103,
    "Minute":  0.00000000103,
    "Minute_Fluctuation":  0,
    "Minute_5":  0.0000000011731010573263,
    "Minute_5_Fluctuation":  0.18363888511890458,
    "Minute_10":  0.00000000133643486731821,
    "Minute_10_Fluctuation":  0.20310402799221219,
    "Hour":  0.00000000145058228365418,
    "Hour_Fluctuation":  0.18120049356286833,
    "Day":  0.00000000173354633284102,
    "Day_Fluctuation":  0.33286147966887314,
    "ThreeDay":  0.00000000173354633284102,
    "ThreeDay_Fluctuation":  0.33286147966887314,
    "Week":  0.00000000173354633284102,
    "Week_Fluctuation":  0.33286147966887314,
    "Duration":  "11:44:44.0285476",
    "Updated":  "\/Date(1640192915045)\/",
    "Failed":  0,
    "HashRate_Live":  205609.4807906,
    "HashRate_Average":  77410.863887685045,
    "BlockRate_Live":  59,
    "BlockRate_Average":  56.379956449489548,
    "Diff_Live":  0,
    "Diff_Average":  0,
    "Actual24h_Week":  0,
    "Estimate24h_Week":  0,
    "ErrorRatio":  1
}
