{
    "Live":  0.00000000000206,
    "Minute":  0.00000000000206,
    "Minute_Fluctuation":  0,
    "Minute_5":  0.00000000000206,
    "Minute_5_Fluctuation":  0.0012822162816773454,
    "Minute_10":  0.00000000000203249242985253,
    "Minute_10_Fluctuation":  0.048131237330863171,
    "Hour":  0.00000000000192995432597738,
    "Hour_Fluctuation":  0.093371141574141128,
    "Day":  0.00000000000268469638839729,
    "Day_Fluctuation":  0.14236032487753597,
    "ThreeDay":  0.00000000000276139564729872,
    "ThreeDay_Fluctuation":  0.12284192467659298,
    "Week":  0.00000000000276139564729872,
    "Week_Fluctuation":  0.12284192467659298,
    "Duration":  "1.12:07:13.2212229",
    "Updated":  "\/Date(1640378736906)\/",
    "Failed":  0,
    "HashRate_Live":  11065325,
    "HashRate_Average":  13875849.949538164,
    "BlockRate_Live":  485,
    "BlockRate_Average":  498.22997220086859,
    "Diff_Live":  0,
    "Diff_Average":  0,
    "Actual24h_Week":  0.00000142981038266069,
    "Estimate24h_Week":  0.000000742465702389146,
    "ErrorRatio":  1.3552862884041
}
