{
    "Live":  0.00000000000000119,
    "Minute":  0.00000000000000119,
    "Minute_Fluctuation":  0,
    "Minute_5":  0.00000000000000119,
    "Minute_5_Fluctuation":  1.6572708092878404E-16,
    "Minute_10":  0.00000000000000119,
    "Minute_10_Fluctuation":  3.3145417516038487E-16,
    "Hour":  0.0000000000000011900089452853,
    "Hour_Fluctuation":  0.00010027357215192255,
    "Day":  0.0000000000000012364973858337,
    "Day_Fluctuation":  0.10036644166775373,
    "ThreeDay":  0.0000000000000012364973858337,
    "ThreeDay_Fluctuation":  0.10036644166775373,
    "Week":  0.0000000000000012364973858337,
    "Week_Fluctuation":  0.10036644166775371,
    "Duration":  "11:44:44.0285476",
    "Updated":  "\/Date(1640161716799)\/",
    "Failed":  0,
    "HashRate_Live":  0,
    "HashRate_Average":  509670.89338533644,
    "BlockRate_Live":  32,
    "BlockRate_Average":  47.511571743702412,
    "Diff_Live":  0,
    "Diff_Average":  0,
    "Actual24h_Week":  0,
    "Estimate24h_Week":  0,
    "ErrorRatio":  1
}
