{
    "Live":  0.00000000000000000373879,
    "Minute":  0.00000000000000000373879,
    "Minute_Fluctuation":  0.02036477565178467,
    "Minute_5":  0.0000000000000000037011961853,
    "Minute_5_Fluctuation":  0.008152725056339764,
    "Minute_10":  0.0000000000000000037127859336,
    "Minute_10_Fluctuation":  0.00819527755570427,
    "Hour":  0.0000000000000000038018594568,
    "Hour_Fluctuation":  0.021558897880527183,
    "Day":  0.0000000000000000038577367561,
    "Day_Fluctuation":  0.023257910851322124,
    "ThreeDay":  0.0000000000000000038577367561,
    "ThreeDay_Fluctuation":  0.023257910851322124,
    "Week":  0.0000000000000000038577367561,
    "Week_Fluctuation":  0.023257910851322124,
    "Duration":  "03:17:07.2560019",
    "Updated":  "\/Date(1640109101715)\/",
    "Failed":  0,
    "HashRate_Live":  0,
    "HashRate_Average":  0,
    "BlockRate_Live":  35,
    "BlockRate_Average":  44.397927394617412,
    "Diff_Live":  0,
    "Diff_Average":  0,
    "Actual24h_Week":  0,
    "Estimate24h_Week":  0,
    "ErrorRatio":  1
}
