{
    "Live":  0.00000000000007181,
    "Minute":  0.00000000000007181,
    "Minute_Fluctuation":  0,
    "Minute_5":  0.0000000000000711635904501709,
    "Minute_5_Fluctuation":  0.024881334259074732,
    "Minute_10":  0.0000000000000719665530616238,
    "Minute_10_Fluctuation":  0.050107761321227406,
    "Hour":  0.0000000000000736001399176306,
    "Hour_Fluctuation":  0.075585480481385039,
    "Day":  0.0000000000000769397193086801,
    "Day_Fluctuation":  0.0983516179218044,
    "ThreeDay":  0.0000000000000769397193086801,
    "ThreeDay_Fluctuation":  0.0983516179218044,
    "Week":  0.0000000000000769397193086801,
    "Week_Fluctuation":  0.0983516179218044,
    "Duration":  "11:44:44.0285476",
    "Updated":  "\/Date(1640192915249)\/",
    "Failed":  0,
    "HashRate_Live":  0,
    "HashRate_Average":  775806839.218671,
    "BlockRate_Live":  170,
    "BlockRate_Average":  172.43291852622772,
    "Diff_Live":  0,
    "Diff_Average":  0,
    "Actual24h_Week":  0,
    "Estimate24h_Week":  0,
    "ErrorRatio":  1
}
