{
    "Live":  0.00000000000000005331,
    "Minute":  0.00000000000000005331,
    "Minute_Fluctuation":  0,
    "Minute_5":  0.000000000000000469019596373,
    "Minute_5_Fluctuation":  0.8351596889021,
    "Minute_10":  0.0000000000000008564438149106,
    "Minute_10_Fluctuation":  0.75404181299142137,
    "Hour":  0.0000000000000008790278695267,
    "Hour_Fluctuation":  0.74869143447604,
    "Day":  0.0000000000000008790278695267,
    "Day_Fluctuation":  0.74869143447603992,
    "ThreeDay":  0.0000000000000008790278695267,
    "ThreeDay_Fluctuation":  0.74869143447603992,
    "Week":  0.0000000000000008790278695267,
    "Week_Fluctuation":  0.74869143447603992,
    "Duration":  "00:12:57.0246002",
    "Updated":  "\/Date(1640192915444)\/",
    "Failed":  0,
    "HashRate_Live":  23990610710.32,
    "HashRate_Average":  58940302872.609665,
    "BlockRate_Live":  24,
    "BlockRate_Average":  23.728617223317844,
    "Diff_Live":  0,
    "Diff_Average":  0,
    "Actual24h_Week":  0,
    "Estimate24h_Week":  0,
    "ErrorRatio":  1
}
