{
    "Live":  0.00000000013,
    "Minute":  0.00000000013,
    "Minute_Fluctuation":  0,
    "Minute_5":  0.00000000013,
    "Minute_5_Fluctuation":  0.027387096273696288,
    "Minute_10":  0.000000000134293358117411,
    "Minute_10_Fluctuation":  0.072388740148706818,
    "Hour":  0.000000000124459360765013,
    "Hour_Fluctuation":  0.12570789546869085,
    "Day":  0.000000000125224463835072,
    "Day_Fluctuation":  0.074636707475328939,
    "ThreeDay":  0.000000000125304080985017,
    "ThreeDay_Fluctuation":  0.066937661284854968,
    "Week":  0.000000000125304080985017,
    "Week_Fluctuation":  0.066937661284854968,
    "Duration":  "1.12:07:13.2212229",
    "Updated":  "\/Date(1640378737108)\/",
    "Failed":  0,
    "HashRate_Live":  1602890,
    "HashRate_Average":  1265736.0598568418,
    "BlockRate_Live":  38,
    "BlockRate_Average":  39.015822133852126,
    "Diff_Live":  0,
    "Diff_Average":  0,
    "Actual24h_Week":  0.0000000490281550789688,
    "Estimate24h_Week":  0.0000000585855676690756,
    "ErrorRatio":  0.937391981313752
}
