{
    "Live":  0.00000000246,
    "Minute":  0.00000000246,
    "Minute_Fluctuation":  0.039062500000000021,
    "Minute_5":  0.00000000247258270264152,
    "Minute_5_Fluctuation":  0.037369436075423951,
    "Minute_10":  0.00000000245152074792,
    "Minute_10_Fluctuation":  0.046537878242858322,
    "Hour":  0.00000000230589142233494,
    "Hour_Fluctuation":  0.142110742605851,
    "Day":  0.0000000020414861653709,
    "Day_Fluctuation":  0.16969851985228795,
    "ThreeDay":  0.0000000020414861653709,
    "ThreeDay_Fluctuation":  0.169698519852288,
    "Week":  0.0000000020414861653709,
    "Week_Fluctuation":  0.16969851985228795,
    "Duration":  "03:17:07.2560019",
    "Updated":  "\/Date(1640109101575)\/",
    "Failed":  0,
    "HashRate_Live":  7520.0852810549,
    "HashRate_Average":  6519.3929994083937,
    "BlockRate_Live":  10,
    "BlockRate_Average":  10.302852208207428,
    "Diff_Live":  0,
    "Diff_Average":  0,
    "Actual24h_Week":  0,
    "Estimate24h_Week":  0,
    "ErrorRatio":  1
}
