{
    "Live":  0.00000000000016665,
    "Minute":  0.00000000000016665,
    "Minute_Fluctuation":  0,
    "Minute_5":  0.00000000000016665,
    "Minute_5_Fluctuation":  3.0295931822348763E-16,
    "Minute_10":  0.000000000000166650000006779,
    "Minute_10_Fluctuation":  1.0006477219017112E-09,
    "Hour":  0.000000000000168071417953499,
    "Hour_Fluctuation":  0.034086276525958546,
    "Day":  0.000000000000202237722756105,
    "Day_Fluctuation":  0.24077402999072484,
    "ThreeDay":  0.000000000000202237722756105,
    "ThreeDay_Fluctuation":  0.24077402999072484,
    "Week":  0.000000000000202237722756105,
    "Week_Fluctuation":  0.24077402999072484,
    "Duration":  "11:44:44.0285476",
    "Updated":  "\/Date(1640190754881)\/",
    "Failed":  0,
    "HashRate_Live":  0,
    "HashRate_Average":  61002936.608242922,
    "BlockRate_Live":  568,
    "BlockRate_Average":  593.87711567478016,
    "Diff_Live":  0,
    "Diff_Average":  0,
    "Actual24h_Week":  0,
    "Estimate24h_Week":  0,
    "ErrorRatio":  1
}
