{
    "Live":  0.00000000000298,
    "Minute":  0.00000000000298,
    "Minute_Fluctuation":  0,
    "Minute_5":  0.00000000000285359940393451,
    "Minute_5_Fluctuation":  0.060106583207815985,
    "Minute_10":  0.00000000000282324486740238,
    "Minute_10_Fluctuation":  0.073992309387215821,
    "Hour":  0.00000000000313851719510961,
    "Hour_Fluctuation":  0.14319532133279506,
    "Day":  0.00000000000339709585138323,
    "Day_Fluctuation":  0.19534467760563654,
    "ThreeDay":  0.00000000000339709585138323,
    "ThreeDay_Fluctuation":  0.19534467760563656,
    "Week":  0.00000000000339709585138323,
    "Week_Fluctuation":  0.19534467760563654,
    "Duration":  "11:44:44.0285476",
    "Updated":  "\/Date(1640192915274)\/",
    "Failed":  0,
    "HashRate_Live":  0,
    "HashRate_Average":  4.5980752621776073,
    "BlockRate_Live":  0,
    "BlockRate_Average":  0,
    "Diff_Live":  0,
    "Diff_Average":  0,
    "Actual24h_Week":  0,
    "Estimate24h_Week":  0,
    "ErrorRatio":  1
}
