{
    "Live":  0.00000000000001099,
    "Minute":  0.00000000000001099,
    "Minute_Fluctuation":  0,
    "Minute_5":  0.00000000000001099,
    "Minute_5_Fluctuation":  0.016570436352398087,
    "Minute_10":  0.0000000000000105949999025669,
    "Minute_10_Fluctuation":  0.12949567206148133,
    "Hour":  0.0000000000000082650784437173,
    "Hour_Fluctuation":  0.24960194832225474,
    "Day":  0.0000000000000104338800419346,
    "Day_Fluctuation":  0.085209356315618254,
    "ThreeDay":  0.0000000000000105333548093435,
    "ThreeDay_Fluctuation":  0.0703508173368992,
    "Week":  0.0000000000000105333548093435,
    "Week_Fluctuation":  0.0703508173368992,
    "Duration":  "1.12:07:13.2212229",
    "Updated":  "\/Date(1640378735350)\/",
    "Failed":  0,
    "HashRate_Live":  7934515711,
    "HashRate_Average":  8853852992.5587158,
    "BlockRate_Live":  146,
    "BlockRate_Average":  142.12929673841811,
    "Diff_Live":  0,
    "Diff_Average":  0,
    "Actual24h_Week":  0.00000388001129403284,
    "Estimate24h_Week":  0.00000388043791656698,
    "ErrorRatio":  0.999957806716915
}
