{
    "Live":  0.00000000000000000205975,
    "Minute":  0.00000000000000000205975,
    "Minute_Fluctuation":  0,
    "Minute_5":  0.000000000000000001748189949,
    "Minute_5_Fluctuation":  0.12815475638411772,
    "Minute_10":  0.0000000000000000016360480184,
    "Minute_10_Fluctuation":  0.11194323936112995,
    "Hour":  0.0000000000000000012983898121,
    "Hour_Fluctuation":  0.30469178960077065,
    "Day":  0.0000000000000000010478841039,
    "Day_Fluctuation":  0.274963385508448,
    "ThreeDay":  0.0000000000000000010478841039,
    "ThreeDay_Fluctuation":  0.274963385508448,
    "Week":  0.0000000000000000010478841039,
    "Week_Fluctuation":  0.274963385508448,
    "Duration":  "11:44:44.0285476",
    "Updated":  "\/Date(1640192915903)\/",
    "Failed":  0,
    "HashRate_Live":  0,
    "HashRate_Average":  0,
    "BlockRate_Live":  0,
    "BlockRate_Average":  0,
    "Diff_Live":  0,
    "Diff_Average":  0,
    "Actual24h_Week":  0,
    "Estimate24h_Week":  0,
    "ErrorRatio":  1
}
