{
    "Live":  0.00000000000000000531547,
    "Minute":  0.00000000000000000531547,
    "Minute_Fluctuation":  0,
    "Minute_5":  0.000000000000000005309029514,
    "Minute_5_Fluctuation":  0.0026297321827831424,
    "Minute_10":  0.0000000000000000052965491706,
    "Minute_10_Fluctuation":  0.0043988592507707468,
    "Hour":  0.0000000000000000052601704638,
    "Hour_Fluctuation":  0.0050306014483248391,
    "Day":  0.0000000000000000052467102633,
    "Day_Fluctuation":  0.0050259595422872706,
    "ThreeDay":  0.0000000000000000052467102633,
    "ThreeDay_Fluctuation":  0.0050259595422872706,
    "Week":  0.0000000000000000052467102633,
    "Week_Fluctuation":  0.0050259595422872706,
    "Duration":  "11:44:44.0285476",
    "Updated":  "\/Date(1640192656437)\/",
    "Failed":  0,
    "HashRate_Live":  0,
    "HashRate_Average":  0,
    "BlockRate_Live":  0,
    "BlockRate_Average":  0,
    "Diff_Live":  0,
    "Diff_Average":  0,
    "Actual24h_Week":  0,
    "Estimate24h_Week":  0,
    "ErrorRatio":  1
}
