{
    "Live":  0.00000000000433,
    "Minute":  0.00000000000433,
    "Minute_Fluctuation":  0,
    "Minute_5":  0.00000000000429698879230694,
    "Minute_5_Fluctuation":  0.022386439456784209,
    "Minute_10":  0.0000000000043035445441483,
    "Minute_10_Fluctuation":  0.049751310042228589,
    "Hour":  0.00000000000532647677781885,
    "Hour_Fluctuation":  0.16792118986800805,
    "Day":  0.00000000000556003888815441,
    "Day_Fluctuation":  0.28561960325518154,
    "ThreeDay":  0.00000000000556003888815441,
    "ThreeDay_Fluctuation":  0.2856196032551816,
    "Week":  0.00000000000556003888815441,
    "Week_Fluctuation":  0.2856196032551816,
    "Duration":  "11:44:44.0285476",
    "Updated":  "\/Date(1640192462162)\/",
    "Failed":  0,
    "HashRate_Live":  0,
    "HashRate_Average":  653727.74274432566,
    "BlockRate_Live":  30,
    "BlockRate_Average":  28.34846030019516,
    "Diff_Live":  0,
    "Diff_Average":  0,
    "Actual24h_Week":  0,
    "Estimate24h_Week":  0,
    "ErrorRatio":  1
}
