{
    "Live":  0.0000000000017981,
    "Minute":  0.0000000000017981,
    "Minute_Fluctuation":  0,
    "Minute_5":  0.0000000000017981,
    "Minute_5_Fluctuation":  0.011158259222944675,
    "Minute_10":  0.00000000000177877594792666,
    "Minute_10_Fluctuation":  0.021579924280160669,
    "Hour":  0.00000000000173289587932137,
    "Hour_Fluctuation":  0.031116663062543792,
    "Day":  0.00000000000160718605742818,
    "Day_Fluctuation":  0.04575979940633973,
    "ThreeDay":  0.00000000000160718605742818,
    "ThreeDay_Fluctuation":  0.04575979940633973,
    "Week":  0.00000000000160718605742818,
    "Week_Fluctuation":  0.04575979940633973,
    "Duration":  "11:57:12.5907376",
    "Updated":  "\/Date(1640378733138)\/",
    "Failed":  0,
    "HashRate_Live":  1677173849,
    "HashRate_Average":  1021410444.7289835,
    "BlockRate_Live":  3,
    "BlockRate_Average":  3,
    "Diff_Live":  0,
    "Diff_Average":  0,
    "Actual24h_Week":  0.0000779994502936519,
    "Estimate24h_Week":  0.00161890690870782,
    "ErrorRatio":  0.869371347086808
}
