{
    "Live":  0.00000000131,
    "Minute":  0.00000000131,
    "Minute_Fluctuation":  0,
    "Minute_5":  0.00000000131062532371277,
    "Minute_5_Fluctuation":  0.011055916095142454,
    "Minute_10":  0.00000000128382534714661,
    "Minute_10_Fluctuation":  0.059689109508861651,
    "Hour":  0.00000000116499295667618,
    "Hour_Fluctuation":  0.09517181276186816,
    "Day":  0.00000000119165316123247,
    "Day_Fluctuation":  0.071816440499332793,
    "ThreeDay":  0.00000000119165316123247,
    "ThreeDay_Fluctuation":  0.071816440499332793,
    "Week":  0.00000000119165316123247,
    "Week_Fluctuation":  0.071816440499332793,
    "Duration":  "11:44:44.0285476",
    "Updated":  "\/Date(1640192657492)\/",
    "Failed":  0,
    "HashRate_Live":  0,
    "HashRate_Average":  18.835574768111822,
    "BlockRate_Live":  0,
    "BlockRate_Average":  0,
    "Diff_Live":  0,
    "Diff_Average":  0,
    "Actual24h_Week":  0,
    "Estimate24h_Week":  0,
    "ErrorRatio":  1
}
