{
    "Live":  0.0000000000003661,
    "Minute":  0.0000000000003661,
    "Minute_Fluctuation":  0,
    "Minute_5":  0.000000000000208633840535985,
    "Minute_5_Fluctuation":  0.26869304525004162,
    "Minute_10":  0.00000000000024188758388284,
    "Minute_10_Fluctuation":  0.726710022382109,
    "Hour":  0.000000000000347984471525348,
    "Hour_Fluctuation":  0.42343666755143344,
    "Day":  0.000000000000364850397396445,
    "Day_Fluctuation":  0.45551505306952061,
    "ThreeDay":  0.000000000000364850397396445,
    "ThreeDay_Fluctuation":  0.45551505306952061,
    "Week":  0.000000000000364850397396445,
    "Week_Fluctuation":  0.45551505306952061,
    "Duration":  "11:44:44.0285476",
    "Updated":  "\/Date(1640192915942)\/",
    "Failed":  0,
    "HashRate_Live":  544895253.08621,
    "HashRate_Average":  425444060.15519196,
    "BlockRate_Live":  1,
    "BlockRate_Average":  1,
    "Diff_Live":  0,
    "Diff_Average":  0,
    "Actual24h_Week":  0,
    "Estimate24h_Week":  0,
    "ErrorRatio":  1
}
