{
    "Live":  0.00000000000162,
    "Minute":  0.00000000000162,
    "Minute_Fluctuation":  0,
    "Minute_5":  0.00000000000162,
    "Minute_5_Fluctuation":  0.0027811693936656955,
    "Minute_10":  0.00000000000161634426772669,
    "Minute_10_Fluctuation":  0.0049017141647135342,
    "Hour":  0.00000000000165320158410386,
    "Hour_Fluctuation":  0.070289543292647985,
    "Day":  0.00000000000146618501270795,
    "Day_Fluctuation":  0.071558257049228566,
    "ThreeDay":  0.00000000000144447978780448,
    "ThreeDay_Fluctuation":  0.062443217452293462,
    "Week":  0.00000000000144447978780448,
    "Week_Fluctuation":  0.062443217452293462,
    "Duration":  "1.12:07:13.2212229",
    "Updated":  "\/Date(1640378731957)\/",
    "Failed":  0,
    "HashRate_Live":  321549885,
    "HashRate_Average":  503859190.45096767,
    "BlockRate_Live":  114,
    "BlockRate_Average":  105.27087960608803,
    "Diff_Live":  0,
    "Diff_Average":  0,
    "Actual24h_Week":  0.000000627268190544231,
    "Estimate24h_Week":  0.000000696153316144046,
    "ErrorRatio":  0.962024733860484
}
