{
    "Live":  0.00000000000002683,
    "Minute":  0.00000000000002683,
    "Minute_Fluctuation":  0,
    "Minute_5":  0.0000000000000268264566730886,
    "Minute_5_Fluctuation":  0.00063723528868025884,
    "Minute_10":  0.0000000000000267797044058163,
    "Minute_10_Fluctuation":  0.0064600113086397595,
    "Hour":  0.0000000000000279660406488941,
    "Hour_Fluctuation":  0.15841469937015767,
    "Day":  0.0000000000000266458703279833,
    "Day_Fluctuation":  0.24183593567717632,
    "ThreeDay":  0.0000000000000266458703279833,
    "ThreeDay_Fluctuation":  0.24183593567717632,
    "Week":  0.0000000000000266458703279833,
    "Week_Fluctuation":  0.24183593567717632,
    "Duration":  "11:44:44.0285476",
    "Updated":  "\/Date(1640191945476)\/",
    "Failed":  0,
    "HashRate_Live":  0,
    "HashRate_Average":  26497.308692406496,
    "BlockRate_Live":  0,
    "BlockRate_Average":  0,
    "Diff_Live":  0,
    "Diff_Average":  0,
    "Actual24h_Week":  0,
    "Estimate24h_Week":  0,
    "ErrorRatio":  1
}
