{
    "Live":  0.00000000000046652,
    "Minute":  0.00000000000046652,
    "Minute_Fluctuation":  0,
    "Minute_5":  0.000000000000451121811045789,
    "Minute_5_Fluctuation":  0.045560038817218221,
    "Minute_10":  0.000000000000434269503583004,
    "Minute_10_Fluctuation":  0.077940737262288021,
    "Hour":  0.000000000000455081706196534,
    "Hour_Fluctuation":  0.18581386809223407,
    "Day":  0.000000000000532255541351736,
    "Day_Fluctuation":  0.25826491652383976,
    "ThreeDay":  0.000000000000532255541351736,
    "ThreeDay_Fluctuation":  0.25826491652383976,
    "Week":  0.000000000000532255541351736,
    "Week_Fluctuation":  0.25826491652383976,
    "Duration":  "08:11:38.1522123",
    "Updated":  "\/Date(1640192915365)\/",
    "Failed":  0,
    "HashRate_Live":  258481554.32725,
    "HashRate_Average":  203685970.34237874,
    "BlockRate_Live":  235,
    "BlockRate_Average":  263.14482583373643,
    "Diff_Live":  0,
    "Diff_Average":  0,
    "Actual24h_Week":  0,
    "Estimate24h_Week":  0,
    "ErrorRatio":  1
}
