{
    "Live":  0.00000000000000000418558,
    "Minute":  0.00000000000000000418558,
    "Minute_Fluctuation":  0,
    "Minute_5":  0.0000000000000000053150736943,
    "Minute_5_Fluctuation":  0.31866682793616707,
    "Minute_10":  0.0000000000000000052912169542,
    "Minute_10_Fluctuation":  0.42352351668839211,
    "Hour":  0.0000000000000000044177309148,
    "Hour_Fluctuation":  0.2127924882539923,
    "Day":  0.0000000000000000043001395833,
    "Day_Fluctuation":  0.14233788558285831,
    "ThreeDay":  0.0000000000000000043001395833,
    "ThreeDay_Fluctuation":  0.14233788558285831,
    "Week":  0.0000000000000000043001395833,
    "Week_Fluctuation":  0.14233788558285829,
    "Duration":  "11:44:44.0285476",
    "Updated":  "\/Date(1640192786284)\/",
    "Failed":  0,
    "HashRate_Live":  0,
    "HashRate_Average":  317382851931.51117,
    "BlockRate_Live":  333,
    "BlockRate_Average":  337.4850938348294,
    "Diff_Live":  0,
    "Diff_Average":  0,
    "Actual24h_Week":  0,
    "Estimate24h_Week":  0,
    "ErrorRatio":  1
}
