{
    "Live":  0.00000000117562,
    "Minute":  0.00000000117562,
    "Minute_Fluctuation":  0,
    "Minute_5":  0.00000000117562,
    "Minute_5_Fluctuation":  0.043099999696295334,
    "Minute_10":  0.00000000119961419098083,
    "Minute_10_Fluctuation":  0.071542838386869118,
    "Hour":  0.00000000107430955480344,
    "Hour_Fluctuation":  0.11584391185537618,
    "Day":  0.00000000106711097050074,
    "Day_Fluctuation":  0.041284570703433832,
    "ThreeDay":  0.00000000107324801245556,
    "ThreeDay_Fluctuation":  0.034473663522026181,
    "Week":  0.00000000107324801245556,
    "Week_Fluctuation":  0.034473663522026188,
    "Duration":  "1.12:07:13.2212229",
    "Updated":  "\/Date(1640378733961)\/",
    "Failed":  0,
    "HashRate_Live":  1565007,
    "HashRate_Average":  1276017.895323487,
    "BlockRate_Live":  42,
    "BlockRate_Average":  39.948482142005474,
    "Diff_Live":  0,
    "Diff_Average":  0,
    "Actual24h_Week":  0.000346189690453826,
    "Estimate24h_Week":  0.000431293952760312,
    "ErrorRatio":  0.924271699493048
}
