{
    "Live":  0.00000100114,
    "Minute":  0.00000100114,
    "Minute_Fluctuation":  0,
    "Minute_5":  0.000000932779532732003,
    "Minute_5_Fluctuation":  0.10520960531445184,
    "Minute_10":  0.00000086814904645406,
    "Minute_10_Fluctuation":  0.11671335135286302,
    "Hour":  0.000000734434002519367,
    "Hour_Fluctuation":  0.12880468261946029,
    "Day":  0.000000678806602753403,
    "Day_Fluctuation":  0.12747167175918031,
    "ThreeDay":  0.000000678806602753403,
    "ThreeDay_Fluctuation":  0.12747167175918031,
    "Week":  0.000000678806602753403,
    "Week_Fluctuation":  0.12747167175918031,
    "Duration":  "11:44:44.0285476",
    "Updated":  "\/Date(1640192916081)\/",
    "Failed":  0,
    "HashRate_Live":  1134.2292794036,
    "HashRate_Average":  194.89271030069909,
    "BlockRate_Live":  45,
    "BlockRate_Average":  44.723038999494776,
    "Diff_Live":  0,
    "Diff_Average":  0,
    "Actual24h_Week":  0,
    "Estimate24h_Week":  0,
    "ErrorRatio":  1
}
