{
    "Live":  0.00000000000000039534,
    "Minute":  0.00000000000000039534,
    "Minute_Fluctuation":  0,
    "Minute_5":  0.00000000000000039534,
    "Minute_5_Fluctuation":  0.069018712074228078,
    "Minute_10":  0.0000000000000004161865891219,
    "Minute_10_Fluctuation":  0.09133360941262722,
    "Hour":  0.0000000000000004633645742291,
    "Hour_Fluctuation":  0.10473200731222461,
    "Day":  0.0000000000000004098794376206,
    "Day_Fluctuation":  0.096491703594747666,
    "ThreeDay":  0.000000000000000403124639885,
    "ThreeDay_Fluctuation":  0.0848122122826634,
    "Week":  0.000000000000000403124639885,
    "Week_Fluctuation":  0.0848122122826634,
    "Duration":  "1.12:07:13.2212229",
    "Updated":  "\/Date(1640378735857)\/",
    "Failed":  0,
    "HashRate_Live":  3496301987394,
    "HashRate_Average":  3442016965447.4141,
    "BlockRate_Live":  205,
    "BlockRate_Average":  174.31217278414846,
    "Diff_Live":  0,
    "Diff_Average":  0,
    "Actual24h_Week":  0.000181182795290316,
    "Estimate24h_Week":  0.000180948999588043,
    "ErrorRatio":  1.00049586174566
}
