{
    "Live":  0.0000000000007744,
    "Minute":  0.0000000000007744,
    "Minute_Fluctuation":  0,
    "Minute_5":  0.000000000000779256891069156,
    "Minute_5_Fluctuation":  0.00796226538447777,
    "Minute_10":  0.000000000000784926950249276,
    "Minute_10_Fluctuation":  0.019220077820890389,
    "Hour":  0.000000000000723867636302086,
    "Hour_Fluctuation":  0.11474476767554445,
    "Day":  0.000000000000558244571105008,
    "Day_Fluctuation":  0.17867353736144384,
    "ThreeDay":  0.000000000000558244571105008,
    "ThreeDay_Fluctuation":  0.17867353736144387,
    "Week":  0.000000000000558244571105008,
    "Week_Fluctuation":  0.17867353736144384,
    "Duration":  "11:44:44.0285476",
    "Updated":  "\/Date(1640192915269)\/",
    "Failed":  0,
    "HashRate_Live":  2015278255.3438,
    "HashRate_Average":  2309190730.5105081,
    "BlockRate_Live":  802,
    "BlockRate_Average":  782.89072468343284,
    "Diff_Live":  0,
    "Diff_Average":  0,
    "Actual24h_Week":  0,
    "Estimate24h_Week":  0,
    "ErrorRatio":  1
}
