{
    "Live":  0.0000000006,
    "Minute":  0.0000000006,
    "Minute_Fluctuation":  0,
    "Minute_5":  0.000000000650037404230822,
    "Minute_5_Fluctuation":  0.17363505822801678,
    "Minute_10":  0.00000000075758355708515,
    "Minute_10_Fluctuation":  0.23737802492224722,
    "Hour":  0.000000000844459406551141,
    "Hour_Fluctuation":  0.24347988055232164,
    "Day":  0.00000000101609103677002,
    "Day_Fluctuation":  0.46200832521488366,
    "ThreeDay":  0.00000000101609103677002,
    "ThreeDay_Fluctuation":  0.46200832521488355,
    "Week":  0.00000000101609103677002,
    "Week_Fluctuation":  0.46200832521488361,
    "Duration":  "11:44:44.0285476",
    "Updated":  "\/Date(1640192786105)\/",
    "Failed":  0,
    "HashRate_Live":  0,
    "HashRate_Average":  22.321544722230112,
    "BlockRate_Live":  3,
    "BlockRate_Average":  3.1822741859766115,
    "Diff_Live":  0,
    "Diff_Average":  0,
    "Actual24h_Week":  0,
    "Estimate24h_Week":  0,
    "ErrorRatio":  1
}
