{
    "Live":  0.00000000000003251,
    "Minute":  0.00000000000003251,
    "Minute_Fluctuation":  0,
    "Minute_5":  0.0000000000000325218956147953,
    "Minute_5_Fluctuation":  0.0018132675823681319,
    "Minute_10":  0.0000000000000333925062481912,
    "Minute_10_Fluctuation":  0.093800167020532732,
    "Hour":  0.0000000000000760775048933536,
    "Hour_Fluctuation":  0.41049503591756736,
    "Day":  0.0000000000000709489969425212,
    "Day_Fluctuation":  0.26820957219030173,
    "ThreeDay":  0.0000000000000709489969425212,
    "ThreeDay_Fluctuation":  0.26820957219030173,
    "Week":  0.0000000000000709489969425212,
    "Week_Fluctuation":  0.26820957219030173,
    "Duration":  "11:44:44.0285476",
    "Updated":  "\/Date(1640192461097)\/",
    "Failed":  0,
    "HashRate_Live":  0,
    "HashRate_Average":  16293918027.136234,
    "BlockRate_Live":  246,
    "BlockRate_Average":  204.58407836000623,
    "Diff_Live":  0,
    "Diff_Average":  0,
    "Actual24h_Week":  0,
    "Estimate24h_Week":  0,
    "ErrorRatio":  1
}
