{
    "Live":  0.00000072668,
    "Minute":  0.00000072668,
    "Minute_Fluctuation":  0,
    "Minute_5":  0.000000731741902956252,
    "Minute_5_Fluctuation":  0.015259604709581997,
    "Minute_10":  0.000000737025752863571,
    "Minute_10_Fluctuation":  0.0256940126617543,
    "Hour":  0.000000804779443915679,
    "Hour_Fluctuation":  0.10492595216609113,
    "Day":  0.000000835322674382282,
    "Day_Fluctuation":  0.108272267474582,
    "ThreeDay":  0.000000835322674382282,
    "ThreeDay_Fluctuation":  0.108272267474582,
    "Week":  0.000000835322674382282,
    "Week_Fluctuation":  0.10827226747458198,
    "Duration":  "02:10:58.8556207",
    "Updated":  "\/Date(1640192787229)\/",
    "Failed":  0,
    "HashRate_Live":  53689,
    "HashRate_Average":  53161.3744337464,
    "BlockRate_Live":  45,
    "BlockRate_Average":  45.1700509532163,
    "Diff_Live":  0,
    "Diff_Average":  0,
    "Actual24h_Week":  0,
    "Estimate24h_Week":  0,
    "ErrorRatio":  1
}
