{
    "Live":  0.00000000000052066773,
    "Minute":  0.00000000000052066773,
    "Minute_Fluctuation":  0,
    "Minute_5":  0.000000000000539387793490879,
    "Minute_5_Fluctuation":  0.058826548323556632,
    "Minute_10":  0.000000000000553435215636928,
    "Minute_10_Fluctuation":  0.065117804240027166,
    "Hour":  0.000000000000552020831442758,
    "Hour_Fluctuation":  0.10337226087473207,
    "Day":  0.000000000000545479433140408,
    "Day_Fluctuation":  0.11888728331392917,
    "ThreeDay":  0.000000000000545479433140408,
    "ThreeDay_Fluctuation":  0.11888728331392918,
    "Week":  0.000000000000545479433140408,
    "Week_Fluctuation":  0.11888728331392917,
    "Duration":  "02:10:58.8556207",
    "Updated":  "\/Date(1640192787084)\/",
    "Failed":  0,
    "HashRate_Live":  0,
    "HashRate_Average":  0,
    "BlockRate_Live":  0,
    "BlockRate_Average":  0,
    "Diff_Live":  0,
    "Diff_Average":  0,
    "Actual24h_Week":  0,
    "Estimate24h_Week":  0,
    "ErrorRatio":  1
}
