{
    "Live":  0.00000000000000329,
    "Minute":  0.00000000000000329,
    "Minute_Fluctuation":  0,
    "Minute_5":  0.0000000000000030897371908033,
    "Minute_5_Fluctuation":  0.12823221961170972,
    "Minute_10":  0.0000000000000027577960016077,
    "Minute_10_Fluctuation":  0.28789085114705626,
    "Hour":  0.0000000000000039546451804161,
    "Hour_Fluctuation":  0.6188839996400084,
    "Day":  0.0000000000000066809322643041,
    "Day_Fluctuation":  0.64944441884428528,
    "ThreeDay":  0.0000000000000066809322643041,
    "ThreeDay_Fluctuation":  0.64944441884428528,
    "Week":  0.0000000000000066809322643041,
    "Week_Fluctuation":  0.64944441884428528,
    "Duration":  "04:36:43.5497619",
    "Updated":  "\/Date(1640192915422)\/",
    "Failed":  0,
    "HashRate_Live":  671454159.61261,
    "HashRate_Average":  625433056.18277037,
    "BlockRate_Live":  19,
    "BlockRate_Average":  18.431123210264328,
    "Diff_Live":  0,
    "Diff_Average":  0,
    "Actual24h_Week":  0,
    "Estimate24h_Week":  0,
    "ErrorRatio":  1
}
