{
    "Live":  0.00000000083,
    "Minute":  0.00000000083,
    "Minute_Fluctuation":  0,
    "Minute_5":  0.000000000819086536379904,
    "Minute_5_Fluctuation":  0.042788732502614807,
    "Minute_10":  0.000000000788398803373592,
    "Minute_10_Fluctuation":  0.079538717148116,
    "Hour":  0.000000000896674526407941,
    "Hour_Fluctuation":  0.1931674245885355,
    "Day":  0.00000000111559550754976,
    "Day_Fluctuation":  0.1758625117597008,
    "ThreeDay":  0.00000000111559550754976,
    "ThreeDay_Fluctuation":  0.1758625117597008,
    "Week":  0.00000000111559550754976,
    "Week_Fluctuation":  0.1758625117597008,
    "Duration":  "11:44:44.0285476",
    "Updated":  "\/Date(1640192786820)\/",
    "Failed":  0,
    "HashRate_Live":  0,
    "HashRate_Average":  43.729642633089895,
    "BlockRate_Live":  0,
    "BlockRate_Average":  0.00060008315695933524,
    "Diff_Live":  0,
    "Diff_Average":  0,
    "Actual24h_Week":  0,
    "Estimate24h_Week":  0,
    "ErrorRatio":  1
}
