{
    "Live":  0.00000000000003537,
    "Minute":  0.00000000000003537,
    "Minute_Fluctuation":  0,
    "Minute_5":  0.00000000000003537,
    "Minute_5_Fluctuation":  0.2549647813429809,
    "Minute_10":  0.0000000000000577696342599788,
    "Minute_10_Fluctuation":  0.6073683051974893,
    "Hour":  0.0000000000000522115440886954,
    "Hour_Fluctuation":  0.86083231726937137,
    "Day":  0.0000000000000630782477940152,
    "Day_Fluctuation":  0.71446970718764036,
    "ThreeDay":  0.0000000000000630782477940152,
    "ThreeDay_Fluctuation":  0.71446970718764025,
    "Week":  0.0000000000000630782477940152,
    "Week_Fluctuation":  0.71446970718764025,
    "Duration":  "07:00:21.1867012",
    "Updated":  "\/Date(1640378735601)\/",
    "Failed":  0,
    "HashRate_Live":  65736135,
    "HashRate_Average":  31879976.543157279,
    "BlockRate_Live":  19,
    "BlockRate_Average":  21.57515547305022,
    "Diff_Live":  0,
    "Diff_Average":  0,
    "Actual24h_Week":  0.000071176915117677,
    "Estimate24h_Week":  0.0000395270631993021,
    "ErrorRatio":  1
}
