{
    "Live":  0.00000000000314,
    "Minute":  0.00000000000314,
    "Minute_Fluctuation":  0,
    "Minute_5":  0.00000000000322243656443532,
    "Minute_5_Fluctuation":  0.16300355012002765,
    "Minute_10":  0.00000000000777523475199552,
    "Minute_10_Fluctuation":  0.74953334674245964,
    "Hour":  0.0000000000195344296783057,
    "Hour_Fluctuation":  0.79734440010773966,
    "Day":  0.0000000000195344296783058,
    "Day_Fluctuation":  0.79734440010773966,
    "ThreeDay":  0.0000000000195344296783057,
    "ThreeDay_Fluctuation":  0.79734440010773966,
    "Week":  0.0000000000195344296783057,
    "Week_Fluctuation":  0.79734440010773966,
    "Duration":  "00:33:52.5273456",
    "Updated":  "\/Date(1640192786333)\/",
    "Failed":  0,
    "HashRate_Live":  0,
    "HashRate_Average":  388142.19867719791,
    "BlockRate_Live":  18,
    "BlockRate_Average":  17.76139218782458,
    "Diff_Live":  0,
    "Diff_Average":  0,
    "Actual24h_Week":  0,
    "Estimate24h_Week":  0,
    "ErrorRatio":  1
}
