{
    "Live":  0.0000000000000004511,
    "Minute":  0.0000000000000004511,
    "Minute_Fluctuation":  0,
    "Minute_5":  0.0000000000000005157200563062,
    "Minute_5_Fluctuation":  0.27503428477024261,
    "Minute_10":  0.0000000000000005200452170928,
    "Minute_10_Fluctuation":  0.37451496210770008,
    "Hour":  0.0000000000000004962020595756,
    "Hour_Fluctuation":  0.37473469242859925,
    "Day":  0.0000000000000005047309845581,
    "Day_Fluctuation":  0.3369126528480676,
    "ThreeDay":  0.0000000000000005047309845581,
    "ThreeDay_Fluctuation":  0.3369126528480676,
    "Week":  0.0000000000000005047309845581,
    "Week_Fluctuation":  0.3369126528480676,
    "Duration":  "11:44:44.0285476",
    "Updated":  "\/Date(1640192915205)\/",
    "Failed":  0,
    "HashRate_Live":  44831076626.598,
    "HashRate_Average":  32911512389.364693,
    "BlockRate_Live":  0,
    "BlockRate_Average":  0,
    "Diff_Live":  0,
    "Diff_Average":  0,
    "Actual24h_Week":  0,
    "Estimate24h_Week":  0,
    "ErrorRatio":  1
}
