{
    "Live":  0.00000000000000028098,
    "Minute":  0.00000000000000028098,
    "Minute_Fluctuation":  0,
    "Minute_5":  0.0000000000000003012656777203,
    "Minute_5_Fluctuation":  0.14378795957445761,
    "Minute_10":  0.0000000000000003425362250533,
    "Minute_10_Fluctuation":  0.18869157601122885,
    "Hour":  0.0000000000000003920084714932,
    "Hour_Fluctuation":  0.14690039099189919,
    "Day":  0.0000000000000003618742932901,
    "Day_Fluctuation":  0.19704540187532577,
    "ThreeDay":  0.0000000000000003618742932901,
    "ThreeDay_Fluctuation":  0.19704540187532577,
    "Week":  0.0000000000000003618742932901,
    "Week_Fluctuation":  0.19704540187532574,
    "Duration":  "11:44:44.0285476",
    "Updated":  "\/Date(1640192528805)\/",
    "Failed":  0,
    "HashRate_Live":  0,
    "HashRate_Average":  124264876521.97031,
    "BlockRate_Live":  142,
    "BlockRate_Average":  134.73738962492,
    "Diff_Live":  0,
    "Diff_Average":  0,
    "Actual24h_Week":  0,
    "Estimate24h_Week":  0,
    "ErrorRatio":  1
}
