{
    "Live":  0.00000000000000024134,
    "Minute":  0.00000000000000024134,
    "Minute_Fluctuation":  0,
    "Minute_5":  0.00000000000000024134,
    "Minute_5_Fluctuation":  2.0429189763948472E-16,
    "Minute_10":  0.00000000000000024134,
    "Minute_10_Fluctuation":  4.0858417150261388E-16,
    "Hour":  0.0000000000000002415225532362,
    "Hour_Fluctuation":  0.005417030683329307,
    "Day":  0.0000000000000004382499542748,
    "Day_Fluctuation":  0.57092273181898034,
    "ThreeDay":  0.0000000000000004382499542748,
    "ThreeDay_Fluctuation":  0.57092273181898034,
    "Week":  0.0000000000000004382499542748,
    "Week_Fluctuation":  0.57092273181898034,
    "Duration":  "11:44:44.0285476",
    "Updated":  "\/Date(1640191812696)\/",
    "Failed":  0,
    "HashRate_Live":  0,
    "HashRate_Average":  1683893345.8563247,
    "BlockRate_Live":  16,
    "BlockRate_Average":  22.578624460224169,
    "Diff_Live":  0,
    "Diff_Average":  0,
    "Actual24h_Week":  0,
    "Estimate24h_Week":  0,
    "ErrorRatio":  1
}
