{
    "Live":  0.00000000000007961,
    "Minute":  0.00000000000007961,
    "Minute_Fluctuation":  0,
    "Minute_5":  0.0000000000000707931650509626,
    "Minute_5_Fluctuation":  0.18589054511167705,
    "Minute_10":  0.0000000000000648555396160605,
    "Minute_10_Fluctuation":  0.19017837908028734,
    "Hour":  0.0000000000000613156151091144,
    "Hour_Fluctuation":  0.15470673825200548,
    "Day":  0.0000000000000652308959251241,
    "Day_Fluctuation":  0.1488612681027435,
    "ThreeDay":  0.0000000000000652308959251241,
    "ThreeDay_Fluctuation":  0.1488612681027435,
    "Week":  0.0000000000000652308959251241,
    "Week_Fluctuation":  0.1488612681027435,
    "Duration":  "11:44:44.0285476",
    "Updated":  "\/Date(1640192915688)\/",
    "Failed":  0,
    "HashRate_Live":  8582776.3131733,
    "HashRate_Average":  645632738.99213958,
    "BlockRate_Live":  101,
    "BlockRate_Average":  100.0687436644783,
    "Diff_Live":  0,
    "Diff_Average":  0,
    "Actual24h_Week":  0,
    "Estimate24h_Week":  0,
    "ErrorRatio":  1
}
