{
    "Live":  0.00000000000000000304185,
    "Minute":  0.00000000000000000304185,
    "Minute_Fluctuation":  0,
    "Minute_5":  0.0000000000000000028766106209,
    "Minute_5_Fluctuation":  0.074076682419625547,
    "Minute_10":  0.0000000000000000027676299352,
    "Minute_10_Fluctuation":  0.064711811345950207,
    "Hour":  0.000000000000000002562040106,
    "Hour_Fluctuation":  0.077302113523745844,
    "Day":  0.0000000000000000025369264923,
    "Day_Fluctuation":  0.15851716437836877,
    "ThreeDay":  0.0000000000000000025369264923,
    "ThreeDay_Fluctuation":  0.15851716437836877,
    "Week":  0.0000000000000000025369264923,
    "Week_Fluctuation":  0.1585171643783688,
    "Duration":  "11:44:44.0285476",
    "Updated":  "\/Date(1640192915770)\/",
    "Failed":  0,
    "HashRate_Live":  82025443931934,
    "HashRate_Average":  15926640807065.42,
    "BlockRate_Live":  184,
    "BlockRate_Average":  186.51243691057152,
    "Diff_Live":  0,
    "Diff_Average":  0,
    "Actual24h_Week":  0,
    "Estimate24h_Week":  0,
    "ErrorRatio":  1
}
