{
    "Live":  0.0000000000000000796,
    "Minute":  0.0000000000000000796,
    "Minute_Fluctuation":  0,
    "Minute_5":  0.0000000000000000860702629839,
    "Minute_5_Fluctuation":  0.23435298352265327,
    "Minute_10":  0.0000000000000001309720117688,
    "Minute_10_Fluctuation":  0.53273708085186156,
    "Hour":  0.0000000000000001992857790598,
    "Hour_Fluctuation":  0.60175339861549859,
    "Day":  0.0000000000000002279710917413,
    "Day_Fluctuation":  0.68475997709064551,
    "ThreeDay":  0.0000000000000002279710917413,
    "ThreeDay_Fluctuation":  0.68475997709064551,
    "Week":  0.0000000000000002279710917413,
    "Week_Fluctuation":  0.68475997709064551,
    "Duration":  "08:13:45.0764135",
    "Updated":  "\/Date(1640192656902)\/",
    "Failed":  0,
    "HashRate_Live":  0,
    "HashRate_Average":  6928638486.9650421,
    "BlockRate_Live":  16,
    "BlockRate_Average":  15.070096503397286,
    "Diff_Live":  0,
    "Diff_Average":  0,
    "Actual24h_Week":  0,
    "Estimate24h_Week":  0,
    "ErrorRatio":  1
}
