{
    "Live":  0.00000000000024,
    "Minute":  0.00000000000024,
    "Minute_Fluctuation":  0,
    "Minute_5":  0.000000000000224110678921238,
    "Minute_5_Fluctuation":  0.13588576754303253,
    "Minute_10":  0.000000000000199537051880432,
    "Minute_10_Fluctuation":  0.27935709096250988,
    "Hour":  0.000000000000156625212484019,
    "Hour_Fluctuation":  0.3444611657192902,
    "Day":  0.000000000000156625212484019,
    "Day_Fluctuation":  0.3444611657192902,
    "ThreeDay":  0.000000000000156625212484019,
    "ThreeDay_Fluctuation":  0.34446116571929014,
    "Week":  0.000000000000156625212484019,
    "Week_Fluctuation":  0.3444611657192902,
    "Duration":  "00:36:02.6145004",
    "Updated":  "\/Date(1640192786385)\/",
    "Failed":  0,
    "HashRate_Live":  0,
    "HashRate_Average":  0,
    "BlockRate_Live":  16,
    "BlockRate_Average":  16,
    "Diff_Live":  0,
    "Diff_Average":  0,
    "Actual24h_Week":  0,
    "Estimate24h_Week":  0,
    "ErrorRatio":  1
}
