{
    "Live":  0.00000025749,
    "Minute":  0.00000025749,
    "Minute_Fluctuation":  0,
    "Minute_5":  0.000000256524775884644,
    "Minute_5_Fluctuation":  0.0089397814599361785,
    "Minute_10":  0.000000257421466877088,
    "Minute_10_Fluctuation":  0.01078366210375447,
    "Hour":  0.00000025546784626048,
    "Hour_Fluctuation":  0.024785349182347233,
    "Day":  0.000000258008579913883,
    "Day_Fluctuation":  0.095680348817606,
    "ThreeDay":  0.000000258008579913883,
    "ThreeDay_Fluctuation":  0.095680348817606,
    "Week":  0.000000258008579913883,
    "Week_Fluctuation":  0.095680348817606,
    "Duration":  "11:44:44.0285476",
    "Updated":  "\/Date(1640192915956)\/",
    "Failed":  0,
    "HashRate_Live":  22691.10620044,
    "HashRate_Average":  21980.626942776023,
    "BlockRate_Live":  601,
    "BlockRate_Average":  597.76151473572281,
    "Diff_Live":  0,
    "Diff_Average":  0,
    "Actual24h_Week":  0,
    "Estimate24h_Week":  0,
    "ErrorRatio":  1
}
