{
    "Live":  0.00000000000263642,
    "Minute":  0.00000000000263642,
    "Minute_Fluctuation":  0,
    "Minute_5":  0.00000000000280357507406082,
    "Minute_5_Fluctuation":  0.061121783579809928,
    "Minute_10":  0.00000000000283034905224226,
    "Minute_10_Fluctuation":  0.071437711349104691,
    "Hour":  0.0000000000029137511458653,
    "Hour_Fluctuation":  0.11486266118525247,
    "Day":  0.00000000000293060258563724,
    "Day_Fluctuation":  0.12777844890240012,
    "ThreeDay":  0.00000000000293060258563724,
    "ThreeDay_Fluctuation":  0.12777844890240009,
    "Week":  0.00000000000293060258563724,
    "Week_Fluctuation":  0.12777844890240012,
    "Duration":  "02:10:58.8556207",
    "Updated":  "\/Date(1640192787106)\/",
    "Failed":  0,
    "HashRate_Live":  4384818012,
    "HashRate_Average":  10247524076.705618,
    "BlockRate_Live":  14,
    "BlockRate_Average":  17.749041869669018,
    "Diff_Live":  0,
    "Diff_Average":  0,
    "Actual24h_Week":  0,
    "Estimate24h_Week":  0,
    "ErrorRatio":  1
}
