{
    "Live":  0.00000000667,
    "Minute":  0.00000000667,
    "Minute_Fluctuation":  0,
    "Minute_5":  0.00000000675526700233685,
    "Minute_5_Fluctuation":  0.027792921643739955,
    "Minute_10":  0.0000000068738175224827,
    "Minute_10_Fluctuation":  0.040295032857379676,
    "Hour":  0.00000000699863731641291,
    "Hour_Fluctuation":  0.13394701669344503,
    "Day":  0.000000007068976261129,
    "Day_Fluctuation":  0.18921812122530157,
    "ThreeDay":  0.000000007068976261129,
    "ThreeDay_Fluctuation":  0.1892181212253016,
    "Week":  0.000000007068976261129,
    "Week_Fluctuation":  0.1892181212253016,
    "Duration":  "11:44:44.0285476",
    "Updated":  "\/Date(1640192915802)\/",
    "Failed":  0,
    "HashRate_Live":  122779.38056042,
    "HashRate_Average":  112346.12394716215,
    "BlockRate_Live":  62,
    "BlockRate_Average":  62.555082252814678,
    "Diff_Live":  0,
    "Diff_Average":  0,
    "Actual24h_Week":  0,
    "Estimate24h_Week":  0,
    "ErrorRatio":  1
}
