{
    "Live":  0.00000061844,
    "Minute":  0.00000061844,
    "Minute_Fluctuation":  0,
    "Minute_5":  0.00000061844,
    "Minute_5_Fluctuation":  0.037633174785905131,
    "Minute_10":  0.000000645242029799805,
    "Minute_10_Fluctuation":  0.077388122660672881,
    "Hour":  0.00000072894787578324,
    "Hour_Fluctuation":  0.0884475027007342,
    "Day":  0.000000632803816088307,
    "Day_Fluctuation":  0.045987991504653714,
    "ThreeDay":  0.000000628193385853726,
    "ThreeDay_Fluctuation":  0.037587539036929359,
    "Week":  0.000000628193385853726,
    "Week_Fluctuation":  0.037587539036929359,
    "Duration":  "1.12:07:13.2212229",
    "Updated":  "\/Date(1640378731440)\/",
    "Failed":  0,
    "HashRate_Live":  9635.616,
    "HashRate_Average":  12991.36489220648,
    "BlockRate_Live":  6,
    "BlockRate_Average":  10.003348971238809,
    "Diff_Live":  0,
    "Diff_Average":  0,
    "Actual24h_Week":  0.000419995589544907,
    "Estimate24h_Week":  0.0002535759477523,
    "ErrorRatio":  1.2518702036738
}
