{
    "Live":  0.00000000406,
    "Minute":  0.00000000406,
    "Minute_Fluctuation":  0,
    "Minute_5":  0.00000000406,
    "Minute_5_Fluctuation":  0.14963898159518552,
    "Minute_10":  0.00000000366458193245196,
    "Minute_10_Fluctuation":  0.25678686693894431,
    "Hour":  0.00000000248341015470292,
    "Hour_Fluctuation":  0.45315594726485803,
    "Day":  0.00000000195972269308052,
    "Day_Fluctuation":  0.19333964037769466,
    "ThreeDay":  0.00000000191888747902651,
    "ThreeDay_Fluctuation":  0.16926361733998144,
    "Week":  0.00000000191888747902651,
    "Week_Fluctuation":  0.16926361733998141,
    "Duration":  "1.12:07:13.2212229",
    "Updated":  "\/Date(1640378738023)\/",
    "Failed":  0,
    "HashRate_Live":  7138,
    "HashRate_Average":  7397.3583424141489,
    "BlockRate_Live":  18,
    "BlockRate_Average":  23.514975530758626,
    "Diff_Live":  0,
    "Diff_Average":  0,
    "Actual24h_Week":  0.000000900480310528553,
    "Estimate24h_Week":  0.00000105069775460834,
    "ErrorRatio":  0.945131532295207
}
