{
    "Live":  0.00000000000002103,
    "Minute":  0.00000000000002103,
    "Minute_Fluctuation":  0,
    "Minute_5":  0.00000000000002103,
    "Minute_5_Fluctuation":  0.12486218284681119,
    "Minute_10":  0.0000000000000204907258501949,
    "Minute_10_Fluctuation":  0.13813431064706072,
    "Hour":  0.0000000000000246628957436379,
    "Hour_Fluctuation":  0.29756512628574533,
    "Day":  0.0000000000000245865378890653,
    "Day_Fluctuation":  0.12359907160524035,
    "ThreeDay":  0.0000000000000244003196691385,
    "ThreeDay_Fluctuation":  0.10331696852101473,
    "Week":  0.0000000000000244003196691385,
    "Week_Fluctuation":  0.10331696852101468,
    "Duration":  "1.12:07:13.2212229",
    "Updated":  "\/Date(1640378735281)\/",
    "Failed":  0,
    "HashRate_Live":  9275773295,
    "HashRate_Average":  8022880368.0221529,
    "BlockRate_Live":  114,
    "BlockRate_Average":  99.924554900952415,
    "Diff_Live":  0,
    "Diff_Average":  0,
    "Actual24h_Week":  0.00000905074070815172,
    "Estimate24h_Week":  0.0000103656876614069,
    "ErrorRatio":  0.951315537176866
}
