{
    "Live":  0.00000000000000032574,
    "Minute":  0.00000000000000032574,
    "Minute_Fluctuation":  0,
    "Minute_5":  0.0000000000000003257400004174,
    "Minute_5_Fluctuation":  1.4651350504423134E-08,
    "Minute_10":  0.0000000000000003257400876367,
    "Minute_10_Fluctuation":  1.357024058553012E-06,
    "Hour":  0.0000000000000003261751605526,
    "Hour_Fluctuation":  0.0056283583312705266,
    "Day":  0.0000000000000003363564790563,
    "Day_Fluctuation":  0.079072063084431654,
    "ThreeDay":  0.0000000000000003363564790563,
    "ThreeDay_Fluctuation":  0.079072063084431654,
    "Week":  0.0000000000000003363564790563,
    "Week_Fluctuation":  0.079072063084431654,
    "Duration":  "11:44:44.0285476",
    "Updated":  "\/Date(1640192914996)\/",
    "Failed":  0,
    "HashRate_Live":  22262809541396,
    "HashRate_Average":  22638344518792.016,
    "BlockRate_Live":  161,
    "BlockRate_Average":  159.17062931423371,
    "Diff_Live":  0,
    "Diff_Average":  0,
    "Actual24h_Week":  0,
    "Estimate24h_Week":  0,
    "ErrorRatio":  1
}
