{
    "Live":  0.00000000000131,
    "Minute":  0.00000000000131,
    "Minute_Fluctuation":  0,
    "Minute_5":  0.00000000000130998550530106,
    "Minute_5_Fluctuation":  0.00011621379307762971,
    "Minute_10":  0.00000000000130838556041655,
    "Minute_10_Fluctuation":  0.0064336078996316036,
    "Hour":  0.00000000000138226078510905,
    "Hour_Fluctuation":  0.15136622990562185,
    "Day":  0.00000000000145681050389251,
    "Day_Fluctuation":  0.14733607817728273,
    "ThreeDay":  0.00000000000145681050389251,
    "ThreeDay_Fluctuation":  0.1473360781772827,
    "Week":  0.00000000000145681050389251,
    "Week_Fluctuation":  0.14733607817728273,
    "Duration":  "11:44:44.0285476",
    "Updated":  "\/Date(1640192915240)\/",
    "Failed":  0,
    "HashRate_Live":  2936683.8886473,
    "HashRate_Average":  82025564.174724251,
    "BlockRate_Live":  55,
    "BlockRate_Average":  54.125574712064882,
    "Diff_Live":  0,
    "Diff_Average":  0,
    "Actual24h_Week":  0,
    "Estimate24h_Week":  0,
    "ErrorRatio":  1
}
