{
    "Live":  0.00000000000029489,
    "Minute":  0.00000000000029489,
    "Minute_Fluctuation":  0,
    "Minute_5":  0.000000000000279561802192272,
    "Minute_5_Fluctuation":  0.1221270576223665,
    "Minute_10":  0.000000000000250229719892459,
    "Minute_10_Fluctuation":  0.28308013833382473,
    "Hour":  0.000000000000208829953703786,
    "Hour_Fluctuation":  0.44386690579857552,
    "Day":  0.000000000000434780763838742,
    "Day_Fluctuation":  0.60605591461610031,
    "ThreeDay":  0.000000000000434780763838742,
    "ThreeDay_Fluctuation":  0.60605591461610031,
    "Week":  0.000000000000434780763838742,
    "Week_Fluctuation":  0.6060559146161002,
    "Duration":  "08:15:52.1187297",
    "Updated":  "\/Date(1640192915528)\/",
    "Failed":  0,
    "HashRate_Live":  1290093.6432572,
    "HashRate_Average":  3770940.2071258016,
    "BlockRate_Live":  24,
    "BlockRate_Average":  23.830940511172216,
    "Diff_Live":  0,
    "Diff_Average":  0,
    "Actual24h_Week":  0,
    "Estimate24h_Week":  0,
    "ErrorRatio":  1
}
