{
    "Live":  0.0000000037,
    "Minute":  0.0000000037,
    "Minute_Fluctuation":  0,
    "Minute_5":  0.00000000370012628787917,
    "Minute_5_Fluctuation":  0.001685786108015605,
    "Minute_10":  0.00000000369774537107901,
    "Minute_10_Fluctuation":  0.0032622867644676356,
    "Hour":  0.00000000383667884795889,
    "Hour_Fluctuation":  0.063695790008238634,
    "Day":  0.00000000414676000370758,
    "Day_Fluctuation":  0.075030385699190669,
    "ThreeDay":  0.00000000414676000370758,
    "ThreeDay_Fluctuation":  0.075030385699190655,
    "Week":  0.00000000414676000370758,
    "Week_Fluctuation":  0.075030385699190669,
    "Duration":  "11:44:44.0285476",
    "Updated":  "\/Date(1640192915870)\/",
    "Failed":  0,
    "HashRate_Live":  7559.1429687256,
    "HashRate_Average":  10131.192272799482,
    "BlockRate_Live":  173,
    "BlockRate_Average":  173.91171452953054,
    "Diff_Live":  0,
    "Diff_Average":  0,
    "Actual24h_Week":  0,
    "Estimate24h_Week":  0,
    "ErrorRatio":  1
}
