{
    "Live":  0.00000000000057,
    "Minute":  0.00000000000057,
    "Minute_Fluctuation":  0,
    "Minute_5":  0.000000000000566450444040811,
    "Minute_5_Fluctuation":  0.0083042759938216082,
    "Minute_10":  0.00000000000056454692665072,
    "Minute_10_Fluctuation":  0.0089713723216421088,
    "Hour":  0.000000000000561254654788404,
    "Hour_Fluctuation":  0.020340992929640721,
    "Day":  0.000000000000561953981711129,
    "Day_Fluctuation":  0.039908032375120972,
    "ThreeDay":  0.000000000000561953981711129,
    "ThreeDay_Fluctuation":  0.039908032375120972,
    "Week":  0.000000000000561953981711129,
    "Week_Fluctuation":  0.039908032375120972,
    "Duration":  "11:44:44.0285476",
    "Updated":  "\/Date(1640192786757)\/",
    "Failed":  0,
    "HashRate_Live":  0,
    "HashRate_Average":  4105928.7045386503,
    "BlockRate_Live":  0,
    "BlockRate_Average":  0.0042929042782084781,
    "Diff_Live":  0,
    "Diff_Average":  0,
    "Actual24h_Week":  0,
    "Estimate24h_Week":  0,
    "ErrorRatio":  1
}
