{
    "Live":  0.00000000356515,
    "Minute":  0.00000000356515,
    "Minute_Fluctuation":  0,
    "Minute_5":  0.00000000356236657225482,
    "Minute_5_Fluctuation":  0.0016028882707749879,
    "Minute_10":  0.00000000355662186753368,
    "Minute_10_Fluctuation":  0.0044186929265406221,
    "Hour":  0.00000000324411700078129,
    "Hour_Fluctuation":  0.25215737631736124,
    "Day":  0.00000000329347466346051,
    "Day_Fluctuation":  0.15633485072285572,
    "ThreeDay":  0.00000000329347466346051,
    "ThreeDay_Fluctuation":  0.15633485072285572,
    "Week":  0.00000000329347466346051,
    "Week_Fluctuation":  0.15633485072285572,
    "Duration":  "11:44:44.0285476",
    "Updated":  "\/Date(1640192657018)\/",
    "Failed":  0,
    "HashRate_Live":  0,
    "HashRate_Average":  26096.893046393237,
    "BlockRate_Live":  320,
    "BlockRate_Average":  338.1445454449717,
    "Diff_Live":  0,
    "Diff_Average":  0,
    "Actual24h_Week":  0,
    "Estimate24h_Week":  0,
    "ErrorRatio":  1
}
