{
    "Live":  0.00000000000000394,
    "Minute":  0.00000000000000394,
    "Minute_Fluctuation":  0,
    "Minute_5":  0.00000000000000394,
    "Minute_5_Fluctuation":  0.23527704100389474,
    "Minute_10":  0.00000000000000361917695588,
    "Minute_10_Fluctuation":  0.28950672593909238,
    "Hour":  0.0000000000000080840185748186,
    "Hour_Fluctuation":  0.59273546641192376,
    "Day":  0.0000000000000080840185748186,
    "Day_Fluctuation":  0.59273546641192376,
    "ThreeDay":  0.0000000000000080840185748186,
    "ThreeDay_Fluctuation":  0.59273546641192376,
    "Week":  0.0000000000000080840185748186,
    "Week_Fluctuation":  0.59273546641192376,
    "Duration":  "00:58:26.3901748",
    "Updated":  "\/Date(1640378736144)\/",
    "Failed":  0,
    "HashRate_Live":  0,
    "HashRate_Average":  0,
    "BlockRate_Live":  4,
    "BlockRate_Average":  4,
    "Diff_Live":  0,
    "Diff_Average":  0,
    "Actual24h_Week":  0.00000148696810078132,
    "Estimate24h_Week":  0.00000471410066867317,
    "ErrorRatio":  0.992085278350978
}
