{
    "Live":  0.00000000000033476,
    "Minute":  0.00000000000033476,
    "Minute_Fluctuation":  0.0079792839721778749,
    "Minute_5":  0.000000000000331482498510224,
    "Minute_5_Fluctuation":  0.01231896212279862,
    "Minute_10":  0.000000000000331879507337584,
    "Minute_10_Fluctuation":  0.014092311475351076,
    "Hour":  0.00000000000032576043695779,
    "Hour_Fluctuation":  0.03373291323250243,
    "Day":  0.000000000000322826740366054,
    "Day_Fluctuation":  0.038733836335517885,
    "ThreeDay":  0.000000000000322826740366054,
    "ThreeDay_Fluctuation":  0.038733836335517885,
    "Week":  0.000000000000322826740366054,
    "Week_Fluctuation":  0.038733836335517885,
    "Duration":  "03:17:07.2560019",
    "Updated":  "\/Date(1640109101773)\/",
    "Failed":  0,
    "HashRate_Live":  0,
    "HashRate_Average":  374593067.98542148,
    "BlockRate_Live":  452,
    "BlockRate_Average":  445.12350623894389,
    "Diff_Live":  0,
    "Diff_Average":  0,
    "Actual24h_Week":  0,
    "Estimate24h_Week":  0,
    "ErrorRatio":  1
}
