{
    "Live":  0.00000000267,
    "Minute":  0.00000000267,
    "Minute_Fluctuation":  0,
    "Minute_5":  0.00000000271633540937114,
    "Minute_5_Fluctuation":  0.021605578850374067,
    "Minute_10":  0.00000000275911714632391,
    "Minute_10_Fluctuation":  0.026563561883370664,
    "Hour":  0.00000000306764454900662,
    "Hour_Fluctuation":  0.09603179445855281,
    "Day":  0.00000000339178872699368,
    "Day_Fluctuation":  0.10319194214762141,
    "ThreeDay":  0.00000000339178872699368,
    "ThreeDay_Fluctuation":  0.10319194214762141,
    "Week":  0.00000000339178872699368,
    "Week_Fluctuation":  0.10319194214762141,
    "Duration":  "11:44:44.0285476",
    "Updated":  "\/Date(1640192914989)\/",
    "Failed":  0,
    "HashRate_Live":  3255.8983586097,
    "HashRate_Average":  5489.7204341859288,
    "BlockRate_Live":  87,
    "BlockRate_Average":  88.115052891459356,
    "Diff_Live":  0,
    "Diff_Average":  0,
    "Actual24h_Week":  0,
    "Estimate24h_Week":  0,
    "ErrorRatio":  1
}
