{
    "Live":  0.00000000000124,
    "Minute":  0.00000000000124,
    "Minute_Fluctuation":  0,
    "Minute_5":  0.00000000000116301278509157,
    "Minute_5_Fluctuation":  0.13050545665055996,
    "Minute_10":  0.0000000000010378910471655,
    "Minute_10_Fluctuation":  0.28459961162954817,
    "Hour":  0.000000000000902093050152984,
    "Hour_Fluctuation":  0.37513758745121994,
    "Day":  0.000000000000890288311161057,
    "Day_Fluctuation":  0.38416431146866509,
    "ThreeDay":  0.000000000000890288311161057,
    "ThreeDay_Fluctuation":  0.38416431146866509,
    "Week":  0.000000000000890288311161057,
    "Week_Fluctuation":  0.38416431146866509,
    "Duration":  "01:25:26.1432730",
    "Updated":  "\/Date(1640192786420)\/",
    "Failed":  0,
    "HashRate_Live":  0,
    "HashRate_Average":  0,
    "BlockRate_Live":  18,
    "BlockRate_Average":  17.791568187948226,
    "Diff_Live":  0,
    "Diff_Average":  0,
    "Actual24h_Week":  0,
    "Estimate24h_Week":  0,
    "ErrorRatio":  1
}
