{
    "Live":  0.00000000000039337,
    "Minute":  0.00000000000039337,
    "Minute_Fluctuation":  0.083459540063841181,
    "Minute_5":  0.000000000000382965872485136,
    "Minute_5_Fluctuation":  0.16013022915952854,
    "Minute_10":  0.00000000000034621495772515,
    "Minute_10_Fluctuation":  0.2183730132424257,
    "Hour":  0.000000000000304227127588018,
    "Hour_Fluctuation":  0.14807434300218641,
    "Day":  0.000000000000308589712975999,
    "Day_Fluctuation":  0.11115421817609114,
    "ThreeDay":  0.000000000000308589712975999,
    "ThreeDay_Fluctuation":  0.11115421817609113,
    "Week":  0.000000000000308589712975999,
    "Week_Fluctuation":  0.11115421817609114,
    "Duration":  "03:17:07.2560019",
    "Updated":  "\/Date(1640109101100)\/",
    "Failed":  0,
    "HashRate_Live":  568575787.91677,
    "HashRate_Average":  102783442.92775507,
    "BlockRate_Live":  343,
    "BlockRate_Average":  351.75478612188311,
    "Diff_Live":  0,
    "Diff_Average":  0,
    "Actual24h_Week":  0,
    "Estimate24h_Week":  0,
    "ErrorRatio":  1
}
