{
    "Live":  0.00000000000176,
    "Minute":  0.00000000000176,
    "Minute_Fluctuation":  0,
    "Minute_5":  0.00000000000176000313371159,
    "Minute_5_Fluctuation":  2.2090449796307077E-05,
    "Minute_10":  0.00000000000176111150094617,
    "Minute_10_Fluctuation":  0.0034004866291371355,
    "Hour":  0.00000000000183371512733302,
    "Hour_Fluctuation":  0.051622266835441272,
    "Day":  0.00000000000186503767051344,
    "Day_Fluctuation":  0.0951560412092762,
    "ThreeDay":  0.00000000000186503767051344,
    "ThreeDay_Fluctuation":  0.0951560412092762,
    "Week":  0.00000000000186503767051344,
    "Week_Fluctuation":  0.0951560412092762,
    "Duration":  "11:44:44.0285476",
    "Updated":  "\/Date(1640192915013)\/",
    "Failed":  0,
    "HashRate_Live":  11647836.774291,
    "HashRate_Average":  14270727.490638519,
    "BlockRate_Live":  501,
    "BlockRate_Average":  503.471900829756,
    "Diff_Live":  0,
    "Diff_Average":  0,
    "Actual24h_Week":  0,
    "Estimate24h_Week":  0,
    "ErrorRatio":  1
}
