{
    "Live":  0.00000000000018,
    "Minute":  0.00000000000018,
    "Minute_Fluctuation":  0,
    "Minute_5":  0.000000000000171910190527388,
    "Minute_5_Fluctuation":  0.11329016528585062,
    "Minute_10":  0.000000000000154073428732962,
    "Minute_10_Fluctuation":  0.29948711535644712,
    "Hour":  0.0000000000000788303892827912,
    "Hour_Fluctuation":  0.80410176695192959,
    "Day":  0.0000000000000752464284735904,
    "Day_Fluctuation":  0.78625140423102624,
    "ThreeDay":  0.0000000000000752464284735904,
    "ThreeDay_Fluctuation":  0.78625140423102624,
    "Week":  0.0000000000000752464284735904,
    "Week_Fluctuation":  0.78625140423102624,
    "Duration":  "01:18:51.6964157",
    "Updated":  "\/Date(1640192786483)\/",
    "Failed":  0,
    "HashRate_Live":  0,
    "HashRate_Average":  0,
    "BlockRate_Live":  14,
    "BlockRate_Average":  14,
    "Diff_Live":  0,
    "Diff_Average":  0,
    "Actual24h_Week":  0,
    "Estimate24h_Week":  0,
    "ErrorRatio":  1
}
