{
    "Live":  0.00000000000014337,
    "Minute":  0.00000000000014337,
    "Minute_Fluctuation":  0,
    "Minute_5":  0.000000000000136076677027314,
    "Minute_5_Fluctuation":  0.14099815184103057,
    "Minute_10":  0.000000000000121981037838719,
    "Minute_10_Fluctuation":  0.26358210045374508,
    "Hour":  0.000000000000161996368004495,
    "Hour_Fluctuation":  0.47451096704249429,
    "Day":  0.000000000000228253134156634,
    "Day_Fluctuation":  0.56118058199953891,
    "ThreeDay":  0.000000000000228253134156634,
    "ThreeDay_Fluctuation":  0.56118058199953891,
    "Week":  0.000000000000228253134156634,
    "Week_Fluctuation":  0.56118058199953891,
    "Duration":  "07:52:02.5586202",
    "Updated":  "\/Date(1640192656941)\/",
    "Failed":  0,
    "HashRate_Live":  0,
    "HashRate_Average":  5026239.9647537973,
    "BlockRate_Live":  18,
    "BlockRate_Average":  17.31911509006607,
    "Diff_Live":  0,
    "Diff_Average":  0,
    "Actual24h_Week":  0,
    "Estimate24h_Week":  0,
    "ErrorRatio":  1
}
