{
    "Live":  0.00000000001988,
    "Minute":  0.00000000001988,
    "Minute_Fluctuation":  0,
    "Minute_5":  0.00000000001988,
    "Minute_5_Fluctuation":  0.25240423576125309,
    "Minute_10":  0.0000000000166049332750397,
    "Minute_10_Fluctuation":  0.58988308996307881,
    "Hour":  0.0000000000277226494726409,
    "Hour_Fluctuation":  0.820458278146987,
    "Day":  0.0000000000144753584423992,
    "Day_Fluctuation":  0.79771723220299973,
    "ThreeDay":  0.0000000000129104283370012,
    "ThreeDay_Fluctuation":  0.71540062105187685,
    "Week":  0.0000000000129104283370012,
    "Week_Fluctuation":  0.71540062105187674,
    "Duration":  "1.12:07:13.2212229",
    "Updated":  "\/Date(1640378730137)\/",
    "Failed":  0,
    "HashRate_Live":  0,
    "HashRate_Average":  105803.25922371245,
    "BlockRate_Live":  19,
    "BlockRate_Average":  17.502489076628095,
    "Diff_Live":  0,
    "Diff_Average":  0,
    "Actual24h_Week":  0.0000168712476915266,
    "Estimate24h_Week":  0.0000108549898910363,
    "ErrorRatio":  1.21270479596085
}
