{
    "Live":  0.00000000000000000499312,
    "Minute":  0.00000000000000000499312,
    "Minute_Fluctuation":  0,
    "Minute_5":  0.0000000000000000049942180107,
    "Minute_5_Fluctuation":  0.00046826332341532107,
    "Minute_10":  0.0000000000000000049985889301,
    "Minute_10_Fluctuation":  0.0023734948846283492,
    "Hour":  0.0000000000000000050456248635,
    "Hour_Fluctuation":  0.0069098153717757505,
    "Day":  0.000000000000000005057880384,
    "Day_Fluctuation":  0.0033369575014513919,
    "ThreeDay":  0.000000000000000005057880384,
    "ThreeDay_Fluctuation":  0.0033369575014513919,
    "Week":  0.000000000000000005057880384,
    "Week_Fluctuation":  0.0033369575014513919,
    "Duration":  "11:44:44.0285476",
    "Updated":  "\/Date(1640192785971)\/",
    "Failed":  0,
    "HashRate_Live":  0,
    "HashRate_Average":  74776031810.081924,
    "BlockRate_Live":  0,
    "BlockRate_Average":  0,
    "Diff_Live":  0,
    "Diff_Average":  0,
    "Actual24h_Week":  0,
    "Estimate24h_Week":  0,
    "ErrorRatio":  1
}
