{
    "Live":  0.00000030943,
    "Minute":  0.00000030943,
    "Minute_Fluctuation":  0,
    "Minute_5":  0.000000309757670080308,
    "Minute_5_Fluctuation":  0.0054888278886207446,
    "Minute_10":  0.000000308225324975311,
    "Minute_10_Fluctuation":  0.011632459951182587,
    "Hour":  0.0000002971111632353,
    "Hour_Fluctuation":  0.029802660137553907,
    "Day":  0.000000317463115138544,
    "Day_Fluctuation":  0.12614704429160781,
    "ThreeDay":  0.000000317463115138544,
    "ThreeDay_Fluctuation":  0.12614704429160781,
    "Week":  0.000000317463115138544,
    "Week_Fluctuation":  0.12614704429160781,
    "Duration":  "11:44:44.0285476",
    "Updated":  "\/Date(1640192915658)\/",
    "Failed":  0,
    "HashRate_Live":  2181.1365063549,
    "HashRate_Average":  1990.4524173002485,
    "BlockRate_Live":  70,
    "BlockRate_Average":  71.992600862762188,
    "Diff_Live":  0,
    "Diff_Average":  0,
    "Actual24h_Week":  0,
    "Estimate24h_Week":  0,
    "ErrorRatio":  1
}
