{
    "Live":  0.00000000000000001795,
    "Minute":  0.00000000000000001795,
    "Minute_Fluctuation":  0,
    "Minute_5":  0.0000000000000000179720269806,
    "Minute_5_Fluctuation":  0.0042735329614041395,
    "Minute_10":  0.0000000000000000182261357142,
    "Minute_10_Fluctuation":  0.042104261841173878,
    "Hour":  0.0000000000000000209558602359,
    "Hour_Fluctuation":  0.0996195905924313,
    "Day":  0.0000000000000000195105031404,
    "Day_Fluctuation":  0.21646245965941638,
    "ThreeDay":  0.0000000000000000195105031404,
    "ThreeDay_Fluctuation":  0.21646245965941638,
    "Week":  0.0000000000000000195105031404,
    "Week_Fluctuation":  0.21646245965941638,
    "Duration":  "11:44:44.0285476",
    "Updated":  "\/Date(1640192916014)\/",
    "Failed":  0,
    "HashRate_Live":  29320310.074027,
    "HashRate_Average":  288519657.588171,
    "BlockRate_Live":  0,
    "BlockRate_Average":  0,
    "Diff_Live":  0,
    "Diff_Average":  0,
    "Actual24h_Week":  0,
    "Estimate24h_Week":  0,
    "ErrorRatio":  1
}
