{
    "Live":  0.00000001126,
    "Minute":  0.00000001126,
    "Minute_Fluctuation":  0,
    "Minute_5":  0.00000001126,
    "Minute_5_Fluctuation":  0.0011255208443430823,
    "Minute_10":  0.0000000111720872817503,
    "Minute_10_Fluctuation":  0.032338793191465091,
    "Hour":  0.0000000114955475732777,
    "Hour_Fluctuation":  0.15022818371044602,
    "Day":  0.00000000637461669194268,
    "Day_Fluctuation":  0.248469919638921,
    "ThreeDay":  0.00000000603845157274654,
    "ThreeDay_Fluctuation":  0.21296197558460209,
    "Week":  0.00000000603845157274654,
    "Week_Fluctuation":  0.21296197558460209,
    "Duration":  "1.12:07:13.2212229",
    "Updated":  "\/Date(1640378737710)\/",
    "Failed":  0,
    "HashRate_Live":  89768,
    "HashRate_Average":  77492.00393026149,
    "BlockRate_Live":  220,
    "BlockRate_Average":  168.3246425758856,
    "Diff_Live":  0,
    "Diff_Average":  0,
    "Actual24h_Week":  0.0000019147806618264,
    "Estimate24h_Week":  0.0000030731511820638,
    "ErrorRatio":  0.855341539580722
}
