{
    "Live":  0.00000000000000014615,
    "Minute":  0.00000000000000014615,
    "Minute_Fluctuation":  0,
    "Minute_5":  0.00000000000000014615,
    "Minute_5_Fluctuation":  0.14666070447442017,
    "Minute_10":  0.0000000000000001336272732931,
    "Minute_10_Fluctuation":  0.18401827096708082,
    "Hour":  0.0000000000000001227412939522,
    "Hour_Fluctuation":  0.11786487258720786,
    "Day":  0.0000000000000000995647592084,
    "Day_Fluctuation":  0.16524479225747513,
    "ThreeDay":  0.000000000000000096756701636,
    "ThreeDay_Fluctuation":  0.14912842036903975,
    "Week":  0.000000000000000096756701636,
    "Week_Fluctuation":  0.14912842036903978,
    "Duration":  "1.11:59:22.5428372",
    "Updated":  "\/Date(1640378733329)\/",
    "Failed":  0,
    "HashRate_Live":  58386970947330,
    "HashRate_Average":  56866350309703.359,
    "BlockRate_Live":  38,
    "BlockRate_Average":  32.653887632007638,
    "Diff_Live":  0,
    "Diff_Average":  0,
    "Actual24h_Week":  0.0000346156108309246,
    "Estimate24h_Week":  0.0000417675013851527,
    "ErrorRatio":  0.934494603486104
}
