{
    "Live":  0.00000080225,
    "Minute":  0.00000080225,
    "Minute_Fluctuation":  0,
    "Minute_5":  0.000000755764389717688,
    "Minute_5_Fluctuation":  0.24956363305105111,
    "Minute_10":  0.000000722616306867674,
    "Minute_10_Fluctuation":  0.23859083576305959,
    "Hour":  0.000000771303557741902,
    "Hour_Fluctuation":  0.11023063209932343,
    "Day":  0.000000764797805486131,
    "Day_Fluctuation":  0.13468409107308285,
    "ThreeDay":  0.000000764797805486131,
    "ThreeDay_Fluctuation":  0.13468409107308285,
    "Week":  0.000000764797805486131,
    "Week_Fluctuation":  0.13468409107308285,
    "Duration":  "11:44:44.0285476",
    "Updated":  "\/Date(1640192787071)\/",
    "Failed":  0,
    "HashRate_Live":  0,
    "HashRate_Average":  518.39923838578522,
    "BlockRate_Live":  80,
    "BlockRate_Average":  82.204941217346445,
    "Diff_Live":  0,
    "Diff_Average":  0,
    "Actual24h_Week":  0,
    "Estimate24h_Week":  0,
    "ErrorRatio":  1
}
