{
    "Live":  0.00000000000000111,
    "Minute":  0.00000000000000111,
    "Minute_Fluctuation":  0,
    "Minute_5":  0.00000000000000111,
    "Minute_5_Fluctuation":  0.064269981841474366,
    "Minute_10":  0.0000000000000012324364528078,
    "Minute_10_Fluctuation":  0.20890441060426762,
    "Hour":  0.0000000000000023078203950756,
    "Hour_Fluctuation":  0.28970179143102831,
    "Day":  0.0000000000000040839275646541,
    "Day_Fluctuation":  0.14470868219066524,
    "ThreeDay":  0.0000000000000041875830798158,
    "ThreeDay_Fluctuation":  0.12949678106329343,
    "Week":  0.0000000000000041875830798158,
    "Week_Fluctuation":  0.12949678106329343,
    "Duration":  "1.12:07:13.2212229",
    "Updated":  "\/Date(1640378730791)\/",
    "Failed":  0,
    "HashRate_Live":  0,
    "HashRate_Average":  500726053.111455,
    "BlockRate_Live":  0,
    "BlockRate_Average":  0.69264035617516906,
    "Diff_Live":  0,
    "Diff_Average":  0,
    "Actual24h_Week":  0.000000659565232845608,
    "Estimate24h_Week":  0.00000152959263569421,
    "ErrorRatio":  0.781708203302416
}
