{
    "Live":  0.00000000101,
    "Minute":  0.00000000101,
    "Minute_Fluctuation":  0,
    "Minute_5":  0.00000000101,
    "Minute_5_Fluctuation":  0.11329142968359002,
    "Minute_10":  0.00000000110706032981614,
    "Minute_10_Fluctuation":  0.14828671333111024,
    "Hour":  0.00000000134340264051838,
    "Hour_Fluctuation":  0.17548199084921473,
    "Day":  0.00000000222812317628696,
    "Day_Fluctuation":  0.15786412373169234,
    "ThreeDay":  0.00000000228737784546995,
    "ThreeDay_Fluctuation":  0.13297816154278239,
    "Week":  0.00000000228737784546995,
    "Week_Fluctuation":  0.13297816154278239,
    "Duration":  "1.12:07:13.2212229",
    "Updated":  "\/Date(1640378731768)\/",
    "Failed":  0,
    "HashRate_Live":  167629,
    "HashRate_Average":  96196.960255914208,
    "BlockRate_Live":  52,
    "BlockRate_Average":  55.132069367238905,
    "Diff_Live":  0,
    "Diff_Average":  0,
    "Actual24h_Week":  0.000000765273627967402,
    "Estimate24h_Week":  0.000000748661244257798,
    "ErrorRatio":  1.00851582778072
}
