{
    "Live":  0.00000000002295,
    "Minute":  0.00000000002295,
    "Minute_Fluctuation":  0,
    "Minute_5":  0.0000000000221272827988045,
    "Minute_5_Fluctuation":  0.071956680583178834,
    "Minute_10":  0.000000000021057935449465,
    "Minute_10_Fluctuation":  0.10074991690618976,
    "Hour":  0.000000000018821279015802,
    "Hour_Fluctuation":  0.19819172899201623,
    "Day":  0.0000000000164678371091697,
    "Day_Fluctuation":  0.28509955193478126,
    "ThreeDay":  0.0000000000164678371091697,
    "ThreeDay_Fluctuation":  0.28509955193478126,
    "Week":  0.0000000000164678371091697,
    "Week_Fluctuation":  0.28509955193478126,
    "Duration":  "11:44:44.0285476",
    "Updated":  "\/Date(1640192915860)\/",
    "Failed":  0,
    "HashRate_Live":  72477.573116335,
    "HashRate_Average":  406458.19497370243,
    "BlockRate_Live":  10,
    "BlockRate_Average":  9.5217246871178531,
    "Diff_Live":  0,
    "Diff_Average":  0,
    "Actual24h_Week":  0,
    "Estimate24h_Week":  0,
    "ErrorRatio":  1
}
