{
    "Live":  0.00000000749,
    "Minute":  0.00000000749,
    "Minute_Fluctuation":  0,
    "Minute_5":  0.00000000749,
    "Minute_5_Fluctuation":  0.0038637235904075209,
    "Minute_10":  0.00000000754247020894336,
    "Minute_10_Fluctuation":  0.022099490793098038,
    "Hour":  0.0000000077315982846321,
    "Hour_Fluctuation":  0.054074839737204734,
    "Day":  0.00000000774830694536358,
    "Day_Fluctuation":  0.30359828205670397,
    "ThreeDay":  0.00000000765558520451146,
    "ThreeDay_Fluctuation":  0.30711525317856081,
    "Week":  0.00000000765558520451146,
    "Week_Fluctuation":  0.30711525317856087,
    "Duration":  "1.12:07:13.2212229",
    "Updated":  "\/Date(1640378730243)\/",
    "Failed":  0,
    "HashRate_Live":  0,
    "HashRate_Average":  0.1680602573463725,
    "BlockRate_Live":  0,
    "BlockRate_Average":  9.3619682354301048,
    "Diff_Live":  0,
    "Diff_Average":  0,
    "Actual24h_Week":  0.00000297081044136123,
    "Estimate24h_Week":  0.00000543444602734676,
    "ErrorRatio":  0.826019146681742
}
