{
    "Live":  0.00000000000002401,
    "Minute":  0.00000000000002401,
    "Minute_Fluctuation":  0,
    "Minute_5":  0.00000000000002401,
    "Minute_5_Fluctuation":  0.14664870873275929,
    "Minute_10":  0.0000000000000386827714873907,
    "Minute_10_Fluctuation":  0.63981842926022536,
    "Hour":  0.000000000000134456864452826,
    "Hour_Fluctuation":  0.76000204952908712,
    "Day":  0.000000000000126113152500751,
    "Day_Fluctuation":  0.69010019494312791,
    "ThreeDay":  0.000000000000126113152500751,
    "ThreeDay_Fluctuation":  0.69010019494312791,
    "Week":  0.000000000000126113152500751,
    "Week_Fluctuation":  0.69010019494312791,
    "Duration":  "04:48:20.6766943",
    "Updated":  "\/Date(1640378730858)\/",
    "Failed":  0,
    "HashRate_Live":  32838747,
    "HashRate_Average":  18431722.779376328,
    "BlockRate_Live":  20,
    "BlockRate_Average":  20.134816250998718,
    "Diff_Live":  0,
    "Diff_Average":  0,
    "Actual24h_Week":  0.000119314755027277,
    "Estimate24h_Week":  0.000106121947827917,
    "ErrorRatio":  1
}
