{
    "Live":  0.0000000000000114,
    "Minute":  0.0000000000000114,
    "Minute_Fluctuation":  0,
    "Minute_5":  0.0000000000000112939322063937,
    "Minute_5_Fluctuation":  0.012218376613271718,
    "Minute_10":  0.0000000000000112074582944541,
    "Minute_10_Fluctuation":  0.017021299753112982,
    "Hour":  0.0000000000000119212756320454,
    "Hour_Fluctuation":  0.083577586377839075,
    "Day":  0.0000000000000134993448812731,
    "Day_Fluctuation":  0.10256740267860891,
    "ThreeDay":  0.0000000000000134993448812731,
    "ThreeDay_Fluctuation":  0.10256740267860892,
    "Week":  0.0000000000000134993448812731,
    "Week_Fluctuation":  0.10256740267860889,
    "Duration":  "11:44:44.0285476",
    "Updated":  "\/Date(1640192915818)\/",
    "Failed":  0,
    "HashRate_Live":  12581390.865749,
    "HashRate_Average":  11689732.403793395,
    "BlockRate_Live":  3,
    "BlockRate_Average":  3.0289136727156656,
    "Diff_Live":  0,
    "Diff_Average":  0,
    "Actual24h_Week":  0,
    "Estimate24h_Week":  0,
    "ErrorRatio":  1
}
