{
    "Live":  0.00000000000000079,
    "Minute":  0.00000000000000079,
    "Minute_Fluctuation":  0,
    "Minute_5":  0.0000000000000006996305563274,
    "Minute_5_Fluctuation":  0.16507600958830446,
    "Minute_10":  0.0000000000000006402749273127,
    "Minute_10_Fluctuation":  0.14417638975563138,
    "Hour":  0.0000000000000006563243219597,
    "Hour_Fluctuation":  0.19294179911274204,
    "Day":  0.0000000000000009389588339617,
    "Day_Fluctuation":  0.22742863333487251,
    "ThreeDay":  0.0000000000000009389588339617,
    "ThreeDay_Fluctuation":  0.22742863333487248,
    "Week":  0.0000000000000009389588339617,
    "Week_Fluctuation":  0.22742863333487251,
    "Duration":  "11:44:44.0285476",
    "Updated":  "\/Date(1640192786754)\/",
    "Failed":  0,
    "HashRate_Live":  0,
    "HashRate_Average":  0,
    "BlockRate_Live":  0,
    "BlockRate_Average":  0.040484607706368414,
    "Diff_Live":  0,
    "Diff_Average":  0,
    "Actual24h_Week":  0,
    "Estimate24h_Week":  0,
    "ErrorRatio":  1
}
