{
    "Live":  0.0000000004638898,
    "Minute":  0.0000000004638898,
    "Minute_Fluctuation":  0,
    "Minute_5":  0.000000000456049278646063,
    "Minute_5_Fluctuation":  0.044581698334795555,
    "Minute_10":  0.000000000490318964507901,
    "Minute_10_Fluctuation":  0.16206271368183958,
    "Hour":  0.000000000601422899833552,
    "Hour_Fluctuation":  0.22780645326268867,
    "Day":  0.000000000609879595016841,
    "Day_Fluctuation":  0.22648601388001202,
    "ThreeDay":  0.000000000609879595016841,
    "ThreeDay_Fluctuation":  0.22648601388001202,
    "Week":  0.000000000609879595016841,
    "Week_Fluctuation":  0.22648601388001202,
    "Duration":  "01:23:00.7222187",
    "Updated":  "\/Date(1640192787161)\/",
    "Failed":  0,
    "HashRate_Live":  0,
    "HashRate_Average":  0,
    "BlockRate_Live":  0,
    "BlockRate_Average":  0,
    "Diff_Live":  0,
    "Diff_Average":  0,
    "Actual24h_Week":  0,
    "Estimate24h_Week":  0,
    "ErrorRatio":  1
}
