{
    "Live":  0.0000000007,
    "Minute":  0.0000000007,
    "Minute_Fluctuation":  0,
    "Minute_5":  0.000000000703277228560919,
    "Minute_5_Fluctuation":  0.010723805354565602,
    "Minute_10":  0.000000000700214333331529,
    "Minute_10_Fluctuation":  0.02377946175126194,
    "Hour":  0.000000000719116368266194,
    "Hour_Fluctuation":  0.068594724943166707,
    "Day":  0.000000000765481635410661,
    "Day_Fluctuation":  0.10296768618845238,
    "ThreeDay":  0.000000000765481635410661,
    "ThreeDay_Fluctuation":  0.1029676861884524,
    "Week":  0.000000000765481635410661,
    "Week_Fluctuation":  0.10296768618845238,
    "Duration":  "11:44:44.0285476",
    "Updated":  "\/Date(1640192915116)\/",
    "Failed":  0,
    "HashRate_Live":  16736.372211582,
    "HashRate_Average":  15694.803384033123,
    "BlockRate_Live":  70,
    "BlockRate_Average":  71.824055408499888,
    "Diff_Live":  0,
    "Diff_Average":  0,
    "Actual24h_Week":  0,
    "Estimate24h_Week":  0,
    "ErrorRatio":  1
}
