{
    "Live":  0.0000000002733041,
    "Minute":  0.0000000002733041,
    "Minute_Fluctuation":  0,
    "Minute_5":  0.000000000277008861018401,
    "Minute_5_Fluctuation":  0.025957822430231127,
    "Minute_10":  0.000000000285269878278659,
    "Minute_10_Fluctuation":  0.058903009934400556,
    "Hour":  0.000000000305323133327114,
    "Hour_Fluctuation":  0.10121374080269434,
    "Day":  0.000000000305505904137718,
    "Day_Fluctuation":  0.11011672343740792,
    "ThreeDay":  0.000000000305505904137718,
    "ThreeDay_Fluctuation":  0.11011672343740793,
    "Week":  0.000000000305505904137718,
    "Week_Fluctuation":  0.11011672343740792,
    "Duration":  "02:10:58.8556207",
    "Updated":  "\/Date(1640192787130)\/",
    "Failed":  0,
    "HashRate_Live":  0,
    "HashRate_Average":  0,
    "BlockRate_Live":  0,
    "BlockRate_Average":  0,
    "Diff_Live":  0,
    "Diff_Average":  0,
    "Actual24h_Week":  0,
    "Estimate24h_Week":  0,
    "ErrorRatio":  1
}
