{
    "Live":  0.00000000000000013311,
    "Minute":  0.00000000000000013311,
    "Minute_Fluctuation":  0,
    "Minute_5":  0.0000000000000001336702237877,
    "Minute_5_Fluctuation":  0.015345122614593618,
    "Minute_10":  0.000000000000000132391734039,
    "Minute_10_Fluctuation":  0.041202216934326213,
    "Hour":  0.0000000000000001611877638239,
    "Hour_Fluctuation":  0.35027773237363968,
    "Day":  0.0000000000000001870133680455,
    "Day_Fluctuation":  0.27032734998566932,
    "ThreeDay":  0.0000000000000001870133680455,
    "ThreeDay_Fluctuation":  0.27032734998566932,
    "Week":  0.0000000000000001870133680455,
    "Week_Fluctuation":  0.27032734998566932,
    "Duration":  "11:44:44.0285476",
    "Updated":  "\/Date(1640192916065)\/",
    "Failed":  0,
    "HashRate_Live":  87052000609.785,
    "HashRate_Average":  84358137588.572617,
    "BlockRate_Live":  0,
    "BlockRate_Average":  0,
    "Diff_Live":  0,
    "Diff_Average":  0,
    "Actual24h_Week":  0,
    "Estimate24h_Week":  0,
    "ErrorRatio":  1
}
