{
    "Live":  0.00000080517,
    "Minute":  0.00000080517,
    "Minute_Fluctuation":  0,
    "Minute_5":  0.00000080517,
    "Minute_5_Fluctuation":  0.01110167313818197,
    "Minute_10":  0.000000813218515590143,
    "Minute_10_Fluctuation":  0.028714081780891187,
    "Hour":  0.000000823792786382749,
    "Hour_Fluctuation":  0.057234727801375826,
    "Day":  0.000000785974125339223,
    "Day_Fluctuation":  0.041331474491057854,
    "ThreeDay":  0.000000785262353306116,
    "ThreeDay_Fluctuation":  0.035353626705703009,
    "Week":  0.000000785262353306116,
    "Week_Fluctuation":  0.035353626705703009,
    "Duration":  "1.12:07:13.2212229",
    "Updated":  "\/Date(1640378731620)\/",
    "Failed":  0,
    "HashRate_Live":  1590.892,
    "HashRate_Average":  1506.8028647500921,
    "BlockRate_Live":  85,
    "BlockRate_Average":  83.131664013641455,
    "Diff_Live":  0,
    "Diff_Average":  0,
    "Actual24h_Week":  0.000320779799149791,
    "Estimate24h_Week":  0.000328144366190228,
    "ErrorRatio":  0.991386839592369
}
