{
    "Live":  0,
    "Minute":  0,
    "Minute_Fluctuation":  0,
    "Minute_5":  0,
    "Minute_5_Fluctuation":  3.1574915974805481E-28,
    "Minute_10":  0,
    "Minute_10_Fluctuation":  2.0008593671827862E-10,
    "Hour":  0.0000000000000000020952497869,
    "Hour_Fluctuation":  0.99734081872792835,
    "Day":  0.0000000000000003785040706025,
    "Day_Fluctuation":  0.54798912765139629,
    "ThreeDay":  0.0000000000000003785040706025,
    "ThreeDay_Fluctuation":  0.5479891276513964,
    "Week":  0.0000000000000003785040706025,
    "Week_Fluctuation":  0.54798912765139629,
    "Duration":  "11:44:44.0285476",
    "Updated":  "\/Date(1640184172354)\/",
    "Failed":  0,
    "HashRate_Live":  0,
    "HashRate_Average":  380402730.85429335,
    "BlockRate_Live":  43,
    "BlockRate_Average":  55.794070339069627,
    "Diff_Live":  0,
    "Diff_Average":  0,
    "Actual24h_Week":  0,
    "Estimate24h_Week":  0,
    "ErrorRatio":  1
}
