{
    "Live":  0.00000001036645,
    "Minute":  0.00000001036645,
    "Minute_Fluctuation":  0,
    "Minute_5":  0.0000000102314936201014,
    "Minute_5_Fluctuation":  0.024738816064650108,
    "Minute_10":  0.0000000102479273941196,
    "Minute_10_Fluctuation":  0.045527636250833371,
    "Hour":  0.00000001053661269299,
    "Hour_Fluctuation":  0.085701707563210078,
    "Day":  0.0000000106108482175723,
    "Day_Fluctuation":  0.094783116621197719,
    "ThreeDay":  0.0000000106108482175723,
    "ThreeDay_Fluctuation":  0.094783116621197719,
    "Week":  0.0000000106108482175723,
    "Week_Fluctuation":  0.094783116621197719,
    "Duration":  "02:10:58.8556207",
    "Updated":  "\/Date(1640192787079)\/",
    "Failed":  0,
    "HashRate_Live":  12130151,
    "HashRate_Average":  4949418.6476621851,
    "BlockRate_Live":  36,
    "BlockRate_Average":  35.052769589904514,
    "Diff_Live":  0,
    "Diff_Average":  0,
    "Actual24h_Week":  0,
    "Estimate24h_Week":  0,
    "ErrorRatio":  1
}
