{
    "Live":  0.00000000515,
    "Minute":  0.00000000515,
    "Minute_Fluctuation":  0,
    "Minute_5":  0.00000000515,
    "Minute_5_Fluctuation":  0.0014771079913260825,
    "Minute_10":  0.00000000507814154898451,
    "Minute_10_Fluctuation":  0.063101560153979983,
    "Hour":  0.00000000427006424905501,
    "Hour_Fluctuation":  0.13617376711308765,
    "Day":  0.0000000033115137707326,
    "Day_Fluctuation":  0.14686763855625562,
    "ThreeDay":  0.0000000032174195347294,
    "ThreeDay_Fluctuation":  0.1313885369622553,
    "Week":  0.0000000032174195347294,
    "Week_Fluctuation":  0.1313885369622553,
    "Duration":  "1.12:07:13.2212229",
    "Updated":  "\/Date(1640378737890)\/",
    "Failed":  0,
    "HashRate_Live":  19429,
    "HashRate_Average":  13348.092702736922,
    "BlockRate_Live":  632,
    "BlockRate_Average":  326.7141916359476,
    "Diff_Live":  0,
    "Diff_Average":  0,
    "Actual24h_Week":  0.00000124176054647805,
    "Estimate24h_Week":  0.00000168509686812956,
    "ErrorRatio":  0.89903084771548
}
