{
    "Live":  0.00000000000179,
    "Minute":  0.00000000000179,
    "Minute_Fluctuation":  0,
    "Minute_5":  0.00000000000179,
    "Minute_5_Fluctuation":  0.24623486451414617,
    "Minute_10":  0.00000000000147286062572609,
    "Minute_10_Fluctuation":  0.77281996341145576,
    "Hour":  0.000000000000635769678030169,
    "Hour_Fluctuation":  0,
    "Day":  0.000000000000574803868482972,
    "Day_Fluctuation":  0.79495016487031989,
    "ThreeDay":  0.000000000000574803868482972,
    "ThreeDay_Fluctuation":  0.79495016487031989,
    "Week":  0.000000000000574803868482972,
    "Week_Fluctuation":  0.79495016487032,
    "Duration":  "03:02:53.5773167",
    "Updated":  "\/Date(1640378731177)\/",
    "Failed":  0,
    "HashRate_Live":  0,
    "HashRate_Average":  8427579.1807658356,
    "BlockRate_Live":  17,
    "BlockRate_Average":  15.74511805571591,
    "Diff_Live":  0,
    "Diff_Average":  0,
    "Actual24h_Week":  0.00000032851900330076,
    "Estimate24h_Week":  0.000000335695871740954,
    "ErrorRatio":  0.999231228110532
}
