{
    "Live":  0.0000000000003,
    "Minute":  0.0000000000003,
    "Minute_Fluctuation":  0,
    "Minute_5":  0.00000000000028266228618007,
    "Minute_5_Fluctuation":  0.12475675840654638,
    "Minute_10":  0.000000000000252583034637619,
    "Minute_10_Fluctuation":  0.28771753798507455,
    "Hour":  0.000000000000358685262067084,
    "Hour_Fluctuation":  0.64273241378278345,
    "Day":  0.000000000000573881820368625,
    "Day_Fluctuation":  0.67834121964285055,
    "ThreeDay":  0.000000000000573881820368625,
    "ThreeDay_Fluctuation":  0.67834121964285043,
    "Week":  0.000000000000573881820368625,
    "Week_Fluctuation":  0.67834121964285055,
    "Duration":  "08:25:36.7725457",
    "Updated":  "\/Date(1640192786369)\/",
    "Failed":  0,
    "HashRate_Live":  0,
    "HashRate_Average":  10146163.022596762,
    "BlockRate_Live":  16,
    "BlockRate_Average":  15.471072236526815,
    "Diff_Live":  0,
    "Diff_Average":  0,
    "Actual24h_Week":  0,
    "Estimate24h_Week":  0,
    "ErrorRatio":  1
}
