{
    "Live":  0.00000000000162,
    "Minute":  0.00000000000162,
    "Minute_Fluctuation":  0,
    "Minute_5":  0.00000000000161999968662884,
    "Minute_5_Fluctuation":  2.4294558260139636E-06,
    "Minute_10":  0.00000000000161988884885291,
    "Minute_10_Fluctuation":  0.00037861135323863842,
    "Hour":  0.0000000000016104398113913,
    "Hour_Fluctuation":  0.0059005590425511211,
    "Day":  0.00000000000157507833804692,
    "Day_Fluctuation":  0.025192471812333962,
    "ThreeDay":  0.00000000000157507833804692,
    "ThreeDay_Fluctuation":  0.025192471812333962,
    "Week":  0.00000000000157507833804692,
    "Week_Fluctuation":  0.025192471812333962,
    "Duration":  "11:44:44.0285476",
    "Updated":  "\/Date(1640192915751)\/",
    "Failed":  0,
    "HashRate_Live":  467445897.40709,
    "HashRate_Average":  446701711.17854077,
    "BlockRate_Live":  73,
    "BlockRate_Average":  75.509856898258988,
    "Diff_Live":  0,
    "Diff_Average":  0,
    "Actual24h_Week":  0,
    "Estimate24h_Week":  0,
    "ErrorRatio":  1
}
