{
    "Live":  0.00000000000003824,
    "Minute":  0.00000000000003824,
    "Minute_Fluctuation":  0,
    "Minute_5":  0.00000000000003824,
    "Minute_5_Fluctuation":  0.16983906137870716,
    "Minute_10":  0.0000000000000338112630433516,
    "Minute_10_Fluctuation":  0.3430662616668142,
    "Hour":  0.0000000000000190320274900161,
    "Hour_Fluctuation":  0.51436059488872954,
    "Day":  0.0000000000000127230728997587,
    "Day_Fluctuation":  0.14212542682458446,
    "ThreeDay":  0.0000000000000124327792084736,
    "ThreeDay_Fluctuation":  0.1173372142790445,
    "Week":  0.0000000000000124327792084736,
    "Week_Fluctuation":  0.1173372142790445,
    "Duration":  "1.12:07:13.2212229",
    "Updated":  "\/Date(1640378735671)\/",
    "Failed":  0,
    "HashRate_Live":  728257862,
    "HashRate_Average":  958922233.43394411,
    "BlockRate_Live":  222,
    "BlockRate_Average":  139.34654140523512,
    "Diff_Live":  0,
    "Diff_Average":  0,
    "Actual24h_Week":  0.00000729916967031474,
    "Estimate24h_Week":  0.00000575853869521188,
    "ErrorRatio":  1.10267544733535
}
