{
    "Live":  0.0000000000000512,
    "Minute":  0.0000000000000512,
    "Minute_Fluctuation":  0,
    "Minute_5":  0.0000000000000512,
    "Minute_5_Fluctuation":  0.23284473892693236,
    "Minute_10":  0.0000000000000502625696868148,
    "Minute_10_Fluctuation":  0.22714900043114561,
    "Hour":  0.000000000000176677133315238,
    "Hour_Fluctuation":  0.5755905696303,
    "Day":  0.000000000000177810632883594,
    "Day_Fluctuation":  0.57425528547167826,
    "ThreeDay":  0.000000000000177810632883594,
    "ThreeDay_Fluctuation":  0.57425528547167837,
    "Week":  0.000000000000177810632883594,
    "Week_Fluctuation":  0.57425528547167826,
    "Duration":  "01:10:20.4385065",
    "Updated":  "\/Date(1640378730494)\/",
    "Failed":  0,
    "HashRate_Live":  39513699,
    "HashRate_Average":  73210987.15977025,
    "BlockRate_Live":  19,
    "BlockRate_Average":  21.059711160061156,
    "Diff_Live":  0,
    "Diff_Average":  0,
    "Actual24h_Week":  0.0000823570040366281,
    "Estimate24h_Week":  0.0000944551762572861,
    "ErrorRatio":  0.998218639431044
}
