{
    "Live":  0.00000000000007389,
    "Minute":  0.00000000000007389,
    "Minute_Fluctuation":  0,
    "Minute_5":  0.0000000000000671839279503355,
    "Minute_5_Fluctuation":  0.189515587392178,
    "Minute_10":  0.0000000000000583160141240061,
    "Minute_10_Fluctuation":  0.32518399188901559,
    "Hour":  0.0000000000000575005906879076,
    "Hour_Fluctuation":  0.42439659961559684,
    "Day":  0.0000000000000921300135309637,
    "Day_Fluctuation":  0.45607611395433584,
    "ThreeDay":  0.0000000000000921300135309637,
    "ThreeDay_Fluctuation":  0.45607611395433589,
    "Week":  0.0000000000000921300135309637,
    "Week_Fluctuation":  0.45607611395433584,
    "Duration":  "08:26:36.7725457",
    "Updated":  "\/Date(1640192786503)\/",
    "Failed":  0,
    "HashRate_Live":  0,
    "HashRate_Average":  6757876.5659331959,
    "BlockRate_Live":  15,
    "BlockRate_Average":  14.398817222763171,
    "Diff_Live":  0,
    "Diff_Average":  0,
    "Actual24h_Week":  0,
    "Estimate24h_Week":  0,
    "ErrorRatio":  1
}
