{
    "Live":  0.00000000000000403,
    "Minute":  0.00000000000000403,
    "Minute_Fluctuation":  0,
    "Minute_5":  0.0000000000000038243261111359,
    "Minute_5_Fluctuation":  0.14170641777926435,
    "Minute_10":  0.0000000000000033965021971523,
    "Minute_10_Fluctuation":  0.28822329903091559,
    "Hour":  0.0000000000000040790657223508,
    "Hour_Fluctuation":  0.43555965984237854,
    "Day":  0.0000000000000052605626844215,
    "Day_Fluctuation":  0.49759372424607862,
    "ThreeDay":  0.0000000000000052605626844215,
    "ThreeDay_Fluctuation":  0.49759372424607862,
    "Week":  0.0000000000000052605626844215,
    "Week_Fluctuation":  0.49759372424607862,
    "Duration":  "02:45:48.2416998",
    "Updated":  "\/Date(1640192656931)\/",
    "Failed":  0,
    "HashRate_Live":  0,
    "HashRate_Average":  225135161.57591084,
    "BlockRate_Live":  10,
    "BlockRate_Average":  9.456575357031074,
    "Diff_Live":  0,
    "Diff_Average":  0,
    "Actual24h_Week":  0,
    "Estimate24h_Week":  0,
    "ErrorRatio":  1
}
