{
    "Live":  0.00000000016,
    "Minute":  0.00000000016,
    "Minute_Fluctuation":  0,
    "Minute_5":  0.00000000016,
    "Minute_5_Fluctuation":  0.031469544895758664,
    "Minute_10":  0.000000000164582740848262,
    "Minute_10_Fluctuation":  0.078854916612859677,
    "Hour":  0.000000000171307404703529,
    "Hour_Fluctuation":  0.15019632464104576,
    "Day":  0.000000000123248708707987,
    "Day_Fluctuation":  0.16485170669814411,
    "ThreeDay":  0.000000000119542912368902,
    "ThreeDay_Fluctuation":  0.147023015993036,
    "Week":  0.000000000119542912368902,
    "Week_Fluctuation":  0.14702301599303602,
    "Duration":  "1.12:07:13.2212229",
    "Updated":  "\/Date(1640378731008)\/",
    "Failed":  0,
    "HashRate_Live":  13218,
    "HashRate_Average":  14805.442190989803,
    "BlockRate_Live":  18,
    "BlockRate_Average":  21.232660837967181,
    "Diff_Live":  0,
    "Diff_Average":  0,
    "Actual24h_Week":  0.0000000597771230178861,
    "Estimate24h_Week":  0.0000000757346183387168,
    "ErrorRatio":  0.919136869122388
}
