{
    "Live":  0.00000000000356,
    "Minute":  0.00000000000356,
    "Minute_Fluctuation":  0,
    "Minute_5":  0.00000000000356,
    "Minute_5_Fluctuation":  0.00044592558189032792,
    "Minute_10":  0.00000000000353060286480258,
    "Minute_10_Fluctuation":  0.032257779087324828,
    "Hour":  0.00000000000327802486145487,
    "Hour_Fluctuation":  0.071280550364242481,
    "Day":  0.0000000000028203201731281,
    "Day_Fluctuation":  0.067211080422633337,
    "ThreeDay":  0.00000000000278049033250356,
    "ThreeDay_Fluctuation":  0.058675590568886646,
    "Week":  0.00000000000278049033250356,
    "Week_Fluctuation":  0.058675590568886646,
    "Duration":  "1.12:07:13.2212229",
    "Updated":  "\/Date(1640378733743)\/",
    "Failed":  0,
    "HashRate_Live":  32416123,
    "HashRate_Average":  38268660.104740232,
    "BlockRate_Live":  76,
    "BlockRate_Average":  82.956611371438072,
    "Diff_Live":  0,
    "Diff_Average":  0,
    "Actual24h_Week":  0.00000122600855018254,
    "Estimate24h_Week":  0.00000122393200958537,
    "ErrorRatio":  1.00065112354642
}
