{
    "Live":  0.00000000815,
    "Minute":  0.00000000815,
    "Minute_Fluctuation":  0,
    "Minute_5":  0.00000000815,
    "Minute_5_Fluctuation":  0.085775821531947835,
    "Minute_10":  0.00000000760676981562878,
    "Minute_10_Fluctuation":  0.14524612216970534,
    "Hour":  0.00000000696237819123284,
    "Hour_Fluctuation":  0.13224866998082538,
    "Day":  0.00000000615756460844729,
    "Day_Fluctuation":  0.10349232259212642,
    "ThreeDay":  0.00000000604982853711391,
    "ThreeDay_Fluctuation":  0.088824196941738126,
    "Week":  0.00000000604982853711391,
    "Week_Fluctuation":  0.088824196941738126,
    "Duration":  "1.12:07:13.2212229",
    "Updated":  "\/Date(1640378737166)\/",
    "Failed":  0,
    "HashRate_Live":  113353,
    "HashRate_Average":  112856.26497926303,
    "BlockRate_Live":  60,
    "BlockRate_Average":  61.662054738328024,
    "Diff_Live":  0,
    "Diff_Average":  0,
    "Actual24h_Week":  0.00000239514468426553,
    "Estimate24h_Week":  0.00000271318597359942,
    "ErrorRatio":  0.955013292400136
}
