{
    "Live":  0.00000000000000383,
    "Minute":  0.00000000000000383,
    "Minute_Fluctuation":  0,
    "Minute_5":  0.00000000000000383,
    "Minute_5_Fluctuation":  0.010355284965168077,
    "Minute_10":  0.0000000000000038628409713622,
    "Minute_10_Fluctuation":  0.013830963975106848,
    "Hour":  0.0000000000000038991459824544,
    "Hour_Fluctuation":  0.015894449400457471,
    "Day":  0.0000000000000029254370076842,
    "Day_Fluctuation":  0.18984418210373974,
    "ThreeDay":  0.0000000000000028260033102369,
    "ThreeDay_Fluctuation":  0.17278502753537364,
    "Week":  0.0000000000000028260033102369,
    "Week_Fluctuation":  0.1727850275353737,
    "Duration":  "1.12:07:13.2212229",
    "Updated":  "\/Date(1640378736034)\/",
    "Failed":  0,
    "HashRate_Live":  22239484511,
    "HashRate_Average":  17815926668.297409,
    "BlockRate_Live":  45,
    "BlockRate_Average":  37.68827142378418,
    "Diff_Live":  0,
    "Diff_Average":  0,
    "Actual24h_Week":  0.000000971075001361202,
    "Estimate24h_Week":  0.00000153199291151236,
    "ErrorRatio":  0.859484957433877
}
