{
    "Live":  0.00000000000348,
    "Minute":  0.00000000000348,
    "Minute_Fluctuation":  0,
    "Minute_5":  0.00000000000339060316872767,
    "Minute_5_Fluctuation":  0.053010505487288695,
    "Minute_10":  0.00000000000338196763580922,
    "Minute_10_Fluctuation":  0.096152576823882369,
    "Hour":  0.00000000000472525278820672,
    "Hour_Fluctuation":  0.28533429869078053,
    "Day":  0.00000000000460402570740138,
    "Day_Fluctuation":  0.36318885782324822,
    "ThreeDay":  0.00000000000460402570740138,
    "ThreeDay_Fluctuation":  0.36318885782324822,
    "Week":  0.00000000000460402570740138,
    "Week_Fluctuation":  0.36318885782324828,
    "Duration":  "11:44:44.0285476",
    "Updated":  "\/Date(1640192656999)\/",
    "Failed":  0,
    "HashRate_Live":  0,
    "HashRate_Average":  907174.94263773086,
    "BlockRate_Live":  75,
    "BlockRate_Average":  70.790531090218352,
    "Diff_Live":  0,
    "Diff_Average":  0,
    "Actual24h_Week":  0,
    "Estimate24h_Week":  0,
    "ErrorRatio":  1
}
