{
    "Live":  0.00000000003418,
    "Minute":  0.00000000003418,
    "Minute_Fluctuation":  0,
    "Minute_5":  0.00000000003418,
    "Minute_5_Fluctuation":  0.099531846772643262,
    "Minute_10":  0.0000000000362650533007226,
    "Minute_10_Fluctuation":  0.1401309913487217,
    "Hour":  0.0000000000370106597938322,
    "Hour_Fluctuation":  0.14600300616200304,
    "Day":  0.0000000000400018258025782,
    "Day_Fluctuation":  0.060527935650759722,
    "ThreeDay":  0.0000000000402159585336688,
    "ThreeDay_Fluctuation":  0.0520434563572963,
    "Week":  0.0000000000402159585336688,
    "Week_Fluctuation":  0.0520434563572963,
    "Duration":  "1.12:07:13.2212229",
    "Updated":  "\/Date(1640378734253)\/",
    "Failed":  0,
    "HashRate_Live":  106007399,
    "HashRate_Average":  100399131.44155788,
    "BlockRate_Live":  113,
    "BlockRate_Average":  103.12845853141329,
    "Diff_Live":  0,
    "Diff_Average":  0,
    "Actual24h_Week":  0.0000155481079159614,
    "Estimate24h_Week":  0.0000161467948747378,
    "ErrorRatio":  0.985770365739767
}
