{
    "Live":  0.00000000000145365,
    "Minute":  0.00000000000145365,
    "Minute_Fluctuation":  0,
    "Minute_5":  0.00000000000145365,
    "Minute_5_Fluctuation":  0.006709737062919191,
    "Minute_10":  0.0000000000014149012485881,
    "Minute_10_Fluctuation":  0.13283345135238078,
    "Hour":  0.000000000000967821678974482,
    "Hour_Fluctuation":  0.30409960062093283,
    "Day":  0.00000000000071142657143061,
    "Day_Fluctuation":  0.062413792585240532,
    "ThreeDay":  0.000000000000707172313431962,
    "ThreeDay_Fluctuation":  0.049912715006171331,
    "Week":  0.000000000000707172313431962,
    "Week_Fluctuation":  0.049912715006171324,
    "Duration":  "1.12:07:13.2212229",
    "Updated":  "\/Date(1640378736358)\/",
    "Failed":  0,
    "HashRate_Live":  11624424049,
    "HashRate_Average":  10021441942.914093,
    "BlockRate_Live":  268,
    "BlockRate_Average":  333.35496314879151,
    "Diff_Live":  0,
    "Diff_Average":  0,
    "Actual24h_Week":  0.000309412747616697,
    "Estimate24h_Week":  0.000270792126610579,
    "ErrorRatio":  1.05473479397644
}
