{
    "Live":  0.00000014998,
    "Minute":  0.00000014998,
    "Minute_Fluctuation":  0,
    "Minute_5":  0.000000144811471567479,
    "Minute_5_Fluctuation":  0.058177635251398005,
    "Minute_10":  0.000000138369222600232,
    "Minute_10_Fluctuation":  0.0896683314224577,
    "Hour":  0.000000148594785130929,
    "Hour_Fluctuation":  0.15157434223425481,
    "Day":  0.000000156383294867153,
    "Day_Fluctuation":  0.16296252840925049,
    "ThreeDay":  0.000000156383294867153,
    "ThreeDay_Fluctuation":  0.16296252840925049,
    "Week":  0.000000156383294867153,
    "Week_Fluctuation":  0.16296252840925049,
    "Duration":  "02:10:58.8556207",
    "Updated":  "\/Date(1640192787122)\/",
    "Failed":  0,
    "HashRate_Live":  32000,
    "HashRate_Average":  179259.87036840498,
    "BlockRate_Live":  25,
    "BlockRate_Average":  20.848300683086528,
    "Diff_Live":  0,
    "Diff_Average":  0,
    "Actual24h_Week":  0,
    "Estimate24h_Week":  0,
    "ErrorRatio":  1
}
