{
    "Live":  0.00000000002498,
    "Minute":  0.00000000002498,
    "Minute_Fluctuation":  0,
    "Minute_5":  0.0000000000250018141129676,
    "Minute_5_Fluctuation":  0.0010137068222068175,
    "Minute_10":  0.0000000000249642897946942,
    "Minute_10_Fluctuation":  0.0059188130563941716,
    "Hour":  0.0000000000244291451206942,
    "Hour_Fluctuation":  0.018096603504690886,
    "Day":  0.0000000000244618261215818,
    "Day_Fluctuation":  0.019917083859021422,
    "ThreeDay":  0.0000000000244618261215818,
    "ThreeDay_Fluctuation":  0.019917083859021422,
    "Week":  0.0000000000244618261215818,
    "Week_Fluctuation":  0.019917083859021422,
    "Duration":  "11:44:44.0285476",
    "Updated":  "\/Date(1640192915947)\/",
    "Failed":  0,
    "HashRate_Live":  67888429.197339,
    "HashRate_Average":  66430186.891368695,
    "BlockRate_Live":  18,
    "BlockRate_Average":  17.814018885625067,
    "Diff_Live":  0,
    "Diff_Average":  0,
    "Actual24h_Week":  0,
    "Estimate24h_Week":  0,
    "ErrorRatio":  1
}
