{
    "Live":  0.00000000884,
    "Minute":  0.00000000884,
    "Minute_Fluctuation":  0,
    "Minute_5":  0.00000000884,
    "Minute_5_Fluctuation":  0.048290014185348347,
    "Minute_10":  0.00000000829106936530252,
    "Minute_10_Fluctuation":  0.19129896972766952,
    "Hour":  0.00000000561437533250542,
    "Hour_Fluctuation":  0.31084663705619064,
    "Day":  0.00000000378177653236305,
    "Day_Fluctuation":  0.18892559119205776,
    "ThreeDay":  0.00000000364073540587369,
    "ThreeDay_Fluctuation":  0.16626687544087546,
    "Week":  0.00000000364073540587369,
    "Week_Fluctuation":  0.16626687544087543,
    "Duration":  "1.12:07:13.2212229",
    "Updated":  "\/Date(1640378737520)\/",
    "Failed":  0,
    "HashRate_Live":  90107,
    "HashRate_Average":  364402.33631165896,
    "BlockRate_Live":  181,
    "BlockRate_Average":  208.77378513059529,
    "Diff_Live":  0,
    "Diff_Average":  0,
    "Actual24h_Week":  0.00000125161527889922,
    "Estimate24h_Week":  0.00000186790954325005,
    "ErrorRatio":  0.873377013404009
}
