{
    "Live":  0.00000000000015161,
    "Minute":  0.00000000000015161,
    "Minute_Fluctuation":  0,
    "Minute_5":  0.000000000000142042038329769,
    "Minute_5_Fluctuation":  0.19082360507295507,
    "Minute_10":  0.000000000000127221228054595,
    "Minute_10_Fluctuation":  0.29083336496970424,
    "Hour":  0.000000000000115452052467481,
    "Hour_Fluctuation":  0.38913638881325552,
    "Day":  0.000000000000102529394631008,
    "Day_Fluctuation":  0.41336434343798667,
    "ThreeDay":  0.000000000000102529394631008,
    "ThreeDay_Fluctuation":  0.41336434343798661,
    "Week":  0.000000000000102529394631008,
    "Week_Fluctuation":  0.41336434343798667,
    "Duration":  "11:44:44.0285476",
    "Updated":  "\/Date(1640192915632)\/",
    "Failed":  0,
    "HashRate_Live":  91353059.60107,
    "HashRate_Average":  504355867.26591015,
    "BlockRate_Live":  36,
    "BlockRate_Average":  34.70798359129094,
    "Diff_Live":  0,
    "Diff_Average":  0,
    "Actual24h_Week":  0,
    "Estimate24h_Week":  0,
    "ErrorRatio":  1
}
