{
    "Live":  0.00000076135,
    "Minute":  0.00000076135,
    "Minute_Fluctuation":  0,
    "Minute_5":  0.000000774859226736394,
    "Minute_5_Fluctuation":  0.03316455849080311,
    "Minute_10":  0.000000789277894811381,
    "Minute_10_Fluctuation":  0.03665059440208,
    "Hour":  0.000000773406538604074,
    "Hour_Fluctuation":  0.06584228517151372,
    "Day":  0.000000648347962135113,
    "Day_Fluctuation":  0.11035716440649733,
    "ThreeDay":  0.000000648347962135113,
    "ThreeDay_Fluctuation":  0.1103571644064973,
    "Week":  0.000000648347962135113,
    "Week_Fluctuation":  0.11035716440649732,
    "Duration":  "11:44:44.0285476",
    "Updated":  "\/Date(1640192915254)\/",
    "Failed":  0,
    "HashRate_Live":  14914.578154644,
    "HashRate_Average":  14528.392790115069,
    "BlockRate_Live":  12,
    "BlockRate_Average":  11.98871826461844,
    "Diff_Live":  0,
    "Diff_Average":  0,
    "Actual24h_Week":  0,
    "Estimate24h_Week":  0,
    "ErrorRatio":  1
}
