{
    "Live":  0.00000000000000004,
    "Minute":  0.00000000000000004,
    "Minute_Fluctuation":  3.3306690738754696E-16,
    "Minute_5":  0.00000000000000004,
    "Minute_5_Fluctuation":  0.43405824700942119,
    "Minute_10":  0.0000000000000007897316774538,
    "Minute_10_Fluctuation":  0.80167638494934212,
    "Hour":  0.0000000000000023139682986883,
    "Hour_Fluctuation":  0.19709965461553547,
    "Day":  0.0000000000000029998648541544,
    "Day_Fluctuation":  0.680225462340594,
    "ThreeDay":  0.0000000000000029998648541544,
    "ThreeDay_Fluctuation":  0.680225462340594,
    "Week":  0.0000000000000029998648541544,
    "Week_Fluctuation":  0.680225462340594,
    "Duration":  "06:05:22.5737451",
    "Updated":  "\/Date(1640378733270)\/",
    "Failed":  0,
    "HashRate_Live":  11203794422,
    "HashRate_Average":  4914989185.8617,
    "BlockRate_Live":  20,
    "BlockRate_Average":  21.53078238643543,
    "Diff_Live":  0,
    "Diff_Average":  0,
    "Actual24h_Week":  0.00000147949608612968,
    "Estimate24h_Week":  0.00000156763672301101,
    "ErrorRatio":  0.9959978143315
}
