{
    "Live":  0.00000000542,
    "Minute":  0.00000000542,
    "Minute_Fluctuation":  0,
    "Minute_5":  0.00000000634767658667639,
    "Minute_5_Fluctuation":  0.215818850654376,
    "Minute_10":  0.00000000713810721044238,
    "Minute_10_Fluctuation":  0.23653239977757792,
    "Hour":  0.00000000547459542006534,
    "Hour_Fluctuation":  0.4759211023921413,
    "Day":  0.00000000378843869418869,
    "Day_Fluctuation":  0.29912409251433242,
    "ThreeDay":  0.00000000378843869418869,
    "ThreeDay_Fluctuation":  0.29912409251433242,
    "Week":  0.00000000378843869418869,
    "Week_Fluctuation":  0.29912409251433242,
    "Duration":  "11:44:44.0285476",
    "Updated":  "\/Date(1640192657039)\/",
    "Failed":  0,
    "HashRate_Live":  0,
    "HashRate_Average":  62.168351350886283,
    "BlockRate_Live":  60,
    "BlockRate_Average":  59.635484412053145,
    "Diff_Live":  0,
    "Diff_Average":  0,
    "Actual24h_Week":  0,
    "Estimate24h_Week":  0,
    "ErrorRatio":  1
}
