{
    "Live":  0.00000000139,
    "Minute":  0.00000000139,
    "Minute_Fluctuation":  0,
    "Minute_5":  0.00000000126965935173822,
    "Minute_5_Fluctuation":  0.14831266444154284,
    "Minute_10":  0.00000000115933990100917,
    "Minute_10_Fluctuation":  0.15727671287868839,
    "Hour":  0.00000000104581759627382,
    "Hour_Fluctuation":  0.10333884449520243,
    "Day":  0.00000000110002352325387,
    "Day_Fluctuation":  0.13681706001265168,
    "ThreeDay":  0.00000000110002352325387,
    "ThreeDay_Fluctuation":  0.13681706001265165,
    "Week":  0.00000000110002352325387,
    "Week_Fluctuation":  0.13681706001265168,
    "Duration":  "11:44:44.0285476",
    "Updated":  "\/Date(1640192914949)\/",
    "Failed":  0,
    "HashRate_Live":  682994.6472576,
    "HashRate_Average":  488342.20098582929,
    "BlockRate_Live":  0,
    "BlockRate_Average":  0.56353094748586141,
    "Diff_Live":  0,
    "Diff_Average":  0,
    "Actual24h_Week":  0,
    "Estimate24h_Week":  0,
    "ErrorRatio":  1
}
