{
    "Live":  0.00000000000001047,
    "Minute":  0.00000000000001047,
    "Minute_Fluctuation":  0,
    "Minute_5":  0.0000000000000109336765802914,
    "Minute_5_Fluctuation":  0.099270249584493778,
    "Minute_10":  0.0000000000000115139735971659,
    "Minute_10_Fluctuation":  0.13066874672494685,
    "Hour":  0.0000000000000115100303094621,
    "Hour_Fluctuation":  0.14302052220700642,
    "Day":  0.0000000000000127994810116535,
    "Day_Fluctuation":  0.19387032130965617,
    "ThreeDay":  0.0000000000000127994810116535,
    "ThreeDay_Fluctuation":  0.19387032130965615,
    "Week":  0.0000000000000127994810116535,
    "Week_Fluctuation":  0.19387032130965615,
    "Duration":  "11:44:44.0285476",
    "Updated":  "\/Date(1640192915845)\/",
    "Failed":  0,
    "HashRate_Live":  1406202071.1503,
    "HashRate_Average":  869871069.00838757,
    "BlockRate_Live":  92,
    "BlockRate_Average":  97.743719239013927,
    "Diff_Live":  0,
    "Diff_Average":  0,
    "Actual24h_Week":  0,
    "Estimate24h_Week":  0,
    "ErrorRatio":  1
}
