{
    "Live":  0.00000000469,
    "Minute":  0.00000000469,
    "Minute_Fluctuation":  0,
    "Minute_5":  0.00000000469,
    "Minute_5_Fluctuation":  0.01035422579711083,
    "Minute_10":  0.0000000047262361314561,
    "Minute_10_Fluctuation":  0.03856398333795568,
    "Hour":  0.00000000423167903780791,
    "Hour_Fluctuation":  0.10477275585661236,
    "Day":  0.00000000322812499425329,
    "Day_Fluctuation":  0.10783823612850039,
    "ThreeDay":  0.00000000317446742614417,
    "ThreeDay_Fluctuation":  0.096652254592406284,
    "Week":  0.00000000317446742614417,
    "Week_Fluctuation":  0.09665225459240627,
    "Duration":  "1.12:07:13.2212229",
    "Updated":  "\/Date(1640378737320)\/",
    "Failed":  0,
    "HashRate_Live":  17668,
    "HashRate_Average":  18262.060824483458,
    "BlockRate_Live":  51,
    "BlockRate_Average":  41.511504692128085,
    "Diff_Live":  0,
    "Diff_Average":  0,
    "Actual24h_Week":  0.00000134723906844286,
    "Estimate24h_Week":  0.00000158803152977101,
    "ErrorRatio":  0.941807899612644
}
