{
    "Live":  0.0000000000001729,
    "Minute":  0.0000000000001729,
    "Minute_Fluctuation":  0,
    "Minute_5":  0.0000000000001729,
    "Minute_5_Fluctuation":  0.0042293331658910926,
    "Minute_10":  0.000000000000170270186050046,
    "Minute_10_Fluctuation":  0.068977237072795,
    "Hour":  0.000000000000147562252218067,
    "Hour_Fluctuation":  0.16643708489157391,
    "Day":  0.000000000000176552779407201,
    "Day_Fluctuation":  0.090019896095555954,
    "ThreeDay":  0.000000000000176899307020753,
    "ThreeDay_Fluctuation":  0.078445638206022683,
    "Week":  0.000000000000176899307020753,
    "Week_Fluctuation":  0.078445638206022683,
    "Duration":  "1.12:07:13.2212229",
    "Updated":  "\/Date(1640378736612)\/",
    "Failed":  0,
    "HashRate_Live":  483257351,
    "HashRate_Average":  608884404.29046369,
    "BlockRate_Live":  360,
    "BlockRate_Average":  359.02419126055094,
    "Diff_Live":  0,
    "Diff_Average":  0,
    "Actual24h_Week":  0.0000764062464218445,
    "Estimate24h_Week":  0.000076297458322275,
    "ErrorRatio":  1.00054720692808
}
