{
    "Live":  0.0000000000133017,
    "Minute":  0.0000000000133017,
    "Minute_Fluctuation":  0,
    "Minute_5":  0.000000000013916090806611,
    "Minute_5_Fluctuation":  0.056529308423500832,
    "Minute_10":  0.0000000000143785972007709,
    "Minute_10_Fluctuation":  0.096597073569744965,
    "Hour":  0.0000000000164745435375101,
    "Hour_Fluctuation":  0.19658074111046053,
    "Day":  0.0000000000165813635414085,
    "Day_Fluctuation":  0.18188079458004441,
    "ThreeDay":  0.0000000000165813635414085,
    "ThreeDay_Fluctuation":  0.18188079458004441,
    "Week":  0.0000000000165813635414085,
    "Week_Fluctuation":  0.18188079458004441,
    "Duration":  "02:10:58.8556207",
    "Updated":  "\/Date(1640192787153)\/",
    "Failed":  0,
    "HashRate_Live":  0,
    "HashRate_Average":  0,
    "BlockRate_Live":  0,
    "BlockRate_Average":  0,
    "Diff_Live":  0,
    "Diff_Average":  0,
    "Actual24h_Week":  0,
    "Estimate24h_Week":  0,
    "ErrorRatio":  1
}
