{
    "Live":  0.0000000000001174,
    "Minute":  0.0000000000001174,
    "Minute_Fluctuation":  0,
    "Minute_5":  0.0000000000001174,
    "Minute_5_Fluctuation":  5.1518898672100833E-14,
    "Minute_10":  0.000000000000117400008886222,
    "Minute_10_Fluctuation":  1.2460142602049081E-06,
    "Hour":  0.000000000000124138596185083,
    "Hour_Fluctuation":  0.14492829162983734,
    "Day":  0.000000000000206049037832055,
    "Day_Fluctuation":  0.52958804756901823,
    "ThreeDay":  0.000000000000206049037832055,
    "ThreeDay_Fluctuation":  0.52958804756901812,
    "Week":  0.000000000000206049037832055,
    "Week_Fluctuation":  0.52958804756901823,
    "Duration":  "06:08:49.3820077",
    "Updated":  "\/Date(1640184533873)\/",
    "Failed":  0,
    "HashRate_Live":  0,
    "HashRate_Average":  4111051.3759732866,
    "BlockRate_Live":  204,
    "BlockRate_Average":  202.22550957294456,
    "Diff_Live":  0,
    "Diff_Average":  0,
    "Actual24h_Week":  0,
    "Estimate24h_Week":  0,
    "ErrorRatio":  1
}
