{
    "Live":  0.0000000000007,
    "Minute":  0.0000000000007,
    "Minute_Fluctuation":  0,
    "Minute_5":  0.00000000000068035996834937,
    "Minute_5_Fluctuation":  0.095966816859806348,
    "Minute_10":  0.000000000000810728402903966,
    "Minute_10_Fluctuation":  0.35233279563167369,
    "Hour":  0.00000000000157460681898729,
    "Hour_Fluctuation":  0.534217653796527,
    "Day":  0.00000000000167085188003941,
    "Day_Fluctuation":  0.51432729823892021,
    "ThreeDay":  0.00000000000167085188003941,
    "ThreeDay_Fluctuation":  0.51432729823892021,
    "Week":  0.00000000000167085188003941,
    "Week_Fluctuation":  0.51432729823892021,
    "Duration":  "08:22:14.9309009",
    "Updated":  "\/Date(1640192656981)\/",
    "Failed":  0,
    "HashRate_Live":  0,
    "HashRate_Average":  713149.62495171884,
    "BlockRate_Live":  13,
    "BlockRate_Average":  12.063327160908981,
    "Diff_Live":  0,
    "Diff_Average":  0,
    "Actual24h_Week":  0,
    "Estimate24h_Week":  0,
    "ErrorRatio":  1
}
