{
    "Live":  0.00000000029252,
    "Minute":  0.00000000029252,
    "Minute_Fluctuation":  0,
    "Minute_5":  0.00000000029252,
    "Minute_5_Fluctuation":  0.018179249209935213,
    "Minute_10":  0.000000000298136611984071,
    "Minute_10_Fluctuation":  0.038409227106322941,
    "Hour":  0.000000000337120281605513,
    "Hour_Fluctuation":  0.085390849333768837,
    "Day":  0.000000000442787591642317,
    "Day_Fluctuation":  0.091969276441114023,
    "ThreeDay":  0.000000000451986514181265,
    "ThreeDay_Fluctuation":  0.078622840853303275,
    "Week":  0.000000000451986514181265,
    "Week_Fluctuation":  0.078622840853303275,
    "Duration":  "1.12:07:13.2212229",
    "Updated":  "\/Date(1640378730305)\/",
    "Failed":  0,
    "HashRate_Live":  453557,
    "HashRate_Average":  570759.98951728817,
    "BlockRate_Live":  93,
    "BlockRate_Average":  88.39247967871124,
    "Diff_Live":  0,
    "Diff_Average":  0,
    "Actual24h_Week":  0.000174695885623332,
    "Estimate24h_Week":  0.000170238286584485,
    "ErrorRatio":  1.01004902737682
}
