{
    "Live":  0.00000000000318328811,
    "Minute":  0.00000000000318328811,
    "Minute_Fluctuation":  0,
    "Minute_5":  0.00000000000336990522675074,
    "Minute_5_Fluctuation":  0.15686542210305687,
    "Minute_10":  0.00000000000375101006138062,
    "Minute_10_Fluctuation":  0.23348072121045563,
    "Hour":  0.0000000000043417795690115,
    "Hour_Fluctuation":  0.22210030250273666,
    "Day":  0.00000000000438658646290769,
    "Day_Fluctuation":  0.21629730970244776,
    "ThreeDay":  0.00000000000438658646290769,
    "ThreeDay_Fluctuation":  0.21629730970244776,
    "Week":  0.00000000000438658646290769,
    "Week_Fluctuation":  0.21629730970244776,
    "Duration":  "02:10:58.8556207",
    "Updated":  "\/Date(1640192787087)\/",
    "Failed":  0,
    "HashRate_Live":  8571176924,
    "HashRate_Average":  1616199334.0952828,
    "BlockRate_Live":  5,
    "BlockRate_Average":  5.1832951805107035,
    "Diff_Live":  0,
    "Diff_Average":  0,
    "Actual24h_Week":  0,
    "Estimate24h_Week":  0,
    "ErrorRatio":  1
}
