{
    "Live":  0.00000001106,
    "Minute":  0.00000001106,
    "Minute_Fluctuation":  0,
    "Minute_5":  0.0000000110598970371844,
    "Minute_5_Fluctuation":  8.3388681742512752E-05,
    "Minute_10":  0.0000000110838216946677,
    "Minute_10_Fluctuation":  0.011915473684501486,
    "Hour":  0.0000000119352220129089,
    "Hour_Fluctuation":  0.19868314804584705,
    "Day":  0.00000000872691635991721,
    "Day_Fluctuation":  0.22726306257486484,
    "ThreeDay":  0.00000000872691635991721,
    "ThreeDay_Fluctuation":  0.22726306257486484,
    "Week":  0.00000000872691635991721,
    "Week_Fluctuation":  0.22726306257486484,
    "Duration":  "11:44:44.0285476",
    "Updated":  "\/Date(1640192914953)\/",
    "Failed":  0,
    "HashRate_Live":  66040.941374276,
    "HashRate_Average":  72742.20821362437,
    "BlockRate_Live":  150,
    "BlockRate_Average":  147.11157626154181,
    "Diff_Live":  0,
    "Diff_Average":  0,
    "Actual24h_Week":  0,
    "Estimate24h_Week":  0,
    "ErrorRatio":  1
}
