{
    "Live":  0.00000000000000175,
    "Minute":  0.00000000000000175,
    "Minute_Fluctuation":  0,
    "Minute_5":  0.0000000000000018605862086338,
    "Minute_5_Fluctuation":  0.12876679274902791,
    "Minute_10":  0.0000000000000020946744492337,
    "Minute_10_Fluctuation":  0.19683431856056527,
    "Hour":  0.0000000000000024203894484306,
    "Hour_Fluctuation":  0.17698578572782381,
    "Day":  0.0000000000000024691261720161,
    "Day_Fluctuation":  0.17027516009691118,
    "ThreeDay":  0.0000000000000024691261720161,
    "ThreeDay_Fluctuation":  0.17027516009691121,
    "Week":  0.0000000000000024691261720161,
    "Week_Fluctuation":  0.17027516009691121,
    "Duration":  "11:44:44.0285476",
    "Updated":  "\/Date(1640192915548)\/",
    "Failed":  0,
    "HashRate_Live":  454543776279.43,
    "HashRate_Average":  410131278195.90631,
    "BlockRate_Live":  16,
    "BlockRate_Average":  16.754780563619228,
    "Diff_Live":  0,
    "Diff_Average":  0,
    "Actual24h_Week":  0,
    "Estimate24h_Week":  0,
    "ErrorRatio":  1
}
