{
    "Live":  0.00000000107,
    "Minute":  0.00000000107,
    "Minute_Fluctuation":  0,
    "Minute_5":  0.00000000107,
    "Minute_5_Fluctuation":  0.012442095208081445,
    "Minute_10":  0.00000000106542071228992,
    "Minute_10_Fluctuation":  0.025728454742864913,
    "Hour":  0.00000000103678703539825,
    "Hour_Fluctuation":  0.063310154525728649,
    "Day":  0.000000000848888006663847,
    "Day_Fluctuation":  0.15578812557055674,
    "ThreeDay":  0.000000000827447091462632,
    "ThreeDay_Fluctuation":  0.14494910682479936,
    "Week":  0.000000000827447091462632,
    "Week_Fluctuation":  0.14494910682479936,
    "Duration":  "1.12:07:13.2212229",
    "Updated":  "\/Date(1640378731406)\/",
    "Failed":  0,
    "HashRate_Live":  1641591.976,
    "HashRate_Average":  1029524.6244693823,
    "BlockRate_Live":  3,
    "BlockRate_Average":  3.403389796297744,
    "Diff_Live":  0,
    "Diff_Average":  0,
    "Actual24h_Week":  0.000000471021158319648,
    "Estimate24h_Week":  0,
    "ErrorRatio":  1
}
