{
    "Live":  0.00000029345,
    "Minute":  0.00000029345,
    "Minute_Fluctuation":  0,
    "Minute_5":  0.00000029345,
    "Minute_5_Fluctuation":  0.0026543584735619378,
    "Minute_10":  0.000000293693076376095,
    "Minute_10_Fluctuation":  0.010024172206287291,
    "Hour":  0.00000030176145613949,
    "Hour_Fluctuation":  0.051213185443750878,
    "Day":  0.000000344073409487849,
    "Day_Fluctuation":  0.056886453604964506,
    "ThreeDay":  0.000000346461531819913,
    "ThreeDay_Fluctuation":  0.048502871466662774,
    "Week":  0.000000346461531819913,
    "Week_Fluctuation":  0.048502871466662774,
    "Duration":  "1.12:07:13.2212229",
    "Updated":  "\/Date(1640378731506)\/",
    "Failed":  0,
    "HashRate_Live":  2060.368,
    "HashRate_Average":  2385.9505652919825,
    "BlockRate_Live":  72,
    "BlockRate_Average":  71.752036930024971,
    "Diff_Live":  0,
    "Diff_Average":  0,
    "Actual24h_Week":  0.000130481751006873,
    "Estimate24h_Week":  0.000130368985545504,
    "ErrorRatio":  1.00033195719243
}
