{
    "Live":  0.00000000000000324,
    "Minute":  0.00000000000000324,
    "Minute_Fluctuation":  0,
    "Minute_5":  0.000000000000002886636076088,
    "Minute_5_Fluctuation":  0.26486830702530972,
    "Minute_10":  0.0000000000000025295569853318,
    "Minute_10_Fluctuation":  0.31240725476113324,
    "Hour":  0.0000000000000026863436462164,
    "Hour_Fluctuation":  0.25074370044636374,
    "Day":  0.0000000000000024971237134759,
    "Day_Fluctuation":  0.24383444690855749,
    "ThreeDay":  0.0000000000000024971237134759,
    "ThreeDay_Fluctuation":  0.24383444690855749,
    "Week":  0.0000000000000024971237134759,
    "Week_Fluctuation":  0.24383444690855749,
    "Duration":  "11:44:44.0285476",
    "Updated":  "\/Date(1640192916062)\/",
    "Failed":  0,
    "HashRate_Live":  5187862363.7231,
    "HashRate_Average":  9552436895.0143929,
    "BlockRate_Live":  5,
    "BlockRate_Average":  5.35112901934678,
    "Diff_Live":  0,
    "Diff_Average":  0,
    "Actual24h_Week":  0,
    "Estimate24h_Week":  0,
    "ErrorRatio":  1
}
