{
    "Live":  0.00000000000010,
    "Minute":  0.00000000000010,
    "Minute_Fluctuation":  1.1102230246251565E-16,
    "Minute_5":  0.00000000000010,
    "Minute_5_Fluctuation":  0.33736398525000016,
    "Minute_10":  0.000000000000203880963958936,
    "Minute_10_Fluctuation":  0.44600474234198106,
    "Hour":  0.000000000000237192710108455,
    "Hour_Fluctuation":  0.3859083433130085,
    "Day":  0.000000000000237192710108455,
    "Day_Fluctuation":  0.3859083433130085,
    "ThreeDay":  0.000000000000237192710108455,
    "ThreeDay_Fluctuation":  0.3859083433130085,
    "Week":  0.000000000000237192710108455,
    "Week_Fluctuation":  0.3859083433130085,
    "Duration":  "00:19:30.4701514",
    "Updated":  "\/Date(1640378735908)\/",
    "Failed":  0,
    "HashRate_Live":  36005341,
    "HashRate_Average":  36005341,
    "BlockRate_Live":  20,
    "BlockRate_Average":  19.463907570653241,
    "Diff_Live":  0,
    "Diff_Average":  0,
    "Actual24h_Week":  0.000000379839453473231,
    "Estimate24h_Week":  0.00000105806383335621,
    "ErrorRatio":  0.997521324723158
}
