{
    "Live":  0.00000000000000206,
    "Minute":  0.00000000000000206,
    "Minute_Fluctuation":  0,
    "Minute_5":  0.0000000000000021869347445184,
    "Minute_5_Fluctuation":  0.092629507767427982,
    "Minute_10":  0.00000000000000238397720468,
    "Minute_10_Fluctuation":  0.13630125321966285,
    "Hour":  0.0000000000000028661005452303,
    "Hour_Fluctuation":  0.17549054912480608,
    "Day":  0.0000000000000028903335668844,
    "Day_Fluctuation":  0.44866737117856015,
    "ThreeDay":  0.0000000000000028903335668844,
    "ThreeDay_Fluctuation":  0.44866737117856015,
    "Week":  0.0000000000000028903335668844,
    "Week_Fluctuation":  0.44866737117856015,
    "Duration":  "11:44:44.0285476",
    "Updated":  "\/Date(1640192657385)\/",
    "Failed":  0,
    "HashRate_Live":  0,
    "HashRate_Average":  103982009.55548505,
    "BlockRate_Live":  1,
    "BlockRate_Average":  1.0361308164341561,
    "Diff_Live":  0,
    "Diff_Average":  0,
    "Actual24h_Week":  0,
    "Estimate24h_Week":  0,
    "ErrorRatio":  1
}
