{
    "Live":  0.00000000000153,
    "Minute":  0.00000000000153,
    "Minute_Fluctuation":  0,
    "Minute_5":  0.00000000000153,
    "Minute_5_Fluctuation":  0.025394618983786529,
    "Minute_10":  0.00000000000151520505811836,
    "Minute_10_Fluctuation":  0.0908611421147182,
    "Hour":  0.00000000000114232135372453,
    "Hour_Fluctuation":  0.23769508417930491,
    "Day":  0.000000000000897223610354015,
    "Day_Fluctuation":  0.057963341427855052,
    "ThreeDay":  0.00000000000089301689185064,
    "ThreeDay_Fluctuation":  0.047231042331649355,
    "Week":  0.00000000000089301689185064,
    "Week_Fluctuation":  0.047231042331649355,
    "Duration":  "1.12:07:13.2212229",
    "Updated":  "\/Date(1640378736668)\/",
    "Failed":  0,
    "HashRate_Live":  661047006,
    "HashRate_Average":  667281743.87091577,
    "BlockRate_Live":  78,
    "BlockRate_Average":  76.282351382218621,
    "Diff_Live":  0,
    "Diff_Average":  0,
    "Actual24h_Week":  0.000000347503492429799,
    "Estimate24h_Week":  0.000000361689381454512,
    "ErrorRatio":  0.984947762330721
}
