{
    "Live":  0.0000000000032,
    "Minute":  0.0000000000032,
    "Minute_Fluctuation":  0,
    "Minute_5":  0.00000000000316691761601615,
    "Minute_5_Fluctuation":  0.025906640809183507,
    "Minute_10":  0.00000000000308235632088166,
    "Minute_10_Fluctuation":  0.057949598314645155,
    "Hour":  0.00000000000292144995010851,
    "Hour_Fluctuation":  0.066619123601198857,
    "Day":  0.00000000000244804367426522,
    "Day_Fluctuation":  0.20512970407515005,
    "ThreeDay":  0.00000000000244804367426522,
    "ThreeDay_Fluctuation":  0.20512970407515005,
    "Week":  0.00000000000244804367426522,
    "Week_Fluctuation":  0.20512970407515005,
    "Duration":  "11:44:44.0285476",
    "Updated":  "\/Date(1640192915609)\/",
    "Failed":  0,
    "HashRate_Live":  2357352.9299517,
    "HashRate_Average":  658332.22758830187,
    "BlockRate_Live":  26,
    "BlockRate_Average":  26.279275099190304,
    "Diff_Live":  0,
    "Diff_Average":  0,
    "Actual24h_Week":  0,
    "Estimate24h_Week":  0,
    "ErrorRatio":  1
}
