{
    "Live":  0.00000000000003344,
    "Minute":  0.00000000000003344,
    "Minute_Fluctuation":  0,
    "Minute_5":  0.0000000000000334400000000004,
    "Minute_5_Fluctuation":  4.5214086388889423E-13,
    "Minute_10":  0.0000000000000334400015785684,
    "Minute_10_Fluctuation":  7.2174129654704754E-07,
    "Hour":  0.0000000000000342107534637605,
    "Hour_Fluctuation":  0.080956865108876438,
    "Day":  0.0000000000000538546525148688,
    "Day_Fluctuation":  0.37870596314855287,
    "ThreeDay":  0.0000000000000538546525148688,
    "ThreeDay_Fluctuation":  0.37870596314855287,
    "Week":  0.0000000000000538546525148688,
    "Week_Fluctuation":  0.37870596314855287,
    "Duration":  "11:44:44.0285476",
    "Updated":  "\/Date(1640186677672)\/",
    "Failed":  0,
    "HashRate_Live":  0,
    "HashRate_Average":  2578001.6798031116,
    "BlockRate_Live":  8,
    "BlockRate_Average":  8.47377466867602,
    "Diff_Live":  0,
    "Diff_Average":  0,
    "Actual24h_Week":  0,
    "Estimate24h_Week":  0,
    "ErrorRatio":  1
}
