{
    "Live":  0.00000000399245,
    "Minute":  0.00000000399245,
    "Minute_Fluctuation":  0,
    "Minute_5":  0.00000000390792988503219,
    "Minute_5_Fluctuation":  0.045000954604293236,
    "Minute_10":  0.00000000399443285792169,
    "Minute_10_Fluctuation":  0.078675502985713089,
    "Hour":  0.00000000433527840632386,
    "Hour_Fluctuation":  0.17814188961376554,
    "Day":  0.00000000449451103878563,
    "Day_Fluctuation":  0.23498279044412623,
    "ThreeDay":  0.00000000449451103878563,
    "ThreeDay_Fluctuation":  0.23498279044412623,
    "Week":  0.00000000449451103878563,
    "Week_Fluctuation":  0.23498279044412623,
    "Duration":  "11:44:44.0285476",
    "Updated":  "\/Date(1640192915082)\/",
    "Failed":  0,
    "HashRate_Live":  14465.969438143,
    "HashRate_Average":  103759.90902611369,
    "BlockRate_Live":  174,
    "BlockRate_Average":  171.63780925375463,
    "Diff_Live":  0,
    "Diff_Average":  0,
    "Actual24h_Week":  0,
    "Estimate24h_Week":  0,
    "ErrorRatio":  1
}
