{
    "Live":  0.00000000002597,
    "Minute":  0.00000000002597,
    "Minute_Fluctuation":  0,
    "Minute_5":  0.000000000029653796494059,
    "Minute_5_Fluctuation":  0.13667127760139841,
    "Minute_10":  0.0000000000316703537746819,
    "Minute_10_Fluctuation":  0.11930476831329095,
    "Hour":  0.000000000036778488747158,
    "Hour_Fluctuation":  0.15524374057899917,
    "Day":  0.0000000000382558881645171,
    "Day_Fluctuation":  0.15369284842952,
    "ThreeDay":  0.0000000000382558881645171,
    "ThreeDay_Fluctuation":  0.15369284842952,
    "Week":  0.0000000000382558881645171,
    "Week_Fluctuation":  0.15369284842952,
    "Duration":  "11:44:44.0285476",
    "Updated":  "\/Date(1640192915103)\/",
    "Failed":  0,
    "HashRate_Live":  108938713.71532,
    "HashRate_Average":  94816208.653948665,
    "BlockRate_Live":  97,
    "BlockRate_Average":  97.529779359386069,
    "Diff_Live":  0,
    "Diff_Average":  0,
    "Actual24h_Week":  0,
    "Estimate24h_Week":  0,
    "ErrorRatio":  1
}
