{
    "Live":  0.00000018055,
    "Minute":  0.00000018055,
    "Minute_Fluctuation":  0,
    "Minute_5":  0.000000190932622652052,
    "Minute_5_Fluctuation":  0.087875308997230908,
    "Minute_10":  0.000000197313068032902,
    "Minute_10_Fluctuation":  0.10714416468027821,
    "Hour":  0.000000184574781694536,
    "Hour_Fluctuation":  0.12687011254420535,
    "Day":  0.000000180722332284429,
    "Day_Fluctuation":  0.13175344868583955,
    "ThreeDay":  0.000000180722332284429,
    "ThreeDay_Fluctuation":  0.13175344868583955,
    "Week":  0.000000180722332284429,
    "Week_Fluctuation":  0.13175344868583955,
    "Duration":  "02:10:58.8556207",
    "Updated":  "\/Date(1640192787237)\/",
    "Failed":  0,
    "HashRate_Live":  0,
    "HashRate_Average":  0,
    "BlockRate_Live":  0,
    "BlockRate_Average":  0,
    "Diff_Live":  0,
    "Diff_Average":  0,
    "Actual24h_Week":  0,
    "Estimate24h_Week":  0,
    "ErrorRatio":  1
}
