{
    "Live":  0.00000000014336416,
    "Minute":  0.00000000014336416,
    "Minute_Fluctuation":  0,
    "Minute_5":  0.00000000014474716953061,
    "Minute_5_Fluctuation":  0.025939822427947682,
    "Minute_10":  0.000000000151347680142701,
    "Minute_10_Fluctuation":  0.10209638787374486,
    "Hour":  0.000000000183909293499897,
    "Hour_Fluctuation":  0.23265671851317996,
    "Day":  0.000000000187327558102179,
    "Day_Fluctuation":  0.24117158263413133,
    "ThreeDay":  0.000000000187327558102179,
    "ThreeDay_Fluctuation":  0.24117158263413133,
    "Week":  0.000000000187327558102179,
    "Week_Fluctuation":  0.24117158263413133,
    "Duration":  "02:10:58.8556207",
    "Updated":  "\/Date(1640192787127)\/",
    "Failed":  0,
    "HashRate_Live":  0,
    "HashRate_Average":  0,
    "BlockRate_Live":  0,
    "BlockRate_Average":  0,
    "Diff_Live":  0,
    "Diff_Average":  0,
    "Actual24h_Week":  0,
    "Estimate24h_Week":  0,
    "ErrorRatio":  1
}
