{
    "Live":  0.00000000000000047998,
    "Minute":  0.00000000000000047998,
    "Minute_Fluctuation":  0,
    "Minute_5":  0.0000000000000004830636551389,
    "Minute_5_Fluctuation":  0.017260443060660793,
    "Minute_10":  0.0000000000000004900495816203,
    "Minute_10_Fluctuation":  0.045616967820510883,
    "Hour":  0.0000000000000004716405178943,
    "Hour_Fluctuation":  0.1314345192070073,
    "Day":  0.000000000000000522572563133,
    "Day_Fluctuation":  0.27981562228331908,
    "ThreeDay":  0.000000000000000522572563133,
    "ThreeDay_Fluctuation":  0.27981562228331908,
    "Week":  0.000000000000000522572563133,
    "Week_Fluctuation":  0.27981562228331913,
    "Duration":  "11:44:44.0285476",
    "Updated":  "\/Date(1640192786788)\/",
    "Failed":  0,
    "HashRate_Live":  404327075.92083,
    "HashRate_Average":  42801846.49098815,
    "BlockRate_Live":  19,
    "BlockRate_Average":  19.581343932958291,
    "Diff_Live":  0,
    "Diff_Average":  0,
    "Actual24h_Week":  0,
    "Estimate24h_Week":  0,
    "ErrorRatio":  1
}
