{
    "Live":  0.00000000090654488,
    "Minute":  0.00000000090654488,
    "Minute_Fluctuation":  0,
    "Minute_5":  0.000000000902881265822296,
    "Minute_5_Fluctuation":  0.037288119467981537,
    "Minute_10":  0.000000000862530500417996,
    "Minute_10_Fluctuation":  0.10360700729009861,
    "Hour":  0.000000000686044994385128,
    "Hour_Fluctuation":  0.20625380906512747,
    "Day":  0.000000000639244680962801,
    "Day_Fluctuation":  0.20200913097994427,
    "ThreeDay":  0.000000000639244680962801,
    "ThreeDay_Fluctuation":  0.20200913097994427,
    "Week":  0.000000000639244680962801,
    "Week_Fluctuation":  0.20200913097994427,
    "Duration":  "02:10:58.8556207",
    "Updated":  "\/Date(1640192787225)\/",
    "Failed":  0,
    "HashRate_Live":  0,
    "HashRate_Average":  0,
    "BlockRate_Live":  0,
    "BlockRate_Average":  0,
    "Diff_Live":  0,
    "Diff_Average":  0,
    "Actual24h_Week":  0,
    "Estimate24h_Week":  0,
    "ErrorRatio":  1
}
