{
    "Live":  0.00000000000000000094968,
    "Minute":  0.00000000000000000094968,
    "Minute_Fluctuation":  0,
    "Minute_5":  0.0000000000000000009496810594,
    "Minute_5_Fluctuation":  1.3894328849925805E-05,
    "Minute_10":  0.0000000000000000009500557034,
    "Minute_10_Fluctuation":  0.0021475322570851394,
    "Hour":  0.0000000000000000009928640126,
    "Hour_Fluctuation":  0.0839612232170353,
    "Day":  0.0000000000000000026987569357,
    "Day_Fluctuation":  0.51201454356546694,
    "ThreeDay":  0.0000000000000000026987569357,
    "ThreeDay_Fluctuation":  0.51201454356546694,
    "Week":  0.0000000000000000026987569357,
    "Week_Fluctuation":  0.51201454356546694,
    "Duration":  "11:44:44.0285476",
    "Updated":  "\/Date(1640192528198)\/",
    "Failed":  0,
    "HashRate_Live":  0,
    "HashRate_Average":  386199337592.04889,
    "BlockRate_Live":  48,
    "BlockRate_Average":  56.312095734031836,
    "Diff_Live":  0,
    "Diff_Average":  0,
    "Actual24h_Week":  0,
    "Estimate24h_Week":  0,
    "ErrorRatio":  1
}
