{
    "Live":  0.00000000000039753,
    "Minute":  0.00000000000039753,
    "Minute_Fluctuation":  0,
    "Minute_5":  0.00000000000039753,
    "Minute_5_Fluctuation":  0.0094778143611084012,
    "Minute_10":  0.000000000000393249597032399,
    "Minute_10_Fluctuation":  0.031451519624040684,
    "Hour":  0.000000000000423676976154224,
    "Hour_Fluctuation":  0.17355933964748824,
    "Day":  0.000000000000232033321240029,
    "Day_Fluctuation":  0.77902644820847333,
    "ThreeDay":  0.000000000000204837164200315,
    "ThreeDay_Fluctuation":  0.72155065806968866,
    "Week":  0.000000000000204837164200315,
    "Week_Fluctuation":  0.72155065806968854,
    "Duration":  "1.12:07:13.2212229",
    "Updated":  "\/Date(1640378736274)\/",
    "Failed":  0,
    "HashRate_Live":  182913265,
    "HashRate_Average":  209187958.28731132,
    "BlockRate_Live":  655,
    "BlockRate_Average":  717.500980939895,
    "Diff_Live":  0,
    "Diff_Average":  0,
    "Actual24h_Week":  0.00016574252720055,
    "Estimate24h_Week":  0.000133251437164717,
    "ErrorRatio":  1.09357776055575
}
