{
    "Live":  0.00000000434,
    "Minute":  0.00000000434,
    "Minute_Fluctuation":  0,
    "Minute_5":  0.00000000426433240452383,
    "Minute_5_Fluctuation":  0.02613867903927997,
    "Minute_10":  0.0000000041840152703309,
    "Minute_10_Fluctuation":  0.031108373271095013,
    "Hour":  0.0000000039379612869813,
    "Hour_Fluctuation":  0.061569804447206333,
    "Day":  0.00000000379763501896464,
    "Day_Fluctuation":  0.11664532999733412,
    "ThreeDay":  0.00000000379763501896464,
    "ThreeDay_Fluctuation":  0.11664532999733412,
    "Week":  0.00000000379763501896464,
    "Week_Fluctuation":  0.11664532999733412,
    "Duration":  "11:44:44.0285476",
    "Updated":  "\/Date(1640192915215)\/",
    "Failed":  0,
    "HashRate_Live":  17502.798402566,
    "HashRate_Average":  18764.645155348429,
    "BlockRate_Live":  38,
    "BlockRate_Average":  36.875352786535082,
    "Diff_Live":  0,
    "Diff_Average":  0,
    "Actual24h_Week":  0,
    "Estimate24h_Week":  0,
    "ErrorRatio":  1
}
