{
    "Live":  0.00000000144,
    "Minute":  0.00000000144,
    "Minute_Fluctuation":  0,
    "Minute_5":  0.00000000164559986153907,
    "Minute_5_Fluctuation":  0.22143334509392487,
    "Minute_10":  0.00000000197061087227663,
    "Minute_10_Fluctuation":  0.26736644946841143,
    "Hour":  0.00000000197039049309537,
    "Hour_Fluctuation":  0.37260403940270531,
    "Day":  0.00000000236384901168953,
    "Day_Fluctuation":  0.34416430330469122,
    "ThreeDay":  0.00000000236384901168953,
    "ThreeDay_Fluctuation":  0.34416430330469122,
    "Week":  0.00000000236384901168953,
    "Week_Fluctuation":  0.34416430330469122,
    "Duration":  "11:44:44.0285476",
    "Updated":  "\/Date(1640192915933)\/",
    "Failed":  0,
    "HashRate_Live":  7041.062208334,
    "HashRate_Average":  7543.6820006774369,
    "BlockRate_Live":  24,
    "BlockRate_Average":  26.250020284273472,
    "Diff_Live":  0,
    "Diff_Average":  0,
    "Actual24h_Week":  0,
    "Estimate24h_Week":  0,
    "ErrorRatio":  1
}
