{
    "Live":  0.0000257796539439736,
    "Minute":  0.00013550630466736,
    "Minute_Fluctuation":  0.90462689073476532,
    "Minute_5":  0.00220720022472072,
    "Minute_5_Fluctuation":  0.77825982156371021,
    "Minute_10":  0.00220720022472072,
    "Minute_10_Fluctuation":  0.77825982156371021,
    "Hour":  0.00220720022472072,
    "Hour_Fluctuation":  0.77825982156371021,
    "Day":  0.00220720022472072,
    "Day_Fluctuation":  0.77825982156371021,
    "ThreeDay":  0.00220720022472072,
    "ThreeDay_Fluctuation":  0.77825982156371021,
    "Week":  0.00220720022472072,
    "Week_Fluctuation":  0.77825982156371032,
    "Duration":  "00:05:03.0479425",
    "Updated":  "\/Date(1640378912314)\/",
    "Failed":  0,
    "PowerDraw_Live":  84.6635963474381,
    "PowerDraw_Average":  84.78156133089449
}
